404 8
51.5175559871421 -0.0395448306677343
51.517178717759 -0.0396872385032194
51.516977377154 -0.0393021684527808
51.516275933635 -0.0400312935667455
51.5162294454365 -0.040240541654552
51.5160961838475 -0.0401957558546602
51.5155798550088 -0.0402692553078593
51.5150497388303 -0.0399749581911617
51.5150474472876 -0.0399723233701003
51.5146912541792 -0.0404668686709954
51.5143442583665 -0.0406241213964191
51.5141726126885 -0.040450386895947
51.5141033516724 -0.0404858003407177
51.5140574870577 -0.0404525943839402
51.5132799601264 -0.0405400286798914
51.5132296801889 -0.0407268474812392
51.5128514762884 -0.0408349296614972
51.5125765356152 -0.0410864016781093
51.5124852460339 -0.0410732066948652
51.5120738455948 -0.0413844755978366
51.5122903361818 -0.0426452143488181
51.5120508558285 -0.04279153573962
51.5120651670632 -0.043649325189921
51.5120399234906 -0.0436773802742974
51.5118905820769 -0.0435901432618961
51.5115636968978 -0.0439400666901578
51.511556211853 -0.0439602311162352
51.511556127319 -0.0440683656599574
51.5115503476843 -0.044099151281835
51.5113905131608 -0.0444231404147512
51.5114212059913 -0.0448135914912948
51.5113827062837 -0.0451196688058361
51.5122360410749 -0.0453893549391166
51.5122444117076 -0.0454169209788062
51.5115878589579 -0.0460206125705083
51.5115650340767 -0.046361191585432
51.5115820279427 -0.0463937356221951
51.5114820969825 -0.046908839227417
51.5114552231487 -0.0471251804620537
51.5116793724516 -0.0476182264155284
51.5114965573028 -0.0477449862910937
51.5112096373186 -0.0482174585675123
51.5112039182521 -0.0482843633815838
51.5117090259391 -0.0485465306722795
51.5115923141782 -0.0489829725362001
51.5116716696728 -0.0491813476786547
51.5116310931647 -0.0494389119748698
51.5115489493274 -0.0498945501107858
51.5112705308472 -0.0499109549525267
51.5110755483793 -0.0505281346594301
51.5109788702521 -0.0505422429689461
51.5105720936539 -0.0511873470307743
51.510814284251 -0.0516147561029025
51.510813540322 -0.0520354217310686
51.5108030143149 -0.0520511989089204
51.5107270117897 -0.0520868794944902
51.5103161445054 -0.0520259823344244
51.5100839543593 -0.0517513096041516
51.5098456918795 -0.0517984272985986
51.509655421205 -0.052228949660511
51.5098949965753 -0.0528564425465756
51.5097250452877 -0.0538994449888749
51.50979236529 -0.0541748537073715
51.5097257594847 -0.0543597242555046
51.5094667688399 -0.0550596739904489
51.5094642621496 -0.0552121074293003
51.5094655631815 -0.0552146660562073
51.5094734825426 -0.0552585297028479
51.5095638341955 -0.0568695622733271
51.5097240042881 -0.056997845879254
51.5097540208967 -0.0570569295109911
51.5098543262083 -0.057647121271021
51.5102788689431 -0.0579803013574014
51.5103628494452 -0.0589369294848251
51.5102199398954 -0.0593897724301551
51.5099497104042 -0.059547999100288
51.5095929868857 -0.0599991061021307
51.5096688488139 -0.06036244326894
51.5096643396402 -0.061275053546114
51.5096065413974 -0.0614495583071426
51.5095242741747 -0.0620583175039958
51.5095165118889 -0.0621217400957872
51.5103846875772 -0.0621875619529242
51.5100149648214 -0.063071474372888
51.5099280080812 -0.0631626144520139
51.5099685101714 -0.0643308057666697
51.5097763180144 -0.0646857880933921
51.5097702917051 -0.0647346409383746
51.5097083162885 -0.0648633352840577
51.5092854542322 -0.0661350305153893
51.5087714521886 -0.0663396557156446
51.508764633218 -0.0666785744900368
51.5090083967917 -0.0676959139477648
51.5091335084172 -0.067803260393139
51.5093404364522 -0.0680584027453061
51.5094602904957 -0.0683487174934074
51.5091823146595 -0.068828857788905
51.5091826877911 -0.0688351393976045
51.5089642531253 -0.069677528040344
51.5089064406919 -0.0696880511851405
51.5088333648294 -0.0700712376173546
51.5084285592328 -0.0703125505703069
51.5084289956225 -0.070552185276025
51.5086028203787 -0.0709267198279894
51.5087103444827 -0.0709050684434625
51.5088894809545 -0.0709740204873271
51.5092317398749 -0.0717836905440414
51.5093702769353 -0.0715868991422935
51.5096314507131 -0.0711831716487155
51.5099215852896 -0.071310531927436
51.5099842275032 -0.0713367598244121
51.5100839082139 -0.0713738998038064
51.510233787732 -0.0715990341196785
51.5098404833771 -0.0721300147516347
51.5097366897023 -0.0722856541683799
51.5097397964866 -0.0723215254934251
51.5100942742931 -0.0730109333863334
51.5104798974588 -0.0731010073779219
51.5104875709002 -0.0735681291359404
51.510653642236 -0.0738817063718642
51.5111974784818 -0.0744091603909645
51.5113548747271 -0.0742601721759696
51.5116954657513 -0.074317936216909
51.5118401947045 -0.0741694802245054
51.5119531614188 -0.0741124327941994
51.5123791928726 -0.0744187436559622
51.5126585929305 -0.0739692010480072
51.5129099955274 -0.0742126520640916
51.5130724875028 -0.0743904589716183
51.5133623536702 -0.0740089135319456
51.5137510667988 -0.0743419983811824
51.5139899566329 -0.0739986028488538
51.5141895414996 -0.0737362413372955
51.5146224960156 -0.07401517728338
51.5146916758771 -0.0742041743666299
51.5147033973963 -0.0742172269508456
51.5151111754943 -0.0746657387111213
51.5151058436008 -0.0747352437309345
51.5152310978764 -0.0751200952766078
51.5154546016737 -0.0757673543739834
51.5153785139806 -0.0760722820758295
51.5150883623515 -0.0759106538673636
51.5150743452301 -0.0759220584179619
51.5150773028963 -0.0759489090701482
51.5152841286442 -0.0764455963779381
51.5152840524389 -0.0764464314290003
51.5151192928266 -0.0766344753002707
51.5152015480831 -0.0773471050830067
51.5155907892129 -0.0773235846572652
51.5158001363892 -0.07757953517151
51.5158215419213 -0.0776020445646154
51.5158761912148 -0.077798912629867
51.5161624886509 -0.0777310064593209
51.5163099449513 -0.0774634757322898
51.5163118629917 -0.0774598298578862
51.5164956212158 -0.0772241619097163
51.5165516226728 -0.0770866851032704
51.5168250200504 -0.0772464168172123
51.5168909548467 -0.0773255198940945
51.5170646488544 -0.0773533817858696
51.517402826478 -0.0776589389236021
51.517426495115 -0.0777921126677492
51.517452499072 -0.0779306548740716
51.5174447344727 -0.0780877316974228
51.5174529998636 -0.0781477544895221
51.5174444969778 -0.0782049179210291
51.5174250238817 -0.078360704864755
51.5177545459595 -0.078835033410979
51.5177611510664 -0.0792383388198896
51.5177754166791 -0.0792530691278653
51.5180149565591 -0.0792943311181034
51.5180987547645 -0.0790809313664277
51.5183758500312 -0.0789890540688063
51.5184393942053 -0.0788783524417706
51.5185466005271 -0.0788701571387959
51.5186389342646 -0.0783491854783975
51.5186525097099 -0.0782504496465662
51.51874119311 -0.0782530153554965
51.5188124206895 -0.0788418579814234
51.5190564605589 -0.0788504847868517
51.5191710533672 -0.0779871300980436
51.5191798467687 -0.0779696462874475
51.5193761415837 -0.0778461025020873
51.5194941736589 -0.0779663959229769
51.5198776708275 -0.077910555520568
51.5200327517885 -0.0781850986895783
51.520056039281 -0.078410283793277
51.5200204248474 -0.0788045711789736
51.5203854205783 -0.0785522286182148
51.5206183521175 -0.0788596305839563
51.5206377179418 -0.0789497345560427
51.5208932384969 -0.0789128351447053
51.521047244029 -0.0788803262147993
51.5215045457413 -0.0791700926929725
51.5216985487913 -0.0791645442103407
51.5218051682092 -0.07905463674539
51.5221142155876 -0.0792615082202386
51.5225919054709 -0.078743175094063
51.5227350302757 -0.0787489176845515
51.5228515332703 -0.0784521086396866
51.522924365759 -0.0780688279534937
51.5228256158779 -0.0778414580786974
51.523192566474 -0.0767268353345529
51.5233323301735 -0.0773281785039709
51.5237835600871 -0.0780317008746867
51.5238615792907 -0.0768625502869539
51.5239895541952 -0.076920271570432
51.5241264247116 -0.0772190177995526
51.5240831424511 -0.0779461082104562
51.5243942511116 -0.0779330078596122
51.5244850485069 -0.0779877816209078
51.524594477407 -0.0780768343718094
51.5246289171787 -0.0781321987051495
51.5246366409737 -0.0781372221374759
51.5252374031581 -0.0776136643358667
51.5253425683022 -0.0778210445890883
51.5253403858119 -0.0785383410969257
51.5259792931936 -0.0788285688123588
51.5259887919706 -0.0778937928985967
51.5262691721517 -0.0780189155142611
51.5263183607947 -0.0783764050721055
51.5269010773671 -0.0786609190333729
51.526939863993 -0.077719541727287
51.5269722785621 -0.0775964589320448
51.5269501759553 -0.0774217077810085
51.526843704911 -0.077107279338324
51.5262594084344 -0.077346324589675
51.5260392410347 -0.077620424411056
51.5259417554847 -0.0777993765220776
51.5259339710347 -0.0777961384950387
51.5258355310431 -0.0769514916791994
51.5257889004151 -0.0768489768762414
51.5256146259919 -0.0767473240632236
51.5253023851933 -0.0767955446232534
51.5251710776705 -0.0771596783081777
51.5248332426891 -0.0770505342793085
51.5244846007873 -0.0764084108285862
51.524509842285 -0.0761550106570809
51.5244944291442 -0.0759168737955036
51.5243311038613 -0.0757264542507147
51.5244067657699 -0.0749628099851716
51.5243825791684 -0.0749242502823397
51.5239639357358 -0.0747337876848922
51.5239545950432 -0.074717898252099
51.5239689599192 -0.074629100436374
51.524469632041 -0.0742962159457135
51.5245213645657 -0.0741508089335104
51.524504569227 -0.0740532216321721
51.5245504389136 -0.0738026340764953
51.524546674462 -0.0737595284207687
51.5244192830186 -0.0733433142757063
51.524024219992 -0.072995929943243
51.5242497340982 -0.0725062239133342
51.5244056220041 -0.0720139864257421
51.5245440858575 -0.071883811782335
51.5246008206367 -0.0717967877810448
51.52460526963 -0.0717775824398259
51.5245258615336 -0.0709394185004546
51.5243720553199 -0.0708144616014867
51.5239423316668 -0.0709947446512649
51.5238743581594 -0.0712238018162087
51.5235634513788 -0.0715990934920595
51.5233564948643 -0.0716150868362886
51.523033828553 -0.0718547795920935
51.5229471872378 -0.0700358065847269
51.5227533921238 -0.0697097828918151
51.5228557211553 -0.0687990734113817
51.5229535992005 -0.06871030808611
51.5229656391353 -0.0686989829268885
51.5230526446572 -0.0684358418642087
51.5232355960077 -0.0672081700717849
51.5231045491215 -0.066642502205924
51.5229848634914 -0.0662917207453476
51.5231147078729 -0.0659771973822539
51.523155693178 -0.0653987761139664
51.5232051452175 -0.0645327217860304
51.5233363715726 -0.064253195588166
51.5233294467231 -0.0637247009570576
51.5232527291226 -0.0634504279951311
51.5232520036509 -0.0630090300040858
51.5233574458733 -0.0628505187068293
51.5237172223045 -0.061527946799277
51.5238889232619 -0.0612989866443169
51.5238332681231 -0.0611517096475626
51.5240102245223 -0.0596585949195948
51.5239163837096 -0.0595616742895988
51.5238700444428 -0.0588148449692639
51.5239274886539 -0.0585159721994376
51.5239324362881 -0.0584509845836653
51.5238294958357 -0.058075971863095
51.5240056346539 -0.0574747855414296
51.5241574301085 -0.0569997880899724
51.5243274403514 -0.0568646596379307
51.5243178082131 -0.0567065128091713
51.5242999879298 -0.0564936833364308
51.5242929975818 -0.0564732996568137
51.5242043181115 -0.0556139291712479
51.5243117594791 -0.0553813822650141
51.5243219071722 -0.0548710479784888
51.5242779209968 -0.0547936440389593
51.5243074565786 -0.0538264244175371
51.524333677116 -0.0537595777895317
51.5244237427 -0.0536286776806806
51.5243452112258 -0.0531923693609134
51.5243494852298 -0.0529840660625924
51.5244677928811 -0.0527348837800651
51.5255280060831 -0.0529202431446651
51.5253851998997 -0.0522460931765617
51.525363835356 -0.0522046903563135
51.5248849268232 -0.051787247892532
51.524878489553 -0.0517623243838851
51.5250873884127 -0.05081357920929
51.5252340347673 -0.0506740738296693
51.52521943996 -0.0502881622187041
51.5253062228836 -0.049954616123558
51.5255099288773 -0.0497432541903744
51.5255048225288 -0.0490469443442375
51.5256032831685 -0.0490427357184543
51.5261197373598 -0.0488197813272472
51.5263686114042 -0.0484865457845677
51.5261559192382 -0.0479955826746536
51.5260070678716 -0.0474946424283376
51.5260203901005 -0.0473174423748442
51.5263275496699 -0.0469808731897859
51.5265190138289 -0.0460671733310608
51.5265136653131 -0.0459889519859595
51.5263876919624 -0.0456907670936844
51.5265971183711 -0.0449114397322171
51.5264728638007 -0.0442851188433598
51.5265553948364 -0.0439995174854269
51.5267052882358 -0.0437263612729952
51.526740216358 -0.0433357009604038
51.5267782549267 -0.0432070036660057
51.5269569144624 -0.0430092780965125
51.5269670460783 -0.0429268265719819
51.5271300111843 -0.0414926169662719
51.5271182541519 -0.0414615031924809
51.5273845024388 -0.0404634858794522
51.5270981401945 -0.0390737593518494
51.5270774392281 -0.0386529132505714
51.5270938873132 -0.0384161390148554
51.5269645645219 -0.0383649984458227
51.5261778380516 -0.0381924648694457
51.5254872816243 -0.0372716105531977
51.524934355517 -0.0378764945150229
51.5240264675382 -0.0364054338480361
51.5240278602091 -0.0362684497521841
51.5240069319465 -0.0361567918430265
51.5236831567902 -0.0354616216538014
51.5234664060583 -0.0352898133013647
51.5230424563472 -0.035296413189115
51.5228931912316 -0.0354073112306881
51.5220890864122 -0.0353032172815858
51.5218194219524 -0.0351390414139942
51.5217652537944 -0.0351630040432179
51.5211814542875 -0.0370269851679832
51.5206764058905 -0.0371244093046169
51.5205885524603 -0.0370479638701524
51.5205774112317 -0.0370429758943931
51.5203153793933 -0.0367921830163565
51.5202171419541 -0.0367828590342213
51.5197314746279 -0.0363946748163355
51.5195116773715 -0.0365348594546515
51.5190969733645 -0.0363526792971117
51.5187392661691 -0.0358752188887023
51.5186947244342 -0.0360177275298521
51.5179972200428 -0.0369809999805554
51.5180078063949 -0.0374309563603974
51.5180524794828 -0.0375218517518891
51.5177500169742 -0.0383257427319419
51.5174780070445 -0.0386446333721735
51.5174761656917 -0.0386527936435418
51.5174414500483 -0.0387110908223659
51.5175559871421 -0.0395448306677343
51.5241404437611 -0.076242726431791
51.5241027885429 -0.0762325465553356
51.5241386970886 -0.0762129668250956
51.5241404437611 -0.076242726431791
51.5144228127811 -0.0689621791186355
51.5139742443595 -0.0691225580691183
51.5139734028505 -0.0691369722150135
51.5139748833465 -0.0691449901249147
51.5144213735205 -0.0689675874372752
51.5143194290205 -0.0694592286787041
51.5143056646805 -0.0694859536560259
51.514240405055 -0.0696120601379186
51.5142267049159 -0.0696208387149499
51.5141455567107 -0.0696719207546325
51.5141430568921 -0.0696729770855124
51.5139657576916 -0.0697921734816544
51.5136996114701 -0.0699808375650499
51.513528909179 -0.069878134948021
51.5135082053796 -0.069865582303781
51.5134961845638 -0.0698507613671104
51.5133545299404 -0.069491942569713
51.5132701636371 -0.069281973174746
51.5133447633712 -0.0689914893483997
51.5134579029409 -0.0685192286182485
51.5135926108529 -0.0683522781612951
51.5136236117644 -0.0683131787395635
51.5140561657929 -0.0684632639138306
51.5141997194521 -0.0685059124291443
51.5144465319434 -0.0688575542363217
51.5144228127811 -0.0689621791186355
6 4
51.5156143311483 -0.0789908021357082
51.5160173283379 -0.0792143714155197
51.5161041520041 -0.0789387021860231
51.5160823370439 -0.0788802018233741
51.5157284355547 -0.0787176708904265
51.5156143311483 -0.0789908021357082
5 4
51.5155438691682 -0.0777354224833119
51.5151696745593 -0.0779474897515929
51.5152161315382 -0.0780284804172714
51.5155072547901 -0.0780630470311863
51.5155438691682 -0.0777354224833119
10 4
51.5139556185655 -0.0691160969918038
51.5139555736026 -0.0691133657791803
51.5139456776943 -0.0691074861986847
51.5139459592009 -0.0691245859610295
51.513940598356 -0.0691320613421377
51.5139549687229 -0.0691476146967435
51.5139551483981 -0.0691476070990415
51.5139564061245 -0.069147553915124
51.5139592258417 -0.0691222424985587
51.5139556185655 -0.0691160969918038
8 4
51.5139586813876 -0.0691492401696138
51.5139582442731 -0.0691718365523142
51.513963829843 -0.0691725510136405
51.5139674819069 -0.0691704952881349
51.5139714832886 -0.0691514319465767
51.5139714696045 -0.0691506007076449
51.5139619155411 -0.0691491034110592
51.5139586813876 -0.0691492401696138
