51.5600056868809 -0.00314629924874231
51.5597765227997 -0.00338353525700035
51.5593045655879 -0.00328430450621209
51.55903359669 -0.0039336242215655
51.5592386770795 -0.00485435893885296
51.5592122213594 -0.00532346643087412
51.5586587920834 -0.00571463842062138
51.5585795838958 -0.00562437214193605
51.5584353330844 -0.00553148018850662
51.55793108001 -0.00407753093441808
51.5576600648748 -0.00374136011133367
51.5570674948392 -0.00582207331391892
51.5568969176266 -0.00587283023657418
51.5567567893107 -0.00586908714293795
51.5563429864681 -0.00604942440412037
51.5560775276063 -0.00665883617781219
51.5560673405152 -0.00676299886354419
51.555782299774 -0.00755357321571292
51.5546805478664 -0.00776395176976155
51.5545886165451 -0.00780317436365381
51.5538244077569 -0.0117321929350718
51.5536311378877 -0.0120832736624973
51.5528109087291 -0.012678852653663
51.5529601434788 -0.0135919431245886
51.5541443442014 -0.0160007954273886
51.5547214881019 -0.0211687583535547
51.5547947609858 -0.0212809483623992
51.5549279605678 -0.0222227516748163
51.5553379652941 -0.024024386356689
51.556069498575 -0.0273323221244945
51.5562022800591 -0.0274338624903702
51.5575857947529 -0.0283242564943839
51.5581599178416 -0.0303327051527315
51.5586271307059 -0.0316560380041061
51.5591751220994 -0.0324952370688516
51.559897739088 -0.0333800936356767
51.5602668059063 -0.0337411316172453
51.5607783955594 -0.0354674459232434
51.5611308246546 -0.0374026366332509
51.5611359699744 -0.0376242653933297
51.5612577606032 -0.0386712972484419
51.5620754079879 -0.0402051583990493
51.5651431935616 -0.0432998168102992
51.5653570640726 -0.0433051488053433
51.5669009542308 -0.044181221988467
51.5673794382121 -0.0442697839291893
51.568507062903 -0.0469153136135044
51.5695106813771 -0.0482647987180908
51.5703478999003 -0.0489341259715517
51.5707888325462 -0.0492462482094954
51.574008520518 -0.0499941491939751
51.5743524578251 -0.0480086157516763
51.5747206357372 -0.0469573919042587
51.5732952357632 -0.0393320973685027
51.57340975597 -0.0389709235003574
51.5744804127585 -0.0372742205175828
51.5744366758586 -0.0371371250799936
51.5724199756909 -0.0342007349563239
51.5718397986493 -0.0341653216230905
51.5716850390053 -0.0336101643635657
51.5716373297855 -0.033053959308062
51.5710810634873 -0.0319514622601554
51.5700956436863 -0.0315746233733823
51.5700933391474 -0.0314961973934975
51.5694598507375 -0.0306785918976236
51.5697591373261 -0.0300793383253026
51.5691933779795 -0.0291198655637696
51.5695763319869 -0.0284711794352663
51.569596624149 -0.0281005215377542
51.5702886654014 -0.027463545861054
51.5702568420213 -0.0268273172405768
51.5700715921813 -0.0266315292325637
51.5701836987358 -0.0250339105819623
51.5706903476489 -0.0251391412767552
51.5708117664316 -0.0250996128596367
51.5709060162468 -0.0248880264291658
51.5712820444543 -0.0245822459677404
51.5715680567687 -0.0234261912293438
51.5715134151838 -0.0232030907252066
51.5719274262998 -0.0226548223789331
51.5722022836335 -0.0216967361091824
51.5720218744126 -0.0209515236919166
51.5724511644849 -0.0204782387384948
51.572614240768 -0.0199985462351369
51.5734366552413 -0.0201270096488046
51.5734509833575 -0.019500396247881
51.5739778275486 -0.0188578038677815
51.5739722101343 -0.0187327533225378
51.5742041035178 -0.0181868618655576
51.5742096941277 -0.0181559195168919
51.5741228940321 -0.0178178402254764
51.5744347577339 -0.0169239870673514
51.5747838567886 -0.0167707632802653
51.5749089811269 -0.0162538938298751
51.5751680119531 -0.0161226718790858
51.5752642511361 -0.0157585309305936
51.5752456981909 -0.0146616395767585
51.575278546943 -0.0146105885344019
51.5753060706083 -0.0144307821794008
51.5757629289901 -0.0134845095954141
51.5759527320899 -0.0135231171207682
51.5762848266747 -0.0122386080304241
51.5765293649409 -0.0123029054976919
51.5772583420689 -0.0118876909136779
51.5771548063839 -0.0109451132586137
51.5771911673209 -0.010883908236346
51.5775171678932 -0.0104610357305729
51.5776852781687 -0.00942186004193874
51.5776797222819 -0.00929572665505574
51.5781386799083 -0.00880931204991777
51.5782777770984 -0.00709475141053598
51.5782862345194 -0.00708985942728807
51.5786297686521 -0.00630810854610821
51.5784765834241 -0.00544075472393031
51.5793417444302 -0.00450261852953578
51.5792896612405 -0.0039140523955938
51.5793022768576 -0.00364098366008432
51.5794406115363 -0.0034653419583446
51.5797961847715 -0.00318640188048107
51.5798081445463 -0.0031073350284097
51.579780892531 -0.0022984703931516
51.5802909088882 -0.00160229588372279
51.5802754993223 -0.00113563858821975
51.5811275363949 -0.000679700195785827
51.5811497495232 -0.000632669311832152
51.5810848837778 0.000245851652022398
51.5811889846144 0.000525568584214965
51.5812943666786 0.00129422746284975
51.5809048875253 0.00516161956393488
51.5797607850353 0.00213080419132886
51.5786006014629 0.000756404952476759
51.5783803005947 0.000711624297482777
51.577827783395 0.00147025202195712
51.5767830903344 0.00165258976292217
51.5763382995837 0.00321520408123502
51.5748278604437 0.00303241890601153
51.5747848406055 0.00300887123384869
51.5747112080633 0.0018132283472562
51.5735008180594 0.00148494992651879
51.5733259517138 0.000610447756507781
51.573360822666 0.000162802471013297
51.5731400009622 -0.000167916982090318
51.5724348593331 -0.000275492003537662
51.5721912761187 -0.000879674725947448
51.5719857768512 -0.00165625338749125
51.572225573045 -0.00219139785690422
51.572268626151 -0.00282988330239246
51.5716793304123 -0.00328416911424851
51.5712686653427 -0.00332108249438688
51.5708955003651 -0.00413020190388882
51.5706562976629 -0.00378266825689224
51.5699240751128 -0.00368838995943488
51.5697703912073 -0.00423540027004188
51.5695238206759 -0.00433733552912327
51.5695179503984 -0.00494901545192595
51.5690232870027 -0.00548119648042312
51.5692240540104 -0.00595842712850119
51.5688300309772 -0.00697494105604593
51.5689656534806 -0.00734330659615521
51.5687542008527 -0.00825890397241403
51.5680438234591 -0.0081908468866857
51.5680431623356 -0.0081889722128256
51.5675688705905 -0.00770835435924306
51.5675378983676 -0.0075626592372152
51.5683146839224 -0.00666566134989181
51.5683604577143 -0.00655539286721784
51.5682614664068 -0.00625312785201471
51.5684969556735 -0.0056312971689815
51.568787833263 -0.00529578772673049
51.568756129245 -0.00424020143174294
51.568474819048 -0.00418660950530608
51.5679393470129 -0.00343994887838649
51.5680804293933 -0.00229019670167773
51.5680486691171 -0.00209861441789821
51.5673181574035 -0.00165618235405926
51.5673287287839 -0.000271487169678105
51.566823971755 -0.000225941501535829
51.5663848286594 -0.000432824776227751
51.5662661540152 -0.000780661079354275
51.5658024539201 -0.000770427271757683
51.5657553569564 -0.000966290875518487
51.5651914885074 -0.00127154413793357
51.5652464579166 -0.00171727802898146
51.5650872034976 -0.00184156042237792
51.5647612294023 -0.00171511639892857
51.5645464710974 -0.00234945042257313
51.5640465655571 -0.0019710511534955
51.5639341783025 -0.00229241803319554
51.5638535146124 -0.00308324563336889
51.5632349496888 -0.00392558311019062
51.5632344551784 -0.00392822189960839
51.5629002118138 -0.00435136697746172
51.562832096374 -0.0044112119439808
51.5621575857893 -0.00279508044012128
51.5617875621818 -0.00329723197541065
51.5616410239704 -0.00336586521437517
51.5612206455729 -0.00318598016954586
51.5613538039767 -0.00217294896631533
51.5605215783531 -0.00200291997574181
51.560518477467 -0.00200031995911113
51.5601662831713 -0.00211853190821016
51.5600056868809 -0.00314629924874231
