51.5682509203569 0.0334732564578708
51.5654102864456 0.0321732594085568
51.5652341377677 0.0321492256671254
51.5650488052849 0.031944311317403
51.5643284057595 0.0319924946486621
51.5639950003572 0.0322499371141621
51.5638907370761 0.0322435037178928
51.5636623407726 0.0323604906780769
51.563261989911 0.0327925505557662
51.5629764046205 0.0327752932096764
51.5628365382706 0.0325977527411897
51.5624155048903 0.0322309029656282
51.5614784569652 0.0306219908065724
51.5587986917515 0.028548634731988
51.5595610941522 0.0262517064952968
51.559539766645 0.0236484579970243
51.5594399096355 0.0228703668480357
51.5596264543394 0.0217019755241052
51.5576621290428 0.0184906150438822
51.557531748711 0.0173054919785057
51.5570658383246 0.0171198991196105
51.5570148537723 0.0170211791315793
51.5570865799254 0.0165879437201787
51.556710585985 0.0157787890702767
51.5568720751101 0.0147932202222764
51.5564147341513 0.0147523126585696
51.5558329366635 0.0134670108001668
51.5558541974372 0.0134120471844858
51.5559878602234 0.0126272238751097
51.5551367657838 0.0121768133969192
51.5548818076679 0.0118517999750729
51.5549952362029 0.0111454289495822
51.5548672663875 0.0106862696913792
51.5549008904107 0.0104920977423571
51.5545219468503 0.00965852109025105
51.5538110891917 0.00944414602995801
51.5535514196756 0.00924157262303219
51.5537885787771 0.00826485350994417
51.5532035673328 0.00785683081819288
51.5525496954501 0.00793709899488519
51.5527411024593 0.00649680033867631
51.5526891831335 0.00636285651769354
51.552734867542 0.00598344746497005
51.552335318772 0.00530686600571355
51.5523605037459 0.00511149734079933
51.5529783777498 0.00484918311474122
51.5530930725719 0.0052500394681313
51.5536004799376 0.00443932990905505
51.5532928260672 0.00401916708697262
51.5533132221225 0.00348818698749551
51.553391686373 0.00330502567318258
51.5534602158461 0.0032403624787908
51.55355509264 0.00288570265691518
51.5535616823567 0.00287885599796836
51.5540827871434 0.00187032697055682
51.5541042495594 0.00178741881114386
51.5541274976769 0.00138904933411087
51.554297930524 0.00118458421535296
51.5542784122236 -0.000359721689616116
51.5542059635189 -0.000544991762754325
51.5542010794177 -0.000785934577944045
51.5535517085916 -0.00176101406399843
51.5537996012042 -0.00258151264754426
51.5536956327833 -0.0034821289132051
51.5534708566334 -0.0035334796476446
51.552969355119 -0.0039169969794338
51.5531035419235 -0.00485046453508025
51.5533149754415 -0.00509823068916326
51.5540680093556 -0.00468754066043664
51.5541461884584 -0.00440009815583501
51.554404365748 -0.00434098519664821
51.5552649257732 -0.00445924759734997
51.5553404173753 -0.00437851348584312
51.5554533207421 -0.0043672677798505
51.5556059499645 -0.00440828221540552
51.5563429864681 -0.00604942440412037
51.5567567893107 -0.00586908714293795
51.5568969176266 -0.00587283023657418
51.5570674948392 -0.00582207331391892
51.5576600648748 -0.00374136011133367
51.55793108001 -0.00407753093441808
51.5584353330844 -0.00553148018850662
51.5585795838958 -0.00562437214193605
51.5586587920834 -0.00571463842062138
51.5592122213594 -0.00532346643087412
51.5592386770795 -0.00485435893885296
51.55903359669 -0.0039336242215655
51.5593045655879 -0.00328430450621209
51.5597765227997 -0.00338353525700035
51.5600056868809 -0.00314629924874231
51.5601662831713 -0.00211853190821016
51.560518477467 -0.00200031995911113
51.5605215783531 -0.00200291997574181
51.5613538039767 -0.00217294896631533
51.5612206455729 -0.00318598016954586
51.5616410239704 -0.00336586521437517
51.5617875621818 -0.00329723197541065
51.5621575857893 -0.00279508044012128
51.562832096374 -0.0044112119439808
51.5629002118138 -0.00435136697746172
51.5632344551784 -0.00392822189960839
51.5632349496888 -0.00392558311019062
51.5638535146124 -0.00308324563336889
51.5639341783025 -0.00229241803319554
51.5640465655571 -0.0019710511534955
51.5645464710974 -0.00234945042257313
51.5647612294023 -0.00171511639892857
51.5650872034976 -0.00184156042237792
51.5652464579166 -0.00171727802898146
51.5651914885074 -0.00127154413793357
51.5657553569564 -0.000966290875518487
51.5658024539201 -0.000770427271757683
51.5662661540152 -0.000780661079354275
51.5663848286594 -0.000432824776227751
51.566823971755 -0.000225941501535829
51.5673287287839 -0.000271487169678105
51.5673181574035 -0.00165618235405926
51.5680486691171 -0.00209861441789821
51.5680804293933 -0.00229019670167773
51.5679393470129 -0.00343994887838649
51.568474819048 -0.00418660950530608
51.568756129245 -0.00424020143174294
51.568787833263 -0.00529578772673049
51.5684969556735 -0.0056312971689815
51.5682614664068 -0.00625312785201471
51.5683604577143 -0.00655539286721784
51.5683146839224 -0.00666566134989181
51.5675378983676 -0.0075626592372152
51.5675688705905 -0.00770835435924306
51.5680431623356 -0.0081889722128256
51.5680438234591 -0.0081908468866857
51.5687542008527 -0.00825890397241403
51.5689656534806 -0.00734330659615521
51.5688300309772 -0.00697494105604593
51.5692240540104 -0.00595842712850119
51.5690232870027 -0.00548119648042312
51.5695179503984 -0.00494901545192595
51.5695238206759 -0.00433733552912327
51.5697703912073 -0.00423540027004188
51.5699240751128 -0.00368838995943488
51.5706562976629 -0.00378266825689224
51.5708955003651 -0.00413020190388882
51.5712686653427 -0.00332108249438688
51.5716793304123 -0.00328416911424851
51.572268626151 -0.00282988330239246
51.572225573045 -0.00219139785690422
51.5719857768512 -0.00165625338749125
51.5721912761187 -0.000879674725947448
51.5724348593331 -0.000275492003537662
51.5731400009622 -0.000167916982090318
51.573360822666 0.000162802471013297
51.5733259517138 0.000610447756507781
51.5735008180594 0.00148494992651879
51.5747112080633 0.0018132283472562
51.5747848406055 0.00300887123384869
51.5748278604437 0.00303241890601153
51.5763382995837 0.00321520408123502
51.5767830903344 0.00165258976292217
51.577827783395 0.00147025202195712
51.5783803005947 0.000711624297482777
51.5786006014629 0.000756404952476759
51.5797607850353 0.00213080419132886
51.5809048875253 0.00516161956393488
51.5809221784804 0.00529138428376415
51.580469120131 0.00820683682049316
51.5827974291325 0.00767706206186186
51.5836960066835 0.0073549869977623
51.5846880989289 0.00850830718588724
51.5850684506528 0.0102103741897125
51.5858967708282 0.0118745351635238
51.5854244205982 0.0125150567219442
51.5852868404735 0.0127371356562725
51.584368837307 0.0130430224061741
51.5813626841229 0.0124600749951283
51.581334117499 0.0124588128747115
51.5821659809664 0.0150458400288159
51.5830476694433 0.0155043664997954
51.5835581523942 0.0162405645607719
51.5841316751425 0.0164626865423805
51.5842127081498 0.0169002057058689
51.5839039314923 0.0173691377268146
51.5838084736804 0.0177446855609969
51.5840472544131 0.0181991913159964
51.5834562039832 0.0196859048791455
51.5835201091361 0.01978073651164
51.5834855536506 0.0217874452753901
51.5839165871397 0.0217218403746511
51.5844446686795 0.0220031905740957
51.5845000366373 0.0223377050596982
51.5853104113524 0.0227020622867866
51.5855169807569 0.0228024054913876
51.585515284581 0.0237090190701145
51.5861683235611 0.0243082673876102
51.5862277088371 0.0242792474220263
51.5870489455576 0.0254517102017944
51.587710597815 0.0255514824102248
51.5877361274989 0.0257547226364695
51.5874552755403 0.026551595278438
51.5870513375791 0.0270938627675223
51.5869473729231 0.0270441253145128
51.5865949795852 0.0261894528115127
51.5860003353144 0.0260357634687372
51.5858915340414 0.0258964302385493
51.5853957747842 0.027851164218254
51.5856955791239 0.0280548262510124
51.5859003110772 0.0293324625347454
51.5850377397451 0.029793784716664
51.5849403983578 0.0297354122472298
51.5846462644518 0.0302383619299487
51.5840555955716 0.0306865469053665
51.5840573423555 0.0314219031830788
51.5841733126681 0.0317906694122416
51.58471059713 0.0320843318436981
51.5846788773114 0.0339153063076581
51.5851597957555 0.0343382332346455
51.5851544645285 0.0344020270641743
51.585350158834 0.0363261424418121
51.5861119103868 0.0374175862872308
51.5866760367743 0.0393429008470737
51.5861128813436 0.0399077893080662
51.5846404145674 0.0399690660808947
51.5838125461087 0.0394348593943101
51.582398136717 0.0396782193550287
51.5818652363131 0.0396092508495229
51.5813155899144 0.0398778756963236
51.5809440066243 0.0401119838749141
51.5798782423129 0.0400236705172889
51.5798622274621 0.0400347347656876
51.5797366748518 0.0400480335898703
51.5784580344111 0.0398816473470415
51.5777967372983 0.0403463587279043
51.5752659371986 0.0386554096122391
51.5748009306877 0.0386318651903157
51.5741081951678 0.0397418609908906
51.5727544781621 0.0407806906422215
51.5727028560439 0.040797297268495
51.5710885354132 0.0426505972130722
51.5709287659157 0.0446078194877781
51.5706926683249 0.0451763055853349
51.5697015561238 0.0466226207724488
51.5691737376589 0.0470561433745186
51.5667769042981 0.0478539657225205
51.5662245117685 0.0442939727343631
51.5661884608178 0.0429829815785681
51.5663789870283 0.0414835830506204
51.5671685222657 0.03910382759681
51.5679206498178 0.0380886109683205
51.5679278351497 0.0374937076185081
51.5680367990549 0.0344314346047849
51.5682080483788 0.033794239438322
51.5682509203569 0.0334732564578708
