51.5489134876977 0.067000497597549
51.5485671619975 0.0672264522676962
51.5482550880823 0.0675034282704355
51.5481793776348 0.0676623249695476
51.5471257824849 0.0683429391543516
51.5465221191445 0.068280361356285
51.5460096587825 0.0685365754080063
51.5444372795778 0.066945437692741
51.544321307077 0.0667770341397888
51.5437397940754 0.0665542425451054
51.5437361424537 0.0665522934300972
51.5440983765177 0.0647947797080775
51.5440829697257 0.0625992093891663
51.5436444418504 0.0620718678323948
51.5433592653173 0.0614892780065438
51.5431127586216 0.0612230764748918
51.5429788165569 0.0605571985287413
51.5429873914536 0.0604016964423772
51.542851671714 0.0596780719518163
51.5426841508015 0.0591269787481959
51.5421084386762 0.0592028918735546
51.5412937158921 0.0589335349931866
51.5411568817369 0.0584983529093962
51.541092861031 0.0577662265155655
51.5410296357664 0.0574857342382789
51.5410138220638 0.0570443641294533
51.540843402052 0.0569194403792263
51.5402589445417 0.0560891919111463
51.540178816965 0.0558854691713047
51.5401140493937 0.0555336938913112
51.5402131551383 0.0544232204334827
51.5395974117881 0.0541414005477799
51.5391938841712 0.053507571841679
51.5390115437465 0.0529180698137781
51.5390136875728 0.0528983102694299
51.5395918046797 0.0521194940362457
51.5396657790683 0.0518479249894954
51.5402269336649 0.051252143617672
51.5402995226243 0.0512293683140734
51.5404284865574 0.0508205562487892
51.5404375081711 0.0503044515351647
51.5406757485301 0.0496869973082086
51.5402947736151 0.0478014589905568
51.5403504399914 0.047676852019194
51.5403951411209 0.0471245382395544
51.5405444180804 0.0466121103135051
51.540770605574 0.0461382052610001
51.5414174972387 0.0455011200406033
51.5424980092458 0.0467438803032349
51.5432713420053 0.0465478982321833
51.5438341859855 0.0465082277603401
51.5441657979378 0.0458091615157444
51.5441699335709 0.0458039959928038
51.5440300610365 0.0438020340883321
51.5443815646036 0.043296830964741
51.5445932002997 0.0425581134178733
51.5446014813063 0.0425575329715439
51.5455375560317 0.0408669801410195
51.545959541253 0.0417665572792118
51.5463959257617 0.0420348691009368
51.5463968828782 0.0420366957172516
51.5475043459404 0.0423946446697025
51.5478362742643 0.0435967003744647
51.5478028472599 0.0439260409711217
51.5493716136319 0.0450304095348315
51.5494172885031 0.0449836984747315
51.5495272620369 0.0448327187424349
51.549841750521 0.0442644382939465
51.5498377132808 0.0441091772465673
51.549696402702 0.0431742682550583
51.5498649271513 0.0429132831459619
51.5500818130716 0.0423685618830337
51.5500863011059 0.0416871920399152
51.5500054656934 0.0415537046689312
51.5499663900904 0.0407613304632438
51.5500793256233 0.0404914254759155
51.5503458410144 0.0400337059876413
51.550426096861 0.0399886549513096
51.5503664810051 0.039120550853398
51.550915388626 0.0375232604426984
51.5517050988058 0.0372528951296739
51.5529158681336 0.0386511888994711
51.552842586262 0.0397794522037677
51.5558763032281 0.042336842841561
51.5563837227209 0.0424235657305832
51.5565718025224 0.0420461374890684
51.5571995844129 0.0398029915346293
51.5572409363867 0.0384479096128755
51.5580111517498 0.0363336794510567
51.5582746416635 0.0345412414439713
51.5583540285178 0.0343284171651676
51.5585149336905 0.0289507823870933
51.5587986917515 0.028548634731988
51.5614784569652 0.0306219908065724
51.5624155048903 0.0322309029656282
51.5628365382706 0.0325977527411897
51.5629764046205 0.0327752932096764
51.563261989911 0.0327925505557662
51.5636623407726 0.0323604906780769
51.5638907370761 0.0322435037178928
51.5639950003572 0.0322499371141621
51.5643284057595 0.0319924946486621
51.5650488052849 0.031944311317403
51.5652341377677 0.0321492256671254
51.5654102864456 0.0321732594085568
51.5682509203569 0.0334732564578708
51.5682080483788 0.033794239438322
51.5680367990549 0.0344314346047849
51.5679278351497 0.0374937076185081
51.5679206498178 0.0380886109683205
51.5671685222657 0.03910382759681
51.5663789870283 0.0414835830506204
51.5661884608178 0.0429829815785681
51.5662245117685 0.0442939727343631
51.5667769042981 0.0478539657225205
51.5663622323446 0.0485468896984131
51.5647562732635 0.049466638423866
51.5640335471669 0.0509130948608005
51.5623114451122 0.0526535396672253
51.5608224252067 0.0531924439042247
51.5593883071732 0.0534091691567887
51.5587764983854 0.0534058759033535
51.5587455828022 0.0535542411586841
51.5585791991295 0.0552625912687056
51.5583864050954 0.0565478256882486
51.5583220691332 0.0572689645612792
51.5584017091026 0.0584844111818155
51.5580612742521 0.059733100645611
51.5578278948297 0.0623275077316073
51.5572109125128 0.0636358356363908
51.5567725084512 0.0639144232977348
51.5566362440599 0.0643626223272551
51.5563520321871 0.0650133400674564
51.5563443809252 0.0650598573392081
51.5555694522969 0.066432194020904
51.5548170542023 0.0666984147628738
51.5546773877573 0.0666451025816278
51.5544835066549 0.0667400289515149
51.5542697552046 0.0667023889860079
51.5535585713151 0.0668693706738852
51.5533566364261 0.0670233967876603
51.552924175905 0.0674590740711331
51.5526484876932 0.0674313498020692
51.5522609079493 0.0675291411546006
51.5521029575018 0.0674471703278487
51.5512256419114 0.067373972319884
51.5505307911573 0.0678230594744263
51.5503464995125 0.0680165233272229
51.5499332655313 0.0678509076259085
51.5495135213832 0.0675037566640791
51.5489134876977 0.067000497597549
