51.5217706221596 0.0416222794897072
51.5216309231162 0.0419781758211741
51.5215977916919 0.0420325545060182
51.5200329726457 0.0425382579589922
51.5195016766688 0.0408172280758855
51.5193485161084 0.0395905368878876
51.5195094838879 0.0376121476813562
51.519854686816 0.0368212903001146
51.518564492721 0.0350511735135846
51.5184743040316 0.0346272755689077
51.5176656033999 0.0337741929944944
51.5173485112424 0.0332510690331139
51.5172691217167 0.0324007889737383
51.5165132690567 0.0312050114692133
51.5162379892359 0.0302964837440886
51.5162478669471 0.0301724989718695
51.5177111262734 0.0299061165116946
51.517988908365 0.0293301941531262
51.5173926462693 0.0281784981696811
51.5178394971121 0.0277965424417924
51.5180731088228 0.027367317419842
51.518097678337 0.0272981720661606
51.5179476945134 0.0266599801847249
51.5175665093839 0.0264520795778884
51.5166586488238 0.0263189694821421
51.5166769245883 0.0262342160540285
51.5174680523059 0.0246622314356691
51.5175574962089 0.0238761369625554
51.5177404208577 0.0236014012911153
51.5178220593798 0.023345586526209
51.5179472592291 0.0232484550559127
51.5180756984898 0.0233387635968424
51.5193143091743 0.0233936605116583
51.5194041726662 0.0236616021131548
51.5199744602684 0.0232734098710584
51.5203099903228 0.0230117193606495
51.5203318597579 0.0223378631838809
51.5204056066487 0.0219555831177744
51.5204562354455 0.0218713032386128
51.5206436546568 0.021658900030132
51.5206595277684 0.0216298905123444
51.5204265036993 0.0210456472587953
51.5199950840035 0.0205490150060237
51.5196625389661 0.0203820526999909
51.5196549961213 0.0203502243313976
51.5194903089121 0.0200050541241652
51.5194935059476 0.019584477577593
51.520449259612 0.0194322045774439
51.5205947126949 0.0190305090811815
51.5199910544903 0.0187416310785026
51.5199702103647 0.0184588015729945
51.5197450029994 0.0177903097878982
51.5198866827532 0.0174874488193271
51.5199786754687 0.0169006015498263
51.5199645496787 0.016781010526872
51.5198779715131 0.0166609524061125
51.5201091497873 0.015146815015653
51.5196064339833 0.0150886130856326
51.5194905638098 0.0149204406186068
51.5196950704982 0.0139583655140911
51.5196855047114 0.0139290636096395
51.5197517475986 0.0129400850499363
51.5197040336354 0.0127920366107422
51.5197037258647 0.0125532587614587
51.519841381026 0.012384621341
51.5207005173435 0.0126441501711005
51.5208642765089 0.0128351128995661
51.5208523539523 0.0129274092898258
51.5208085445157 0.0130128323801723
51.5207914748679 0.0134940170883434
51.5212941528159 0.0145910825461945
51.5212264321965 0.0148123662869465
51.5218100614621 0.0155454201939253
51.522285420622 0.015333099287744
51.5226122082924 0.0162016191129471
51.5230558730434 0.0168969133219495
51.5231375457103 0.0168212449746496
51.5236729232201 0.0159312415812128
51.5236997269029 0.01437110961245
51.5237807199301 0.0141673957012049
51.5249242490325 0.0149846307797194
51.5257808907347 0.0146458916721575
51.5245877474749 0.0132308523190549
51.5246961592916 0.0129275482078872
51.5243652418232 0.0118371571834027
51.524755644896 0.0111263450082482
51.5246715076453 0.0105856271433081
51.5251236384849 0.00971895679446678
51.5265774014586 0.00976763841144771
51.526974646346 0.0106347873909927
51.5272877331768 0.0120263688346918
51.5274084169179 0.012244343127298
51.5278844995504 0.0120418614877378
51.5289041068229 0.0113055927826527
51.530458907096 0.0129114167034042
51.5304098504056 0.0134021095037538
51.5309911403039 0.0150884657592361
51.5314946692473 0.015376631913715
51.5315325763318 0.0153313492503913
51.5315475252368 0.0153194083844149
51.5320387111421 0.0154835197434858
51.5328925462769 0.014889496749414
51.5329330141426 0.0140145302011494
51.5329371810334 0.014007462331017
51.5329491757075 0.0140052574781726
51.5329506865487 0.0140062752197684
51.5335728505324 0.0146159097588588
51.5336015162823 0.015119101936266
51.5344038521981 0.015837654437269
51.5344834337946 0.0161556236713455
51.53445667508 0.0164780485008537
51.5345454242179 0.0167594509099605
51.5346705944765 0.0173642900505461
51.5345993900479 0.0176676304437105
51.5345306531401 0.0178483886281843
51.5343569490833 0.0184345401226097
51.5350749046338 0.0197190193411845
51.5347160557834 0.020379955458118
51.5347667351204 0.0207102080633556
51.535248278089 0.0211100746005787
51.5353119208056 0.0214183175240238
51.5354729649704 0.0216147232473644
51.5356030308031 0.0219341154089152
51.5360944581592 0.0217603198732523
51.5367050678405 0.0223182306948853
51.5369529642494 0.0221751346875456
51.5373100811729 0.0218187086700485
51.5377562232172 0.0235987144263907
51.537204308754 0.0241726227441641
51.5373253813437 0.0248043252951789
51.5377494021394 0.0251556927846944
51.538000909102 0.0255535048002348
51.5379652265004 0.026463965168502
51.5379525202466 0.0264761225343463
51.5376452422082 0.0266580544341588
51.5376402610109 0.026675786191477
51.537632929026 0.0275370874616175
51.5379859812207 0.0289299418969836
51.5373434523734 0.02924734678585
51.5371405857255 0.0294321189792869
51.5371505835174 0.0295921182349131
51.5376704953139 0.0304173100297748
51.5379926231776 0.0306191447693621
51.5378804986316 0.0318506621200274
51.5382455654784 0.032158097930844
51.5382680478697 0.0321888234294946
51.5380516700475 0.033163401505688
51.5377633935481 0.0332235553104559
51.5374289268211 0.0336663903348676
51.5374385504733 0.0342157524941741
51.5371212084754 0.0345107245891431
51.5371519942942 0.0355034287958549
51.5368040689813 0.0356437733137251
51.5367074939414 0.0357486070671387
51.5364436088171 0.0356205564086107
51.5359009017302 0.0360541871095152
51.5358631724825 0.0360525033618954
51.5358271236744 0.0361093883625119
51.5351260582928 0.0360637162319089
51.534892463477 0.035728848431045
51.5344141893878 0.0367646437171984
51.5340242723187 0.0368121491088568
51.5336933283308 0.0365801742445919
51.5334856954264 0.0369610826943256
51.5333487089871 0.0376947779653388
51.5332172588021 0.0379647160189733
51.5329931102728 0.0381213776395064
51.5325287668075 0.0384268466368155
51.5324040494 0.0392558186878859
51.5319242852571 0.0395173109550096
51.5315843474449 0.0396012618501644
51.5314122370516 0.0394070488602856
51.5312081421005 0.0387410087725502
51.531191825139 0.0379779171225165
51.5309291521913 0.0375318092185036
51.5298644350489 0.0382934461877826
51.5298510712257 0.0383433708042784
51.5292754867121 0.0383247935714277
51.5290118261971 0.038618517974661
51.5284411722468 0.0384714213893865
51.5283514734249 0.0397216152354195
51.5275793212785 0.0389816209790277
51.5272742530464 0.0398780408050059
51.5264151662522 0.0390863938461733
51.5261015891218 0.0400067772094971
51.5259712451916 0.0402541316589933
51.5259531662673 0.0402649721494255
51.5258268473117 0.0403170930394977
51.5257748941462 0.0403940525264294
51.525558290481 0.040432033159551
51.5246577041294 0.0402692266882795
51.5244098959174 0.039382388592095
51.5242999369604 0.0393829429999015
51.5236619574731 0.0399797499972279
51.5219470628177 0.0396607664111335
51.5217706221596 0.0416222794897072
