51.5085035355923 0.00395055223161603
51.5085458599172 0.0036780583626394
51.5080912175492 0.00344198379450775
51.508124161068 0.0030975526224374
51.508277862009 0.00304666757311393
51.5083513189967 0.00243025558439522
51.5081952520232 0.00203523696228887
51.5079979060159 0.00153563548417431
51.5078552425248 0.000649905058056231
51.5077759039766 0.0001571450011533
51.5076076280587 -0.000887960205464619
51.5074968406754 -0.00181469755551162
51.5074792977143 -0.00196172666432832
51.5074486873052 -0.00204885037238018
51.5074172189394 -0.00213838779453957
51.5072377462722 -0.00264858687387723
51.5065669021917 -0.00358826840195883
51.5064030527165 -0.00381772848087109
51.5061636276394 -0.00416526178036948
51.5061306379315 -0.00421303992843231
51.5058856833713 -0.004568533317235
51.5056929288832 -0.00484819897142473
51.5053271600631 -0.00537897841563383
51.5052498655599 -0.00549118326943682
51.5048278737011 -0.00591961778632729
51.5047106013469 -0.00603879324291253
51.5043895280777 -0.00639093457991526
51.5042637566357 -0.00674001332124736
51.5041685428694 -0.00700399823847497
51.5040791987099 -0.00703676648810512
51.5039585916714 -0.0070232574246765
51.5037098093019 -0.00699526284693552
51.5030604569788 -0.00718588075519056
51.5030353204188 -0.0071932739765085
51.5029624139955 -0.00721463156134437
51.5026718642437 -0.00729989544594097
51.5022915891683 -0.00737434073095599
51.5020086221129 -0.0074296900431201
51.5015896451133 -0.0076496876919652
51.5015803648732 -0.00777019904644104
51.50155279806 -0.00812673127181218
51.5015564734476 -0.00816316132860477
51.5015701092025 -0.00829906770053397
51.5015744324126 -0.00834188472746688
51.5015542769843 -0.00835143586921107
51.5012711066632 -0.00848483789197173
51.5010451433259 -0.00788952978638149
51.5010434062225 -0.00788782356257019
51.5008074153149 -0.00765493560011145
51.5007267204767 -0.0076729482519999
51.5005010785554 -0.00778994391127363
51.5002304970122 -0.00780174379820147
51.4999528185276 -0.00781385298611908
51.4995559982508 -0.00760235917496413
51.4995052846294 -0.00757534748688356
51.4988814615861 -0.00741664298287501
51.4986833622346 -0.00736624334520839
51.4984737098377 -0.0072232153148872
51.4982466850525 -0.0070683545211818
51.4978799740645 -0.00695700792924208
51.4976765562419 -0.00689520189663461
51.4975415466007 -0.00685416987559612
51.4969592366832 -0.00664140351630053
51.4969083857358 -0.00659575067593662
51.4968851965113 -0.0065749055071729
51.4963474647079 -0.00609174354629549
51.49619505937 -0.00601108696954956
51.4960207899227 -0.00591879389180376
51.495894759435 -0.00644290976490652
51.4958070087079 -0.00638960300396254
51.4955403982036 -0.00622781113413088
51.4955961840984 -0.00580761260509673
51.4952976825269 -0.00570542074115562
51.4952329135177 -0.00612600864788408
51.4951101324568 -0.00602695628314219
51.4948773285812 -0.00583898671659275
51.4948486485493 -0.00563272570271277
51.4948056308544 -0.0053235127265196
51.4948269243551 -0.00519061605881497
51.4948381362863 -0.00512040135958327
51.494362375828 -0.00485597910185726
51.4936125194942 -0.00443914140438395
51.4936079792972 -0.00443648898649307
51.4933853954999 -0.00430510078203246
51.4931820917238 -0.00409162756441454
51.4928452360656 -0.00373801311545716
51.4927405741565 -0.00368949214922705
51.4918365901676 -0.0032707516844614
51.4917937286651 -0.00325088880249445
51.4911925453891 -0.0032025679859656
51.4907035341994 -0.0031633618116138
51.4902730428258 -0.00324523930566911
51.4900814557923 -0.0032817587929018
51.4898794721949 -0.0033201574204828
51.4893167667487 -0.00354641016873885
51.4892168529811 -0.00370814211064388
51.4891155379943 -0.00387207235113405
51.4889194666913 -0.00424726973795801
51.4889152001325 -0.0042554134379427
51.4887301317729 -0.00447953126912371
51.48859954422 -0.00473012885703999
51.4888315661167 -0.00515207235396378
51.4887178993185 -0.00529290254221653
51.4886025598021 -0.0054358240440427
51.4881308930887 -0.00485189540810534
51.4879279607324 -0.00518331822338348
51.4876233847366 -0.00568069211934372
51.4875889960771 -0.00573611129275795
51.4874396262985 -0.00597671089962562
51.4870064242166 -0.00694629991406118
51.4868256471241 -0.00758195593679576
51.4868197953556 -0.00760263799408588
51.4867100123121 -0.00823685760371403
51.4864938785124 -0.00948566128659212
51.4863707369858 -0.0101968160505256
51.486258491298 -0.0114128160621791
51.486204953328 -0.0119932678209017
51.4862027063356 -0.0120304185909134
51.4861627639386 -0.0126865213834239
51.4861596927827 -0.0127599295961232
51.4861409323274 -0.0132072812012875
51.4861179256186 -0.0137543373966347
51.4861753373927 -0.014702513279024
51.4861882188648 -0.0149164336885009
51.4862552433079 -0.0160241645065439
51.4862501675263 -0.0160748577423337
51.4862321898295 -0.0162556778498591
51.4863712160356 -0.0173423554408975
51.4863916243257 -0.0175019151069831
51.4864516033873 -0.0179707918589185
51.4864704506873 -0.0181178311635391
51.4866279839478 -0.0187897178487102
51.486664316814 -0.0189447884491112
51.4866665061378 -0.0190743803776021
51.4866702330096 -0.0190980897793816
51.4866866603821 -0.0192030749903422
51.4866978329561 -0.019332277698451
51.4867100260103 -0.0194101315247604
51.4867179869193 -0.0194609725205709
51.4867381427468 -0.0195897861340097
51.4867672819707 -0.0197182106356603
51.486787435514 -0.0198469058343957
51.4868163299822 -0.0199608523700867
51.4868545421782 -0.0200888842888857
51.4868834364144 -0.0202028311502253
51.4869213160847 -0.0203165077192246
51.486951215762 -0.0203888447988577
51.4869681771834 -0.0204296767120078
51.4869684195996 -0.0204440363647157
51.4870152805775 -0.0205572056069963
51.4870621434515 -0.020670493758149
51.4871087618401 -0.0207693037683426
51.4871646958882 -0.0208820808004936
51.4872113141023 -0.0209808912503388
51.4872669157784 -0.021079312934222
51.487267158116 -0.0210936726863988
51.4874310500731 -0.0217491540484558
51.4874520316026 -0.0217885064913819
51.4876261085338 -0.0221152905560547
51.4880760752659 -0.0226650555884544
51.4881954048831 -0.0228108428284022
51.4884118253907 -0.0231324790021297
51.4887048707487 -0.0235679076310291
51.4887866611537 -0.0236894314210461
51.4890808125251 -0.0241266007858958
51.4890994614003 -0.0241609495729362
51.4893406860355 -0.0246050445349455
51.4896705328045 -0.0250427014418155
51.4898558248609 -0.0252886221984772
51.4906530077247 -0.025952549328416
51.4909411337944 -0.0261924933407642
51.4910493165091 -0.0262424559077981
51.4911405581034 -0.0262847175505773
51.4913362416288 -0.0264217626904296
51.4913447002154 -0.0264275735768632
51.4915864156639 -0.0265968388182145
51.4920359952119 -0.0268416976553445
51.4923216197099 -0.0269971941900634
51.4923854391943 -0.0270393358710153
51.4925670834862 -0.0271595338513084
51.4931198611643 -0.0274093317195146
51.4931203143358 -0.0274095497117925
51.49361922201 -0.0276903043498293
51.4937554288185 -0.02777089643614
51.493798609903 -0.0277031102013864
51.49387814045 -0.0275782848273971
51.4940670614514 -0.0270515366327643
51.4940294352443 -0.026610587523213
51.4939886726559 -0.0261329528712515
51.4942308331279 -0.0260936283967514
51.4942811989413 -0.026639743488889
51.4943737799003 -0.0276433622034686
51.4944938259342 -0.0279497430507566
51.494618093405 -0.0282666336458648
51.4954175693427 -0.0282177611429558
51.4958846890587 -0.0281800225571754
51.4969511724299 -0.0280938460790171
51.4973304885796 -0.0280632202665737
51.4984034818381 -0.0278188828807834
51.4984233634625 -0.0278143421093435
51.4988152763586 -0.0278057393928753
51.4995483289806 -0.0277897747638931
51.4997717401523 -0.0277848818322604
51.4998980849458 -0.0278082946602311
51.4999996111553 -0.0278046245191979
51.5005151516985 -0.027786169603465
51.5012574651511 -0.0277595868087666
51.5016653685808 -0.0277449460508371
51.5017600652564 -0.0277414515797849
51.5018662648762 -0.0277376980527532
51.5022344868455 -0.0276888920683019
51.502350829869 -0.0276735330515147
51.5029520911497 -0.0276043276927947
51.5030510000847 -0.027600056857477
51.5030217881304 -0.0269430294625322
51.5030075791291 -0.026622161715855
51.5033643459528 -0.0264482641619322
51.5033997762095 -0.0269510573547863
51.5034381330485 -0.0270935102036956
51.5035664582652 -0.02751792170592
51.5035714092538 -0.0275343405646761
51.5036564278345 -0.0276128822787913
51.503854591382 -0.0277959585895945
51.5039267912218 -0.0278072167193493
51.5041873142863 -0.0277959681832625
51.504152614448 -0.0273363796392129
51.5043389295118 -0.0273708659789646
51.5044833093036 -0.0273975402292959
51.5045314671756 -0.0274065095348854
51.5045316408794 -0.0274114919343347
51.5045497428561 -0.0279533027121079
51.5054744750098 -0.0284032291150713
51.505655472509 -0.0279343142566009
51.5058947041337 -0.0282554669129086
51.5057761053366 -0.0286928189618326
51.5058369595855 -0.028745795830275
51.5062963352532 -0.0291459689500593
51.5065167878092 -0.0286066720981385
51.5067281743985 -0.028089741773327
51.5068311992983 -0.0283302864008027
51.5067026662455 -0.0288077595253931
51.506652147263 -0.0289952876157059
51.5065603358907 -0.0293363205251617
51.5071862251672 -0.0300801802978758
51.507496278455 -0.0304486779594706
51.5073597064728 -0.0308869333572543
51.5074825752591 -0.0310567689472713
51.5078752930348 -0.0315995796878134
51.5082094209685 -0.0315494150075247
51.5082789200657 -0.0315390528728766
51.5082865069166 -0.0315143684094486
51.5085687361436 -0.0305898031915804
51.5087759323852 -0.0306097411051105
51.5085323970683 -0.0316382714217324
51.5084484472676 -0.0319928758995167
51.5082888267249 -0.0321293833964413
51.5083399469303 -0.0323578045071758
51.5084515132454 -0.0328561890384741
51.5086861000824 -0.0339038014935114
51.5087457692224 -0.0341704743819177
51.5089784615468 -0.0352237661006593
51.509213279946 -0.0362864824963108
51.5093197921799 -0.0367685872034894
51.5094518009509 -0.0376355250935963
51.509542099722 -0.0382289533391549
51.5096340503063 -0.0388460769992152
51.5097798832655 -0.0398256692674763
51.5098257520581 -0.0401334661728594
51.5098229713803 -0.0404566590890348
51.5098195744013 -0.0408398828551659
51.5098396016153 -0.0415545623378644
51.5098417847376 -0.0416314645717696
51.509835607486 -0.0424892587573715
51.510041961328 -0.0424804135983359
51.5104097158351 -0.0418755292558944
51.51067601061 -0.0419460987717637
51.5108497609658 -0.0418098442942896
51.5113297324773 -0.0421378941894872
51.5119039304347 -0.0413304491821802
51.5120738455948 -0.0413844755978366
51.5124852460339 -0.0410732066948652
51.5125765356152 -0.0410864016781093
51.5128514762884 -0.0408349296614972
51.5132296801889 -0.0407268474812392
51.5132799601264 -0.0405400286798914
51.5140574870577 -0.0404525943839402
51.5141033516724 -0.0404858003407177
51.5141726126885 -0.040450386895947
51.5143442583665 -0.0406241213964191
51.5146912541792 -0.0404668686709954
51.5150474472876 -0.0399723233701003
51.5150497388303 -0.0399749581911617
51.5155798550088 -0.0402692553078593
51.5160961838475 -0.0401957558546602
51.5162294454365 -0.040240541654552
51.516275933635 -0.0400312935667455
51.516977377154 -0.0393021684527808
51.517178717759 -0.0396872385032194
51.5175559871421 -0.0395448306677343
51.5174414500483 -0.0387110908223659
51.5174761656917 -0.0386527936435418
51.5174780070445 -0.0386446333721735
51.5177500169742 -0.0383257427319419
51.5180524794828 -0.0375218517518891
51.5180078063949 -0.0374309563603974
51.5179972200428 -0.0369809999805554
51.5186947244342 -0.0360177275298521
51.5187392661691 -0.0358752188887023
51.5186402134535 -0.0351623770335512
51.518735137536 -0.0341691527663828
51.5183422336787 -0.0336573383644449
51.5181599756065 -0.033698464189748
51.517372220889 -0.0332828178676991
51.5173564069747 -0.0332565223010954
51.5166329036531 -0.0328768635824582
51.5161878441192 -0.033232942827447
51.5161495396185 -0.0324338669153698
51.5165967486794 -0.031954214286283
51.5166416996618 -0.0319756878736653
51.5170246472399 -0.0318132457659997
51.517470759572 -0.0307382324554501
51.5173989527923 -0.0305576021051609
51.5170526575298 -0.0303274925987217
51.5169652847315 -0.0287655514669608
51.5176990923813 -0.0286555516720182
51.517744934647 -0.0285535076487676
51.5179597192655 -0.0283884308547502
51.5179818262088 -0.0279226843962567
51.5178708553621 -0.0274769482146082
51.5173300638221 -0.0269507944591443
51.5176030728397 -0.0264633934662338
51.5176077532124 -0.0262767292532685
51.5178076604405 -0.0259383010951189
51.5185907997772 -0.0262063014628873
51.5186880338133 -0.0259102166166737
51.5184886277561 -0.0250180050225778
51.5181792124086 -0.0249232433677133
51.5180479813848 -0.0247324741385445
51.5178539556339 -0.0239733877298274
51.5180166938349 -0.0232862093241117
51.5174069183857 -0.0232927641484821
51.5171729604358 -0.0227785708394464
51.5172339665759 -0.0226110973069017
51.5172452187075 -0.0219241880793396
51.5170724210807 -0.0214173355371514
51.5169145849152 -0.0212538786229882
51.5170809005686 -0.0208755332757767
51.5172474729951 -0.0197295838903468
51.5175151861673 -0.0197342531894479
51.5175955933702 -0.019635217146741
51.5175916861674 -0.0187544160249794
51.5181185934487 -0.0186585805429792
51.5180418178231 -0.0177699996007455
51.5182595493872 -0.0175408051489544
51.5184334923054 -0.0172846311957014
51.5184484547556 -0.0170316764802974
51.5187962872439 -0.0165535500437213
51.5197220263201 -0.0161673657531563
51.5197772780343 -0.0159685105481834
51.5201114375351 -0.0154954723354451
51.5202473951647 -0.0143391105477002
51.5204625179377 -0.0140730397310427
51.5207823920191 -0.0131338790622604
51.5206659671555 -0.0124226409119624
51.5207746799593 -0.0117927580799657
51.5215636927055 -0.0109151394679076
51.5207530356417 -0.00966843081329394
51.5202744755063 -0.0105045961883431
51.5200460030565 -0.0105820587950506
51.5196250152714 -0.00905717974209057
51.5196323915239 -0.00898329188847228
51.5191691008825 -0.0081077581658069
51.5189529458424 -0.0077617238862664
51.5186607317754 -0.00729386951417669
51.5182118008019 -0.00680909447798026
51.5178661795569 -0.00657913113182366
51.5172307283186 -0.00648732301713332
51.5169466627015 -0.00644624857137041
51.5166997059567 -0.00619772473208072
51.5166447345339 -0.00614236955212427
51.5164506964283 -0.00583378212263369
51.5164722512558 -0.00572148888367062
51.5166489079269 -0.00480180139395352
51.5169283794254 -0.00431387246013574
51.5173446521247 -0.00393535063667779
51.5175774849656 -0.00388191265943749
51.5176228404272 -0.00384760469320185
51.5177994636772 -0.0037136718511622
51.5180015145159 -0.00343102347218876
51.5177508552823 -0.00291789226713126
51.5166503852147 -0.000665065869261311
51.5165401851759 -0.000391927532291604
51.5157176031815 0.00164705508610632
51.5151762348822 0.00298897762543773
51.5148413004463 0.003118430775976
51.5146620498566 0.00305982472183313
51.5143315286145 0.00295192209793187
51.5140677014549 0.00274997927275652
51.5134527260097 0.00227917235271203
51.5132208803228 0.00231023992030836
51.5131282514664 0.00232257660235343
51.5130194677542 0.00237543875077065
51.5126996637001 0.00214526498780723
51.5122348968383 0.00198074880867438
51.5121022674985 0.00184529341825013
51.5116846298978 0.00155309025337772
51.5112909915503 0.00143495385801194
51.5109382472049 0.00154924979579916
51.510926285116 0.00156536088804532
51.5106897966761 0.00188425579891246
51.5106463551636 0.00226983506329475
51.5106155144545 0.00254391566486876
51.5105944965089 0.00339032395376792
51.5105868540566 0.00369560254213268
51.5107138208668 0.00416232856681832
51.510915607505 0.0044593334989401
51.5112269148092 0.0046603855161812
51.5116502885182 0.00475858517444777
51.5119165972625 0.00482042177498736
51.5131034993453 0.00482927921835124
51.5132167644195 0.00486669293362001
51.5136372875191 0.00500541447885538
51.5136578497814 0.00501214012586336
51.5138171776881 0.00516327945923611
51.5140631391366 0.0055055047012473
51.5140668111179 0.00551683624108395
51.5142082208472 0.00595868876685683
51.5141930792368 0.00631832480498644
51.5138866817392 0.0068814349067094
51.5136775101773 0.00701638404110789
51.5134121292891 0.00707376005071865
51.5132894111549 0.00710021247980906
51.5120448035778 0.00678598748438922
51.5120163449049 0.00676263494271926
51.5120096947511 0.0067572331209433
51.5114506231062 0.00629871264075728
51.5107413807134 0.00570551529951156
51.5103844193669 0.00554570493422277
51.5101260270694 0.00540472198512182
51.5100257340638 0.00548670132584064
51.5098225909422 0.00579491473737658
51.5096475894095 0.00656538726641829
51.5095161762597 0.00740989409858938
51.509505337752 0.00744435095026668
51.5092023778541 0.00840488152602583
51.5088250925535 0.00890705277922697
51.5086908345154 0.008872392866445
51.5084080692534 0.00910483834668522
51.5079816208114 0.0087979475039634
51.5079043191762 0.00876567498228034
51.5078655775041 0.00874959417597167
51.5077260368337 0.00849845795028929
51.5077383584325 0.0077788555052708
51.5077388584406 0.00774964872967093
51.5078168873946 0.00739282803913895
51.5078946694239 0.00705037209233578
51.5079726962741 0.0066935489373485
51.5080505661183 0.00635109452778708
51.5081196075012 0.00599387432459115
51.5082073535998 0.00559422501191439
51.508252250353 0.00536604738631849
51.5082861149841 0.0051941797017803
51.5083558916477 0.00479373862688447
51.5084347401617 0.00439369450841723
51.5085035355923 0.00395055223161603
51.5170590505983 -0.0335963784735397
51.5168598317107 -0.0345940570899338
51.516782351502 -0.034632449917442
51.5162486600943 -0.0341096023043313
51.5162613911533 -0.0340217085005008
51.5170590505983 -0.0335963784735397
