51.5360944581592 0.0217603198732523
51.5356030308031 0.0219341154089152
51.5354729649704 0.0216147232473644
51.5353119208056 0.0214183175240238
51.535248278089 0.0211100746005787
51.5347667351204 0.0207102080633556
51.5347160557834 0.020379955458118
51.5350749046338 0.0197190193411845
51.5343569490833 0.0184345401226097
51.5345306531401 0.0178483886281843
51.5345993900479 0.0176676304437105
51.5346705944765 0.0173642900505461
51.5345454242179 0.0167594509099605
51.53445667508 0.0164780485008537
51.5344834337946 0.0161556236713455
51.5344038521981 0.015837654437269
51.5336015162823 0.015119101936266
51.5335728505324 0.0146159097588588
51.5329506865487 0.0140062752197684
51.5329491757075 0.0140052574781726
51.5329371810334 0.014007462331017
51.5329330141426 0.0140145302011494
51.5328925462769 0.014889496749414
51.5320387111421 0.0154835197434858
51.5315475252368 0.0153194083844149
51.5315325763318 0.0153313492503913
51.5314946692473 0.015376631913715
51.5309911403039 0.0150884657592361
51.5304098504056 0.0134021095037538
51.530458907096 0.0129114167034042
51.5289041068229 0.0113055927826527
51.5278844995504 0.0120418614877378
51.5274084169179 0.012244343127298
51.5272877331768 0.0120263688346918
51.526974646346 0.0106347873909927
51.5265774014586 0.00976763841144771
51.5251236384849 0.00971895679446678
51.5246715076453 0.0105856271433081
51.5242417967428 0.0104378550765574
51.5240645399782 0.00978048503963635
51.5242562320968 0.00909692778122667
51.523938346154 0.00868202639274457
51.5242296281092 0.0076316509847186
51.524596657331 0.00730809312467427
51.5239661720584 0.00641543365169211
51.5240624862626 0.00556733260893932
51.5241209597396 0.00545995759817095
51.5242518183468 0.00494676856228218
51.5242921728023 0.00481066456552026
51.5242935274402 0.00233667113191238
51.5251263196278 0.00153891852084442
51.5256533189974 0.00189710314086224
51.5266138965894 0.00203480436624225
51.5268836860444 0.00200337190469076
51.5276940724475 0.00177039829247158
51.5283330268576 -0.000186697993187804
51.5283935975512 -6.41041835976276e-005
51.5285963756374 0.000175390562544322
51.528998504932 0.000322822990024401
51.5292818852456 0.000580358558204386
51.5299148587278 0.00142988184245866
51.530012960763 0.00149718764540952
51.5303414775122 0.00172259931937007
51.5304892353156 0.00149834390064166
51.5305906199418 0.000825200283726293
51.5305787980274 0.000464132638637484
51.5306249424371 0.000394116910708454
51.5306096779318 0.000234867790668169
51.5304299208865 0.000226988549802966
51.5303238402021 0.00012141407902807
51.5302879815786 9.96336970588473e-005
51.5292468994995 -0.000531320664032789
51.5287915139498 -0.000724229663572791
51.528598240894 -0.00099932277093212
51.5281330472762 -0.00166135444149508
51.527755016421 -0.00216811918465192
51.5274748195106 -0.00261294312971818
51.5273278974171 -0.00296527602696817
51.5272905832493 -0.00341384811132875
51.5273983503219 -0.00364484701993211
51.5283559194118 -0.00350964646535126
51.5287668668073 -0.00593089437511887
51.5287677088341 -0.0059804266407446
51.5287695866268 -0.00608031480622698
51.5291842677099 -0.00735349998450581
51.528146118009 -0.0100821769442504
51.5282838309107 -0.0111520583369475
51.5284366226086 -0.0113724408305197
51.5285393192861 -0.0114643693519472
51.5290971189538 -0.0114040458705194
51.5295044513696 -0.0127297926198039
51.5294693373871 -0.013342325631543
51.5301970070702 -0.0141873445965111
51.530515097336 -0.0141302319449264
51.5306806892676 -0.0144592056253893
51.5309232697254 -0.0155074802481104
51.5310082053983 -0.0157029043913386
51.5311037816688 -0.015884314672468
51.5313003738128 -0.0161010388376443
51.5314794057853 -0.0180073023820044
51.533610429842 -0.0186365954026444
51.5341603938036 -0.0172132051461328
51.5366595239991 -0.0173560501918791
51.5369423846561 -0.0171399774478355
51.5377140241287 -0.0177797353953185
51.5390948199497 -0.018259533016654
51.5392743119524 -0.0192792507837691
51.5408611221361 -0.0206308723896112
51.5409359543441 -0.0206276253194936
51.5445364788914 -0.016716150098534
51.5448315243427 -0.016699753187187
51.5452089876576 -0.0164534800030898
51.5460513994838 -0.0206398894142338
51.546340794595 -0.0213863720786924
51.5472132596122 -0.0230865144111455
51.5479279639035 -0.0236252805929131
51.5506482024704 -0.0202736291887984
51.5508905557393 -0.0204217575999297
51.5515120767427 -0.0199873226907117
51.5547214881019 -0.0211687583535547
51.5541443442014 -0.0160007954273886
51.5529601434788 -0.0135919431245886
51.5528109087291 -0.012678852653663
51.5536311378877 -0.0120832736624973
51.5538244077569 -0.0117321929350718
51.5545886165451 -0.00780317436365381
51.5546805478664 -0.00776395176976155
51.555782299774 -0.00755357321571292
51.5560673405152 -0.00676299886354419
51.5560775276063 -0.00665883617781219
51.5563429864681 -0.00604942440412037
51.5556059499645 -0.00440828221540552
51.5554533207421 -0.0043672677798505
51.5553404173753 -0.00437851348584312
51.5552649257732 -0.00445924759734997
51.554404365748 -0.00434098519664821
51.5541461884584 -0.00440009815583501
51.5540680093556 -0.00468754066043664
51.5533149754415 -0.00509823068916326
51.5531035419235 -0.00485046453508025
51.552969355119 -0.0039169969794338
51.5534708566334 -0.0035334796476446
51.5536956327833 -0.0034821289132051
51.5537996012042 -0.00258151264754426
51.5535517085916 -0.00176101406399843
51.5542010794177 -0.000785934577944045
51.5542059635189 -0.000544991762754325
51.5542784122236 -0.000359721689616116
51.554297930524 0.00118458421535296
51.5541274976769 0.00138904933411087
51.5541042495594 0.00178741881114386
51.5540827871434 0.00187032697055682
51.5535616823567 0.00287885599796836
51.55355509264 0.00288570265691518
51.5534602158461 0.0032403624787908
51.553391686373 0.00330502567318258
51.5533132221225 0.00348818698749551
51.5532928260672 0.00401916708697262
51.5536004799376 0.00443932990905505
51.5530930725719 0.0052500394681313
51.5529783777498 0.00484918311474122
51.5523605037459 0.00511149734079933
51.552335318772 0.00530686600571355
51.552734867542 0.00598344746497005
51.5526891831335 0.00636285651769354
51.5527411024593 0.00649680033867631
51.5525496954501 0.00793709899488519
51.5532035673328 0.00785683081819288
51.5537885787771 0.00826485350994417
51.5535514196756 0.00924157262303219
51.5535157713336 0.00929685285742096
51.5533162250766 0.0112309805003538
51.5532786024697 0.0113122185602596
51.5533638206828 0.0130424395738501
51.5531589301678 0.0139386048285067
51.5529550488494 0.0142415636199954
51.5523534577227 0.0141040243731962
51.5521894814091 0.0139886720502028
51.5517105091107 0.0139980818789371
51.5512958800667 0.0137733066099608
51.5507783488134 0.0137612738257087
51.5505883631112 0.0136213495524401
51.5495762186135 0.014404138108163
51.5495342643222 0.0145699692738225
51.5495819939793 0.0153032304223949
51.5495718225206 0.0153144355835626
51.5493137829962 0.0158025151527149
51.5481551026822 0.0160559754337035
51.5477020326637 0.0148558995596253
51.5477123938388 0.0148284110329782
51.5476350805479 0.0140272787363814
51.5471562327406 0.0128612994909008
51.5467703754707 0.0128667449023804
51.5466048424911 0.0132245156649616
51.5465522223799 0.0143102865625454
51.5462669087848 0.0141985087646415
51.5457412968157 0.0143952891262427
51.5456214432697 0.0145323366721715
51.5455841492219 0.0146100055745557
51.5455000270741 0.0151895659438308
51.5449167588285 0.0152205164309258
51.5448510767994 0.0151870536924833
51.5446030313029 0.0153184322443947
51.5442537855047 0.0158772236610365
51.5435418850297 0.0156194750834799
51.5434568483728 0.0156869439122493
51.5434416013277 0.0158574994497296
51.5434794540215 0.0169137796133996
51.543385517291 0.0171485142689726
51.5426913498873 0.0168320815331289
51.5425352983815 0.0168468226147429
51.5421226676336 0.0171701943145681
51.5418896453948 0.0170499021581605
51.5416968249951 0.0171378074786972
51.5404130894829 0.017286621565426
51.5398694858495 0.0171282254257056
51.5393096752056 0.0195108104633847
51.5381625853928 0.0198214734056605
51.5375087658304 0.0214481234577781
51.5373700019754 0.0216438561573588
51.5373100811729 0.0218187086700485
51.5369529642494 0.0221751346875456
51.5367050678405 0.0223182306948853
51.5360944581592 0.0217603198732523
