51.5080051050914 0.0796626173100508
51.5066593692512 0.0784856694063683
51.506208549789 0.0780471676546537
51.5059245747961 0.0778326220544931
51.5056891517771 0.0776685254313433
51.5049551739205 0.0771569266727098
51.5048407916285 0.077077231090931
51.5047348377853 0.0774758894905655
51.5039111391402 0.0767611041790656
51.503999378878 0.0763472703205164
51.5041285448676 0.0761657821699009
51.5039867659607 0.0760440943633858
51.5036874343024 0.0761889772385513
51.5028218900867 0.0754455998631787
51.5023233176813 0.07501747135383
51.5022909521428 0.0748142735542527
51.50228273364 0.0747706559576735
51.5023188509913 0.074253602205433
51.5019350393414 0.0740920664184021
51.501895288161 0.0743063622626489
51.5016829849633 0.0746138024524946
51.5012627950339 0.0740489500643809
51.5012613892467 0.0740471042308246
51.5009465197632 0.0736778350553992
51.5009149005207 0.0736407598578373
51.5006094526073 0.0732826158630755
51.5003452176409 0.0729680449739608
51.5001668352796 0.0725875201745215
51.4999725081254 0.0721731307599641
51.4998617126804 0.071737585935216
51.4997203118992 0.0711819780964845
51.4996546121764 0.0708449447402633
51.4995151272683 0.0701296488650552
51.4994481859758 0.0697863849762901
51.4993642483169 0.0692344603863745
51.4992386690154 0.0684081365450747
51.4996126486083 0.0681081219681495
51.499589000646 0.0679197103060205
51.4991307762157 0.0678989680455362
51.49904080479 0.0667248890508315
51.4989479746667 0.0655133842637933
51.4989468801894 0.0654989606857148
51.4987648695808 0.0631422995290764
51.498486346638 0.0612460221431418
51.498451653947 0.0610101974474116
51.4982093995663 0.0604661292673692
51.4980991949192 0.060086608127701
51.4982359636832 0.0593940397018069
51.4982373484709 0.0593868558008199
51.4982395183186 0.0593144903631499
51.4982808411047 0.0579336105761859
51.4990790652374 0.05446846145989
51.4991355317198 0.0538931846065391
51.4991775645175 0.0534643252926777
51.4993927439636 0.0535028648344022
51.4994997154052 0.0525278489679881
51.4992865507861 0.0523741734681945
51.4994694001496 0.0512341129616921
51.4994884690436 0.0511153422875904
51.4995107161529 0.0508713850796193
51.4996203693 0.049602818391226
51.4996459473086 0.049306976701599
51.4998135412455 0.0461242252293652
51.4998207966747 0.0459866279201019
51.4999540416842 0.041647854251824
51.499966562802 0.041238447438394
51.499956378736 0.0401601529125644
51.499941188519 0.0385573875049856
51.4998726442204 0.0368108771626546
51.4998646058554 0.0367405478810182
51.4997018141532 0.0353102370805482
51.4996385471542 0.0347545443394536
51.4999975063651 0.0345534917645712
51.5005920466792 0.0342206073859675
51.5004178384768 0.0334833146780932
51.5003994133039 0.0334052761892111
51.5002158404773 0.0334308433283673
51.5001650124876 0.0334379657989988
51.5002141670673 0.0337139807063099
51.4995634506477 0.0339011007513129
51.4993342913887 0.031556821563379
51.4989915924089 0.0316135708796524
51.4989626424477 0.0312088602851496
51.4992242433499 0.0311628763750762
51.4989498781558 0.0293497672173539
51.4984808255594 0.0294297864037209
51.4984715781366 0.028925102231753
51.4988967101893 0.0287855125653622
51.4988504230312 0.0278180239723168
51.4988240431582 0.0274302999433256
51.4988002332304 0.0270810605958995
51.4987522486502 0.0256958245639697
51.4987530180633 0.025588826195826
51.4987581833118 0.0248316310665357
51.4983665593871 0.0245980724327549
51.4984311412271 0.0241743518985114
51.4985389042696 0.023467560052218
51.4989875024435 0.0235306702463046
51.499052438443 0.0230549265573369
51.4991830194896 0.0220984772550459
51.4990397821981 0.022063389169144
51.499421485555 0.020264864183198
51.4996165264034 0.0193801499996494
51.4998999960776 0.0185858189718897
51.5004645103971 0.0176597908400781
51.5006201982103 0.0174938165012782
51.5008420789665 0.0171434192673435
51.5013731268314 0.0164847212098079
51.5016048009702 0.016197234616044
51.5019888747887 0.015741357703621
51.5020729391972 0.0156415912014017
51.5027716852057 0.0147502733823423
51.5031001221668 0.0144765411504355
51.5031261853928 0.0144456134535067
51.5042843026493 0.0130733792324759
51.5045294121804 0.0129401869087908
51.5050949586824 0.012993862974471
51.5053607549307 0.0127029683244494
51.5053265513866 0.0126005915049161
51.505370115951 0.0122622393147621
51.505409536299 0.0119557826695794
51.5058005985152 0.011180539154979
51.506426211709 0.0103578639464143
51.5068629313562 0.0100600918160603
51.5070444844872 0.00978482884900515
51.507084544409 0.00972397649686756
51.5073385458542 0.00959103093980439
51.5074619870642 0.00962735454263533
51.507741248759 0.00970962550875002
51.5081608415247 0.00988659191019832
51.5084993376722 0.0100743693172327
51.5088683700128 0.0100331035743968
51.5088687313812 0.0100330006604111
51.509540732439 0.00912591390899528
51.5097174262532 0.0087877988522975
51.5098931822641 0.00797411551580204
51.5099589251596 0.00766806937970346
51.5101570205877 0.00674628036817357
51.5102526096379 0.0064190846303398
51.5104080363297 0.00626740365814493
51.5110463944107 0.00679986014768397
51.5113277178411 0.00707696632711152
51.5116742890368 0.00741825860399388
51.5118747535529 0.00754518508174519
51.5122614530844 0.00778997901647613
51.5123660126885 0.00781596554515774
51.5128256117739 0.00793004974138007
51.5129334119196 0.0079347901193839
51.5133197855896 0.00795178066632259
51.5136542389363 0.00779299437917307
51.5137640927856 0.00774078562843766
51.5141998203284 0.00750053299142302
51.5145391955898 0.00711189470260846
51.5147899693307 0.00664722416227877
51.5147786535032 0.00625766303612408
51.5145968105773 0.00584611291416223
51.5143885243145 0.0055613882210144
51.5137814914639 0.00473177895817736
51.5135072268099 0.00435694625255113
51.5134632941666 0.00429738476769876
51.5134100427659 0.00425179289152828
51.5133658645448 0.00420659937145076
51.5133124553931 0.00417549810423676
51.5133057396343 0.00416866765688375
51.5132991137088 0.00416184115451473
51.5132682771401 0.00413030475640674
51.5132148699946 0.00409908490631806
51.5131614608107 0.00406798387187785
51.5131079638124 0.00403676022807278
51.5130545546095 0.00400565934239773
51.5130009019324 0.00398880741308262
51.5129472472232 0.00397207426560895
51.5121401970235 0.00383577150558901
51.511410024205 0.00341457639778377
51.5110674534746 0.00293838857146158
51.5111816469406 0.00256874215249208
51.5112547445675 0.00249982087755592
51.5114794188421 0.00250967338268063
51.5121222209192 0.00278288463221338
51.5132264333188 0.0034222596613946
51.513268632579 0.00344122275434446
51.5136135543466 0.0035955081342074
51.5142336239916 0.00387309817232869
51.5143330129424 0.00391762567837548
51.5148904087508 0.00392759125858162
51.5151430167772 0.00388104296739631
51.5155914099778 0.00342513899622644
51.515870348402 0.00288965811179998
51.5162788634469 0.0020257993080319
51.516504754464 0.00154822779123622
51.516530047859 0.00141469219561895
51.5167024498765 0.000504691392087571
51.5172633986797 -0.000753496308668856
51.518225325741 -0.00261013056732088
51.5184588270413 -0.00245872809228232
51.520436533007 -0.00380919210942805
51.5218570577348 -0.00103794426538479
51.5224295649905 -0.00144526462657011
51.5231012062808 -0.00248449119164663
51.5250296558948 -0.0040416831618319
51.5250744271816 -0.00397304424629222
51.5251052929225 0.00138026760320115
51.5251263196278 0.00153891852084442
51.5242935274402 0.00233667113191238
51.5242921728023 0.00481066456552026
51.5242518183468 0.00494676856228218
51.5241209597396 0.00545995759817095
51.5240624862626 0.00556733260893932
51.5239661720584 0.00641543365169211
51.524596657331 0.00730809312467427
51.5242296281092 0.0076316509847186
51.523938346154 0.00868202639274457
51.5242562320968 0.00909692778122667
51.5240645399782 0.00978048503963635
51.5242417967428 0.0104378550765574
51.5246715076453 0.0105856271433081
51.524755644896 0.0111263450082482
51.5243652418232 0.0118371571834027
51.5246961592916 0.0129275482078872
51.5245877474749 0.0132308523190549
51.5257808907347 0.0146458916721575
51.5249242490325 0.0149846307797194
51.5237807199301 0.0141673957012049
51.5236997269029 0.01437110961245
51.5236729232201 0.0159312415812128
51.5231375457103 0.0168212449746496
51.5230558730434 0.0168969133219495
51.5226122082924 0.0162016191129471
51.522285420622 0.015333099287744
51.5218100614621 0.0155454201939253
51.5212264321965 0.0148123662869465
51.5212941528159 0.0145910825461945
51.5207914748679 0.0134940170883434
51.5208085445157 0.0130128323801723
51.5208523539523 0.0129274092898258
51.5208642765089 0.0128351128995661
51.5207005173435 0.0126441501711005
51.519841381026 0.012384621341
51.5197037258647 0.0125532587614587
51.5197040336354 0.0127920366107422
51.5197517475986 0.0129400850499363
51.5196855047114 0.0139290636096395
51.5196950704982 0.0139583655140911
51.5194905638098 0.0149204406186068
51.5196064339833 0.0150886130856326
51.5201091497873 0.015146815015653
51.5198779715131 0.0166609524061125
51.5199645496787 0.016781010526872
51.5199786754687 0.0169006015498263
51.5198866827532 0.0174874488193271
51.5197450029994 0.0177903097878982
51.5199702103647 0.0184588015729945
51.5199910544903 0.0187416310785026
51.5205947126949 0.0190305090811815
51.520449259612 0.0194322045774439
51.5194935059476 0.019584477577593
51.5194903089121 0.0200050541241652
51.5196549961213 0.0203502243313976
51.5196625389661 0.0203820526999909
51.5199950840035 0.0205490150060237
51.5204265036993 0.0210456472587953
51.5206595277684 0.0216298905123444
51.5206436546568 0.021658900030132
51.5204562354455 0.0218713032386128
51.5204056066487 0.0219555831177744
51.5203318597579 0.0223378631838809
51.5203099903228 0.0230117193606495
51.5199744602684 0.0232734098710584
51.5194041726662 0.0236616021131548
51.5193143091743 0.0233936605116583
51.5180756984898 0.0233387635968424
51.5179472592291 0.0232484550559127
51.5178220593798 0.023345586526209
51.5177404208577 0.0236014012911153
51.5175574962089 0.0238761369625554
51.5174680523059 0.0246622314356691
51.5166769245883 0.0262342160540285
51.5166586488238 0.0263189694821421
51.5175665093839 0.0264520795778884
51.5179476945134 0.0266599801847249
51.518097678337 0.0272981720661606
51.5180731088228 0.027367317419842
51.5178394971121 0.0277965424417924
51.5173926462693 0.0281784981696811
51.517988908365 0.0293301941531262
51.5177111262734 0.0299061165116946
51.5162478669471 0.0301724989718695
51.5162379892359 0.0302964837440886
51.5165132690567 0.0312050114692133
51.5172691217167 0.0324007889737383
51.5173485112424 0.0332510690331139
51.5176656033999 0.0337741929944944
51.5184743040316 0.0346272755689077
51.518564492721 0.0350511735135846
51.519854686816 0.0368212903001146
51.5195094838879 0.0376121476813562
51.5193485161084 0.0395905368878876
51.5195016766688 0.0408172280758855
51.5200329726457 0.0425382579589922
51.5196059183077 0.0433137649833712
51.5192006930599 0.0435172759935733
51.518674088055 0.0439639736804213
51.5176526615724 0.043482209611895
51.5174531287829 0.0434949076617596
51.5168385189757 0.0431619780226542
51.5165141507049 0.0430538163465883
51.5159193291741 0.0434685630467089
51.515827122478 0.0434770329001333
51.5155054632896 0.0432185453170393
51.5146822788177 0.0431437991434532
51.5141735988809 0.0434750415593734
51.5135490722767 0.0436596814677535
51.5135179462786 0.0436556740318951
51.5134602210279 0.0436458416481234
51.5131681052594 0.0441425515660211
51.5128979703684 0.0448582927692809
51.5121591484053 0.0451270302529893
51.5114919820859 0.0464725663566916
51.5115646888147 0.0479314518670064
51.5110498235538 0.0490945950290223
51.5098506266158 0.0494649806221008
51.5093882598374 0.0494496959443172
51.507310442083 0.0525140982546387
51.5064819675734 0.0531064588071166
51.5061189800562 0.0548445286506996
51.505875988528 0.0554234979074507
51.505929028313 0.0598506887833141
51.5069881996095 0.0606622023924994
51.5079564106867 0.062372186668025
51.5084519696447 0.0638275214780347
51.5084537035415 0.0638464920373456
51.5081610707914 0.0660778607258224
51.5081611395979 0.066084161200699
51.5076192868502 0.0671512171479663
51.507820078857 0.0681177354523109
51.507722013179 0.0689679456029668
51.5077179241461 0.0692506637476892
51.5077514572993 0.0696429727003993
51.5078361578987 0.0700548300365751
51.5080861386295 0.0708462014640584
51.5086556016881 0.0715880307497913
51.5081574539677 0.0731957390954638
51.5081954749768 0.0741926877867894
51.5097425416105 0.0776343056478446
51.5092986497258 0.0813127809359206
51.5090251308346 0.0809855590631756
51.5085367216505 0.0801275276076185
51.5080051050914 0.0796626173100508
