51.5850684506528 0.0102103741897125
51.5846880989289 0.00850830718588724
51.5836960066835 0.0073549869977623
51.5827974291325 0.00767706206186186
51.580469120131 0.00820683682049316
51.5809221784804 0.00529138428376415
51.5809048875253 0.00516161956393488
51.5812943666786 0.00129422746284975
51.5811889846144 0.000525568584214965
51.5810848837778 0.000245851652022398
51.5811497495232 -0.000632669311832152
51.5811275363949 -0.000679700195785827
51.5802754993223 -0.00113563858821975
51.5802909088882 -0.00160229588372279
51.579780892531 -0.0022984703931516
51.5798081445463 -0.0031073350284097
51.5797961847715 -0.00318640188048107
51.5794406115363 -0.0034653419583446
51.5793022768576 -0.00364098366008432
51.5792896612405 -0.0039140523955938
51.5793417444302 -0.00450261852953578
51.5784765834241 -0.00544075472393031
51.5786297686521 -0.00630810854610821
51.5782862345194 -0.00708985942728807
51.5782777770984 -0.00709475141053598
51.5781386799083 -0.00880931204991777
51.5776797222819 -0.00929572665505574
51.5776852781687 -0.00942186004193874
51.5775171678932 -0.0104610357305729
51.5771911673209 -0.010883908236346
51.5771548063839 -0.0109451132586137
51.5772583420689 -0.0118876909136779
51.5765293649409 -0.0123029054976919
51.5762848266747 -0.0122386080304241
51.5759527320899 -0.0135231171207682
51.5757629289901 -0.0134845095954141
51.5753060706083 -0.0144307821794008
51.575278546943 -0.0146105885344019
51.5752456981909 -0.0146616395767585
51.5752642511361 -0.0157585309305936
51.5751680119531 -0.0161226718790858
51.5749089811269 -0.0162538938298751
51.5747838567886 -0.0167707632802653
51.5744347577339 -0.0169239870673514
51.5741228940321 -0.0178178402254764
51.5742096941277 -0.0181559195168919
51.5742041035178 -0.0181868618655576
51.5739722101343 -0.0187327533225378
51.5739778275486 -0.0188578038677815
51.5734509833575 -0.019500396247881
51.5734366552413 -0.0201270096488046
51.572614240768 -0.0199985462351369
51.5724511644849 -0.0204782387384948
51.5720218744126 -0.0209515236919166
51.5722022836335 -0.0216967361091824
51.5719274262998 -0.0226548223789331
51.5715134151838 -0.0232030907252066
51.5715680567687 -0.0234261912293438
51.5712820444543 -0.0245822459677404
51.5709060162468 -0.0248880264291658
51.5708117664316 -0.0250996128596367
51.5706903476489 -0.0251391412767552
51.5701836987358 -0.0250339105819623
51.5700715921813 -0.0266315292325637
51.5702568420213 -0.0268273172405768
51.5702886654014 -0.027463545861054
51.569596624149 -0.0281005215377542
51.5695763319869 -0.0284711794352663
51.5691933779795 -0.0291198655637696
51.5697591373261 -0.0300793383253026
51.5694598507375 -0.0306785918976236
51.5700933391474 -0.0314961973934975
51.5700956436863 -0.0315746233733823
51.5710810634873 -0.0319514622601554
51.5716373297855 -0.033053959308062
51.5716850390053 -0.0336101643635657
51.5718397986493 -0.0341653216230905
51.5724199756909 -0.0342007349563239
51.5744366758586 -0.0371371250799936
51.5744804127585 -0.0372742205175828
51.57340975597 -0.0389709235003574
51.5732952357632 -0.0393320973685027
51.5747206357372 -0.0469573919042587
51.5743524578251 -0.0480086157516763
51.574008520518 -0.0499941491939751
51.5743616812982 -0.0511489335436523
51.5767068260999 -0.0540270628694634
51.5769170829648 -0.0541289858569208
51.578831991937 -0.05458210000136
51.581310129761 -0.0523473477731564
51.5823579819182 -0.0507707677041057
51.5825550195808 -0.0504068518075015
51.5832206491195 -0.0479092169392068
51.5847700414531 -0.0473781710560358
51.5870847051297 -0.048260506455173
51.5901426436527 -0.0489640831548248
51.5905756722606 -0.0494390335402558
51.5918224457013 -0.0500587658534719
51.5919771276662 -0.0500674972452429
51.5928289000273 -0.0498442506618308
51.593291389642 -0.0499607408679635
51.594881401737 -0.0478224892432
51.595255720226 -0.047459069875894
51.5981342986876 -0.0459575906745287
51.5992293823518 -0.0457860534695165
51.5995970514207 -0.0458605132080936
51.5997119076399 -0.0459232060226442
51.6011267539678 -0.0459347371853615
51.6021069267698 -0.0452599650263509
51.6022149402673 -0.0450143451425184
51.6036950461611 -0.0426628030786975
51.6037169767401 -0.0426139954933007
51.6049688011314 -0.0408344888301201
51.6050971330045 -0.0394696673031946
51.6049881489665 -0.0370852380046934
51.6051564152234 -0.0349722330203687
51.6050669250858 -0.0345510187854714
51.6049537653041 -0.0332750781631808
51.6042124947075 -0.0323387360028765
51.6042076717373 -0.0323298953998377
51.6029434474613 -0.0289133577368203
51.6026324794414 -0.0275269981171546
51.602608000805 -0.0271724172275191
51.6026498106057 -0.0263493064390049
51.602424993755 -0.025495373940003
51.6022738703993 -0.0244053655838842
51.6025880562086 -0.0235929336346953
51.6026538765243 -0.0196522921596555
51.6014422813005 -0.0190598184781553
51.6008608526716 -0.0172520935731831
51.6009545100024 -0.0163039949645982
51.6010102996622 -0.0161634549913541
51.6010386122127 -0.0160088727185712
51.6008236926398 -0.0139694781522892
51.6023090437261 -0.0136790437444282
51.6029277845521 -0.0132784177522665
51.6031991456173 -0.0124154964532267
51.6036326314115 -0.0118947025577427
51.6036723351392 -0.0118397456422137
51.6041810751672 -0.0109004638729873
51.6039358931965 -0.00963680593577891
51.6038101330817 -0.00874692464327016
51.6036310848369 -0.00827194485747602
51.6029038131498 -0.00774321585895712
51.6023535465667 -0.00682241886528901
51.6023293773291 -0.00681264254643214
51.600599806581 -0.00514107956045112
51.6005952575683 -0.00461432700591334
51.6002733990207 -0.00376741269785441
51.6001842924415 -0.00215499950877874
51.6001980854055 -0.00177174402988339
51.6002124085184 -0.00168896571142552
51.6005146069971 -0.00104754828942437
51.600320555077 0.000248087205912746
51.5997109591622 0.00124922998508496
51.5995402946499 0.0018364096826278
51.5992572650101 0.00341322679007482
51.59916308724 0.00462201091754228
51.599412318904 0.00595152451064523
51.5992742322026 0.00682977998499996
51.598449512783 0.00804788197603755
51.5981985269469 0.00829396339955405
51.5962575026039 0.00830940738244941
51.596092264884 0.00843033140827198
51.5959302808729 0.00883913300432959
51.5933559610379 0.0113920355286597
51.5911232625581 0.010008557166949
51.5903562339003 0.00824945310781327
51.5897747858309 0.00821119249599791
51.5886380342216 0.00942239289273959
51.5877956956219 0.0110426479485837
51.5877385104754 0.0112215165587683
51.5858967708282 0.0118745351635238
51.5850684506528 0.0102103741897125
