51.5946722564715 0.0393672646832217
51.5938583843187 0.0388759515033349
51.5936121897103 0.0385888709746255
51.5931215782883 0.0373478210745047
51.5931077773852 0.0373245860357879
51.592851433739 0.0372283599489037
51.5921674804585 0.0374142855824513
51.5904728861459 0.0382669139764974
51.5895507959905 0.0383745457598257
51.5887527487957 0.0391508316116888
51.5887056210852 0.0391261059288569
51.588454384966 0.0390878365943719
51.5866760367743 0.0393429008470737
51.5861119103868 0.0374175862872308
51.585350158834 0.0363261424418121
51.5851544645285 0.0344020270641743
51.5851597957555 0.0343382332346455
51.5846788773114 0.0339153063076581
51.58471059713 0.0320843318436981
51.5841733126681 0.0317906694122416
51.5840573423555 0.0314219031830788
51.5840555955716 0.0306865469053665
51.5846462644518 0.0302383619299487
51.5849403983578 0.0297354122472298
51.5850377397451 0.029793784716664
51.5859003110772 0.0293324625347454
51.5856955791239 0.0280548262510124
51.5853957747842 0.027851164218254
51.5858915340414 0.0258964302385493
51.5860003353144 0.0260357634687372
51.5865949795852 0.0261894528115127
51.5869473729231 0.0270441253145128
51.5870513375791 0.0270938627675223
51.5874552755403 0.026551595278438
51.5877361274989 0.0257547226364695
51.587710597815 0.0255514824102248
51.5870489455576 0.0254517102017944
51.5862277088371 0.0242792474220263
51.5861683235611 0.0243082673876102
51.585515284581 0.0237090190701145
51.5855169807569 0.0228024054913876
51.5853104113524 0.0227020622867866
51.5845000366373 0.0223377050596982
51.5844446686795 0.0220031905740957
51.5839165871397 0.0217218403746511
51.5834855536506 0.0217874452753901
51.5835201091361 0.01978073651164
51.5834562039832 0.0196859048791455
51.5840472544131 0.0181991913159964
51.5838084736804 0.0177446855609969
51.5839039314923 0.0173691377268146
51.5842127081498 0.0169002057058689
51.5841316751425 0.0164626865423805
51.5835581523942 0.0162405645607719
51.5830476694433 0.0155043664997954
51.5821659809664 0.0150458400288159
51.581334117499 0.0124588128747115
51.5813626841229 0.0124600749951283
51.584368837307 0.0130430224061741
51.5852868404735 0.0127371356562725
51.5854244205982 0.0125150567219442
51.5858967708282 0.0118745351635238
51.5877385104754 0.0112215165587683
51.5877956956219 0.0110426479485837
51.5886380342216 0.00942239289273959
51.5897747858309 0.00821119249599791
51.5903562339003 0.00824945310781327
51.5911232625581 0.010008557166949
51.5933559610379 0.0113920355286597
51.5959302808729 0.00883913300432959
51.596092264884 0.00843033140827198
51.5962575026039 0.00830940738244941
51.5981985269469 0.00829396339955405
51.5983575955211 0.0106862009585009
51.5984695678769 0.0114861825167676
51.600371409365 0.013368000106705
51.6002219908985 0.0138713147879034
51.6002141758551 0.014326721483121
51.6006159780349 0.0152723266066314
51.6006215574639 0.01530864840987
51.6014523895962 0.0157497650035017
51.6008313437281 0.0171374000568832
51.6008208040348 0.0177505642739993
51.6005252571075 0.0179676031141715
51.6004460839138 0.0181175592166405
51.6005394864629 0.0188391469707963
51.6003282823048 0.0195932983912586
51.6002640768896 0.0195994980795932
51.5996097545591 0.0190578116343097
51.5995731165441 0.0190815454553351
51.5995285336462 0.0191751697990447
51.5997560117079 0.0206464406606835
51.5998148460512 0.0207067948544758
51.5998204088717 0.0207178759581911
51.5994534382259 0.0221166816382388
51.5995338945646 0.0222682422804252
51.5996385961628 0.0228856761828097
51.5995219804956 0.0230221703518866
51.5990739715463 0.0243903193442155
51.5990756286381 0.0243984887638599
51.5988945512996 0.0251186911054409
51.5988725207341 0.0252648620816752
51.5990472132799 0.0258889807050775
51.5988931192318 0.0262954794069903
51.5987957619176 0.0266700948258103
51.5987967971371 0.0266882371374075
51.5989041727521 0.0269881535510223
51.5989503389894 0.0279377640975527
51.599176140981 0.0281942677104375
51.5994463541056 0.0291060122758407
51.5994070340905 0.0292847480157364
51.6002535659191 0.0304524666905007
51.6006885614722 0.0308076176327627
51.6008151276694 0.0313746298090638
51.6006840521577 0.0315772526212122
51.5993391262533 0.0319107058769044
51.5989968800833 0.0311833627177403
51.5989312443531 0.0310955480921904
51.5983624308792 0.032135097797901
51.5983011580499 0.0325429759107511
51.5976194701474 0.0329204081002918
51.5975557686204 0.0330791154959086
51.5975543353456 0.0332189363472011
51.5977510634335 0.033684404464545
51.5983666224957 0.0340520393725429
51.5986670244718 0.035340648666145
51.5985335298819 0.0355838589119771
51.5985181625634 0.037215633644966
51.5984097206578 0.0374706737826858
51.5982558293818 0.0376353409982304
51.5979670158972 0.0387151925298497
51.5974711462126 0.0391279968414681
51.5969584754716 0.0397729004276552
51.596411304366 0.0414502950624526
51.595575378454 0.0408938894204903
51.5946722564715 0.0393672646832217
