51.5038664442378 -0.055288635915445
51.5037220316076 -0.0554167964699542
51.5034617294281 -0.0559349329194688
51.5033961077751 -0.0560654397670719
51.503312122621 -0.0562324875279945
51.5031301442177 -0.05659473946527
51.5030024568686 -0.0570324949207219
51.5027870759673 -0.0576035901762145
51.5027314861213 -0.0578513988820033
51.5026604120509 -0.0581685326648917
51.5025359219705 -0.0587237566663575
51.5025103095752 -0.0588112137344907
51.5024708729187 -0.0591443452212584
51.5025356167357 -0.059590782752074
51.5026234986691 -0.0601969775625105
51.5028419651567 -0.0603605576690011
51.5028533140324 -0.060405339446578
51.5028997682533 -0.060588698712709
51.5029973248952 -0.0610136719369886
51.5030386864434 -0.0611935656470199
51.5030834451814 -0.0613886410712033
51.5031866078101 -0.0618374968301443
51.5032186727758 -0.0619771557273711
51.5033454775235 -0.0625294395741144
51.5033600848325 -0.062711658687591
51.5034347590656 -0.0636459720459834
51.5034858432238 -0.0642843970110243
51.5035463162569 -0.0645113637352333
51.5038071884353 -0.0654910223707136
51.503974326702 -0.0661187196450081
51.5042315428606 -0.0670846508116912
51.5043405964966 -0.0674940751048479
51.5043409617161 -0.0674944160714746
51.504415429456 -0.067567182710326
51.5045591599468 -0.0677078281907773
51.5047011520639 -0.0678466471640788
51.5048891293576 -0.0683430332805494
51.5048750152048 -0.068446754995428
51.5047527661114 -0.069343096510262
51.5048169359933 -0.0695440198212135
51.5051602281634 -0.0706180311199066
51.5051772856883 -0.0706712495127157
51.5055182944596 -0.0717382453888617
51.5056655828026 -0.0715816146900029
51.5059624594572 -0.071266114506829
51.5061008279882 -0.0717807806023112
51.5061194062404 -0.0718499757416745
51.506192275647 -0.072120996058292
51.5062777142511 -0.0727575434512374
51.5062845781697 -0.0728086989962479
51.5063727670856 -0.0732517082069788
51.5067286698252 -0.0741157856694296
51.5067300484351 -0.0741230938924096
51.5069152908195 -0.0750733879752854
51.5070526372274 -0.0759541818288034
51.5076484523815 -0.0756666207624728
51.5080639297907 -0.074815029567026
51.5090692925419 -0.0748429900718078
51.5093041380075 -0.0748555472043966
51.5093070650797 -0.0736485806901541
51.5092263598367 -0.0733709787066314
51.508909514508 -0.0728051080551142
51.5088449171517 -0.0726872339825678
51.5088591745271 -0.0725208816006268
51.5083893611338 -0.0716625366143196
51.5083059790212 -0.0714957934336892
51.5086028203787 -0.0709267198279894
51.5084289956225 -0.070552185276025
51.5084285592328 -0.0703125505703069
51.5088333648294 -0.0700712376173546
51.5089064406919 -0.0696880511851405
51.5089642531253 -0.069677528040344
51.5091826877911 -0.0688351393976045
51.5091823146595 -0.068828857788905
51.5094602904957 -0.0683487174934074
51.5093404364522 -0.0680584027453061
51.5091335084172 -0.067803260393139
51.5090083967917 -0.0676959139477648
51.508764633218 -0.0666785744900368
51.5087714521886 -0.0663396557156446
51.5092854542322 -0.0661350305153893
51.5097083162885 -0.0648633352840577
51.5097702917051 -0.0647346409383746
51.5097763180144 -0.0646857880933921
51.5099685101714 -0.0643308057666697
51.5099280080812 -0.0631626144520139
51.5100149648214 -0.063071474372888
51.5103846875772 -0.0621875619529242
51.5095165118889 -0.0621217400957872
51.5095242741747 -0.0620583175039958
51.5096065413974 -0.0614495583071426
51.5096643396402 -0.061275053546114
51.5096688488139 -0.06036244326894
51.5095929868857 -0.0599991061021307
51.5099497104042 -0.059547999100288
51.5102199398954 -0.0593897724301551
51.5103628494452 -0.0589369294848251
51.5102788689431 -0.0579803013574014
51.5098543262083 -0.057647121271021
51.5097540208967 -0.0570569295109911
51.5097240042881 -0.056997845879254
51.5095638341955 -0.0568695622733271
51.5094734825426 -0.0552585297028479
51.5094655631815 -0.0552146660562073
51.5094642621496 -0.0552121074293003
51.5094667688399 -0.0550596739904489
51.5097257594847 -0.0543597242555046
51.50979236529 -0.0541748537073715
51.5097250452877 -0.0538994449888749
51.5098949965753 -0.0528564425465756
51.509655421205 -0.052228949660511
51.5098456918795 -0.0517984272985986
51.5100839543593 -0.0517513096041516
51.5103161445054 -0.0520259823344244
51.5107270117897 -0.0520868794944902
51.5108030143149 -0.0520511989089204
51.510813540322 -0.0520354217310686
51.510814284251 -0.0516147561029025
51.5105720936539 -0.0511873470307743
51.5109788702521 -0.0505422429689461
51.5110755483793 -0.0505281346594301
51.5112705308472 -0.0499109549525267
51.5115489493274 -0.0498945501107858
51.5116310931647 -0.0494389119748698
51.5116716696728 -0.0491813476786547
51.5115923141782 -0.0489829725362001
51.5117090259391 -0.0485465306722795
51.5112039182521 -0.0482843633815838
51.5112096373186 -0.0482174585675123
51.5114965573028 -0.0477449862910937
51.5116793724516 -0.0476182264155284
51.5114552231487 -0.0471251804620537
51.5114820969825 -0.046908839227417
51.5115820279427 -0.0463937356221951
51.5115650340767 -0.046361191585432
51.5115878589579 -0.0460206125705083
51.5122444117076 -0.0454169209788062
51.5122360410749 -0.0453893549391166
51.5113827062837 -0.0451196688058361
51.5114212059913 -0.0448135914912948
51.5113905131608 -0.0444231404147512
51.5115503476843 -0.044099151281835
51.511556127319 -0.0440683656599574
51.511556211853 -0.0439602311162352
51.5115636968978 -0.0439400666901578
51.5118905820769 -0.0435901432618961
51.5120399234906 -0.0436773802742974
51.5120651670632 -0.043649325189921
51.5120508558285 -0.04279153573962
51.5122903361818 -0.0426452143488181
51.5120738455948 -0.0413844755978366
51.5119039304347 -0.0413304491821802
51.5113297324773 -0.0421378941894872
51.5108497609658 -0.0418098442942896
51.51067601061 -0.0419460987717637
51.5104097158351 -0.0418755292558944
51.510041961328 -0.0424804135983359
51.509835607486 -0.0424892587573715
51.5098297637069 -0.043313530885496
51.5098282633755 -0.0435199867249602
51.50978889307 -0.0441456003184445
51.5097598258286 -0.0446075122976258
51.5096908157697 -0.0457044457513357
51.5096719165598 -0.0460053944696513
51.509366993852 -0.0465948340885237
51.5092998305982 -0.0467455180374567
51.5091776357484 -0.0470196315394762
51.5088313318286 -0.0477967771036137
51.5087515132766 -0.0479758017593154
51.5084228557142 -0.0489602271839901
51.5083317390243 -0.0492330018828238
51.5077043654324 -0.0500518200916802
51.507601240306 -0.0501864439972693
51.5073662531009 -0.050657712565044
51.507260840719 -0.0508062141000165
51.5072399419813 -0.0508415620211385
51.5070778181879 -0.0511154546575452
51.5070771192234 -0.0511166726168611
51.5068168868791 -0.0515350668223515
51.5066365973044 -0.0518249372137601
51.5064875662847 -0.0520645216912614
51.5062409041934 -0.0524611779217467
51.5059998424275 -0.0528486802683996
51.5061486015698 -0.0531449500509603
51.5060592228109 -0.0533388569456327
51.5059316573469 -0.0536153003059178
51.5057206410479 -0.0533649305913826
51.5055818525341 -0.0536205831498076
51.5051818844188 -0.0543573684221426
51.5051718545185 -0.0543759733469762
51.5050856677868 -0.0545348080395474
51.5050400419312 -0.0546187289166039
51.5049130652387 -0.0548387036615012
51.5048397457302 -0.0549657422642823
51.5046903961491 -0.0552244483080346
51.5045861923774 -0.0552238950674487
51.5039436114798 -0.0552201265295847
51.5038664442378 -0.055288635915445
51.5078269053151 -0.0653060326278812
51.5077819778137 -0.065045829829355
51.5077277001754 -0.0647365967200012
51.5076750481316 -0.0644550980938958
51.5075596524808 -0.0638854016791261
51.507573534496 -0.0638549907601474
51.5076846657669 -0.0635999368824574
51.50771840211 -0.0635741494819046
51.5080008025057 -0.063352347657096
51.5081923984503 -0.0631955842565546
51.5084067834745 -0.0636458379758342
51.5085565631414 -0.0639511447712255
51.5085440295374 -0.0641994095961182
51.5085334517676 -0.0644736123093368
51.5085121172149 -0.0645808576272953
51.5084690554395 -0.0647988102834518
51.508432674849 -0.064985824737994
51.5082858757876 -0.0657711231030445
51.508108160933 -0.0655868806771828
51.5079202177803 -0.0653984391198612
51.5078269053151 -0.0653060326278812
