260 8
51.5288689927042 -0.0409728201007525
51.5286942596813 -0.0407541113231088
51.5286927185836 -0.0407533453946336
51.5273845024388 -0.0404634858794522
51.5271182541519 -0.0414615031924809
51.5271300111843 -0.0414926169662719
51.5269670460783 -0.0429268265719819
51.5269569144624 -0.0430092780965125
51.5267782549267 -0.0432070036660057
51.526740216358 -0.0433357009604038
51.5267052882358 -0.0437263612729952
51.5265553948364 -0.0439995174854269
51.5264728638007 -0.0442851188433598
51.5265971183711 -0.0449114397322171
51.5263876919624 -0.0456907670936844
51.5265136653131 -0.0459889519859595
51.5265190138289 -0.0460671733310608
51.5263275496699 -0.0469808731897859
51.5260203901005 -0.0473174423748442
51.5260070678716 -0.0474946424283376
51.5261559192382 -0.0479955826746536
51.5263686114042 -0.0484865457845677
51.5261197373598 -0.0488197813272472
51.5256032831685 -0.0490427357184543
51.5255048225288 -0.0490469443442375
51.5255099288773 -0.0497432541903744
51.5253062228836 -0.049954616123558
51.52521943996 -0.0502881622187041
51.5252340347673 -0.0506740738296693
51.5250873884127 -0.05081357920929
51.524878489553 -0.0517623243838851
51.5248849268232 -0.051787247892532
51.525363835356 -0.0522046903563135
51.5253851998997 -0.0522460931765617
51.5255280060831 -0.0529202431446651
51.5244677928811 -0.0527348837800651
51.5243494852298 -0.0529840660625924
51.5243452112258 -0.0531923693609134
51.5244237427 -0.0536286776806806
51.524333677116 -0.0537595777895317
51.5243074565786 -0.0538264244175371
51.5242779209968 -0.0547936440389593
51.5243219071722 -0.0548710479784888
51.5243117594791 -0.0553813822650141
51.5242043181115 -0.0556139291712479
51.5242929975818 -0.0564732996568137
51.5242999879298 -0.0564936833364308
51.5243178082131 -0.0567065128091713
51.5243274403514 -0.0568646596379307
51.5241574301085 -0.0569997880899724
51.5240056346539 -0.0574747855414296
51.5238294958357 -0.058075971863095
51.5239324362881 -0.0584509845836653
51.5239274886539 -0.0585159721994376
51.5238700444428 -0.0588148449692639
51.5239163837096 -0.0595616742895988
51.5240102245223 -0.0596585949195948
51.5238332681231 -0.0611517096475626
51.5238889232619 -0.0612989866443169
51.5237172223045 -0.061527946799277
51.5233574458733 -0.0628505187068293
51.5232520036509 -0.0630090300040858
51.5232527291226 -0.0634504279951311
51.5233294467231 -0.0637247009570576
51.5233363715726 -0.064253195588166
51.5232051452175 -0.0645327217860304
51.523155693178 -0.0653987761139664
51.5231147078729 -0.0659771973822539
51.5229848634914 -0.0662917207453476
51.5231045491215 -0.066642502205924
51.5232355960077 -0.0672081700717849
51.5230526446572 -0.0684358418642087
51.5229656391353 -0.0686989829268885
51.5229535992005 -0.06871030808611
51.5228557211553 -0.0687990734113817
51.5227533921238 -0.0697097828918151
51.5229471872378 -0.0700358065847269
51.523033828553 -0.0718547795920935
51.5233564948643 -0.0716150868362886
51.5235634513788 -0.0715990934920595
51.5238743581594 -0.0712238018162087
51.5239423316668 -0.0709947446512649
51.5243720553199 -0.0708144616014867
51.5245258615336 -0.0709394185004546
51.52460526963 -0.0717775824398259
51.5246008206367 -0.0717967877810448
51.5245440858575 -0.071883811782335
51.5244056220041 -0.0720139864257421
51.5242497340982 -0.0725062239133342
51.524024219992 -0.072995929943243
51.5244192830186 -0.0733433142757063
51.524546674462 -0.0737595284207687
51.5245504389136 -0.0738026340764953
51.524504569227 -0.0740532216321721
51.5245213645657 -0.0741508089335104
51.524469632041 -0.0742962159457135
51.5239689599192 -0.074629100436374
51.5239545950432 -0.074717898252099
51.5239639357358 -0.0747337876848922
51.5243825791684 -0.0749242502823397
51.5244067657699 -0.0749628099851716
51.5243311038613 -0.0757264542507147
51.5244944291442 -0.0759168737955036
51.524509842285 -0.0761550106570809
51.5244846007873 -0.0764084108285862
51.5248332426891 -0.0770505342793085
51.5251710776705 -0.0771596783081777
51.5253023851933 -0.0767955446232534
51.5256146259919 -0.0767473240632236
51.5257889004151 -0.0768489768762414
51.5258355310431 -0.0769514916791994
51.5259339710347 -0.0777961384950387
51.5259417554847 -0.0777993765220776
51.5260392410347 -0.077620424411056
51.5262594084344 -0.077346324589675
51.526843704911 -0.077107279338324
51.5269501759553 -0.0774217077810085
51.5269722785621 -0.0775964589320448
51.5273797376712 -0.0777685309230369
51.5277736978324 -0.0783403294246127
51.5278137340628 -0.0783422097005634
51.5280683824643 -0.0778350962256306
51.5282834817699 -0.0778935540535174
51.5283452922975 -0.0784946833913607
51.528378493844 -0.0788916137461356
51.5284288064457 -0.0789281281778198
51.5285559718035 -0.0789255093382478
51.5287921744624 -0.0791363074036447
51.5293248678841 -0.0792373932826301
51.5294646902555 -0.0791512703173052
51.5296748312988 -0.0791650110889355
51.5298162205063 -0.0783786639276128
51.5300389506518 -0.0781566218362165
51.5300881658139 -0.077665268256238
51.530284621972 -0.0776119397553628
51.5303790045674 -0.0772601394374543
51.5306663150321 -0.0773363578592366
51.5310729535975 -0.0767947465680783
51.5314985239003 -0.0772489890400473
51.5320822924202 -0.0767035865257446
51.5320951209545 -0.0767183811195761
51.5323452235997 -0.0772449344612026
51.5323705533234 -0.077825066056288
51.5323790091631 -0.0778363600001617
51.5328604790132 -0.0778891899704273
51.5329161665957 -0.0779958574922399
51.5336647794191 -0.0773550532657969
51.5337034550435 -0.077422018765319
51.5337747080537 -0.0778695814238829
51.5334741254217 -0.0785526174521026
51.5334677234896 -0.0786502511714859
51.5337192573965 -0.0791110284150559
51.5337518635737 -0.0791258237984009
51.5341071778177 -0.078178106831372
51.5342298838212 -0.0782874236715628
51.5345074364519 -0.0772250333090521
51.5344546685687 -0.0769784320324482
51.5345193501703 -0.0767946449146451
51.5346740849882 -0.0767628004383177
51.5349212915622 -0.0769975225572295
51.5349398282736 -0.0775031939432999
51.5351766745676 -0.077851894179352
51.5352582722043 -0.0777457388384667
51.5353417581437 -0.0771294798753737
51.5354395493189 -0.0771063367284273
51.5356183601893 -0.0770844155413435
51.5356208912238 -0.0770852599708842
51.5357201005972 -0.0773406105127844
51.535870980655 -0.0773423369163346
51.5361157402704 -0.0769012892221105
51.5363883138685 -0.0770546998888959
51.5365368885264 -0.0768609488194317
51.5364269929112 -0.0759265918605501
51.5362907939217 -0.0757511484701978
51.5364236151023 -0.0749425671089791
51.5362683667288 -0.0746363202337578
51.5364082783697 -0.0739753350713249
51.5361629867633 -0.0735674388103722
51.535914607784 -0.0731796504811538
51.5358783719457 -0.0730369694733284
51.5360128457126 -0.0727897087680847
51.5360300432926 -0.0719816104691606
51.5358219628589 -0.0714424486062357
51.5359817689784 -0.0711067295702813
51.5359921922914 -0.0703465917851113
51.5358466320161 -0.070149092676883
51.5358204541927 -0.069394072200994
51.5358950348375 -0.0692935469760457
51.5360038271293 -0.0682840977123937
51.5358332626154 -0.0680642428733883
51.5358043981533 -0.0672670132816181
51.5357993979844 -0.0672527207550522
51.5357412653336 -0.066703662573814
51.5357542822847 -0.0666643535630248
51.5357158404809 -0.0659847554454245
51.5356529650774 -0.0658026692398912
51.5356112386071 -0.0652185603734381
51.5356870510063 -0.0650675680995636
51.5357144630754 -0.0646256884954106
51.5356737904323 -0.0645634521620219
51.5354522959397 -0.0639870908503555
51.5355628173992 -0.0632974907334615
51.5354854364131 -0.0630538465223318
51.5355933005826 -0.0625193857416519
51.5356988505428 -0.0623075633135506
51.5351211392016 -0.0613272705793384
51.5351326460064 -0.0611042264168731
51.5346409260308 -0.0608016351970572
51.5343047418418 -0.0599831391491859
51.5336844312182 -0.0600374502931283
51.5342837300004 -0.0582024343763117
51.5341449876481 -0.0578749885388873
51.5341814854312 -0.0572885261396592
51.5341987837603 -0.0572147948727206
51.5341948045296 -0.0571428017336739
51.5348823220567 -0.0564295769229366
51.5351319762932 -0.0564513984220779
51.5351435366519 -0.0564111979161238
51.534966364783 -0.0555770320742625
51.535300252358 -0.0547147830529678
51.535135000307 -0.0543072714258578
51.5350858631553 -0.0542662110643348
51.534991830556 -0.0539737190953217
51.5349558381406 -0.0523737406870379
51.5350972869696 -0.0516504611600531
51.5353567243961 -0.0511841639833467
51.5353808360133 -0.0507956808709812
51.5351571645635 -0.0498112255235205
51.5348270309504 -0.0491557715492674
51.5348260119565 -0.0491377444848908
51.534413377719 -0.0476089351779075
51.5342617623439 -0.0467908411681559
51.5341878937072 -0.0454432418339718
51.5342134441187 -0.0452231626383516
51.5322201883658 -0.0456284549650052
51.531870988891 -0.0450872990928872
51.5320122148179 -0.0440675720650397
51.5317974666837 -0.0438641042203714
51.5315633669136 -0.0432550263196922
51.5315389640509 -0.0427784238605305
51.5310514781124 -0.0414828993210562
51.5310185067251 -0.0414626789838171
51.5307066143221 -0.0415148182490928
51.5306183002125 -0.0414590521238331
51.5304243137253 -0.0412178603262318
51.5301668183919 -0.0408882207311579
51.5301464239237 -0.0408674612616462
51.5296588384359 -0.0404658019358643
51.5295938420335 -0.0404605094808198
51.5294221994815 -0.0405290985310701
51.5290010298043 -0.0408689650170524
51.5288689927042 -0.0409728201007525
51.5326319843564 -0.0601958434772703
51.533109677357 -0.0614064309264996
51.5330704135203 -0.0614621898772566
51.5328434164141 -0.0615546930472235
51.5326420848289 -0.061502973688182
51.5325190447441 -0.0608359368726016
51.5326057031719 -0.0602374987068385
51.5326319843564 -0.0601958434772703
4 4
51.5241404437611 -0.076242726431791
51.5241386970886 -0.0762129668250956
51.5241027885429 -0.0762325465553356
51.5241404437611 -0.076242726431791
