241 4
51.5395299669165 -0.0340177309215573
51.5404085062753 -0.0331831163452272
51.5389980173767 -0.0293449410298839
51.5392219449946 -0.0281510485265444
51.5400482442065 -0.0275429488129492
51.5401359820743 -0.026911839086368
51.5399217187351 -0.0263488436477435
51.5398049422593 -0.0256598818654238
51.5400963227069 -0.024934347427515
51.5405332392216 -0.0247955783909841
51.5410308284642 -0.0232525586356811
51.5412405237603 -0.0232660631951529
51.5421582188462 -0.0225241590197672
51.5421907735498 -0.0223541398922927
51.5444723089152 -0.0177491888671256
51.5448315243427 -0.016699753187187
51.5445364788914 -0.016716150098534
51.5409359543441 -0.0206276253194936
51.5408611221361 -0.0206308723896112
51.5392743119524 -0.0192792507837691
51.5390948199497 -0.018259533016654
51.5377140241287 -0.0177797353953185
51.5369423846561 -0.0171399774478355
51.5366595239991 -0.0173560501918791
51.5341603938036 -0.0172132051461328
51.533610429842 -0.0186365954026444
51.5314794057853 -0.0180073023820044
51.5313003738128 -0.0161010388376443
51.5311037816688 -0.015884314672468
51.5310082053983 -0.0157029043913386
51.5309232697254 -0.0155074802481104
51.5306806892676 -0.0144592056253893
51.530515097336 -0.0141302319449264
51.5301970070702 -0.0141873445965111
51.5294693373871 -0.013342325631543
51.5295044513696 -0.0127297926198039
51.5290971189538 -0.0114040458705194
51.5285393192861 -0.0114643693519472
51.5284366226086 -0.0113724408305197
51.5282838309107 -0.0111520583369475
51.528146118009 -0.0100821769442504
51.5291842677099 -0.00735349998450581
51.5287695866268 -0.00608031480622698
51.5287677088341 -0.0059804266407446
51.5287668668073 -0.00593089437511887
51.5283559194118 -0.00350964646535126
51.5273983503219 -0.00364484701993211
51.5274026423819 -0.00365404977581787
51.5272606221678 -0.00429465390925107
51.5267549212306 -0.00417258328358713
51.526473408946 -0.00559771935853186
51.5265862744763 -0.00641450072595644
51.5266034549181 -0.00652084762926166
51.5266164080668 -0.00660063461239799
51.5271230676645 -0.00731369335720325
51.5270495590613 -0.00774945675305167
51.5265584920693 -0.00742487701548624
51.5264136891022 -0.00737354960562863
51.526042341575 -0.00721669698754624
51.5259401032106 -0.00723661316220118
51.5257555171682 -0.00727248635370525
51.5254624008993 -0.00748711157692752
51.5252399289328 -0.0076266203092519
51.5251194188882 -0.00772994121718976
51.5250095395638 -0.00782400186735029
51.5246925160239 -0.00798082755766757
51.5246260100691 -0.0080138016347016
51.5246917686648 -0.00801093175149551
51.5248327184387 -0.00800478028483568
51.5249957320562 -0.00806969545519762
51.5251285855842 -0.00806853302576679
51.5254093050178 -0.00806614724275565
51.5256597060694 -0.00798306944152436
51.5258102233372 -0.00784682067227689
51.526007213939 -0.00779495606496781
51.5262046927065 -0.00777183474831004
51.5262656283504 -0.00778141787924835
51.5263489174931 -0.00779442327802687
51.5264484693115 -0.00783334451717983
51.5267774867259 -0.00815513436680112
51.526942315584 -0.00831637362879219
51.5268429850309 -0.00882529276444314
51.526598180261 -0.00866611510385784
51.5265520919182 -0.00863615136314505
51.5263511868393 -0.00845746819842253
51.5260614275186 -0.00834043178286382
51.5256850123694 -0.00841450584612649
51.5253991653324 -0.00852789250771131
51.5251442220184 -0.0086452781291028
51.525122545562 -0.00865525730686394
51.5248439697775 -0.00866741128555435
51.5246770413717 -0.00858899609365223
51.5245629480262 -0.00853549503678278
51.5243169163026 -0.00860589680942201
51.5239096686915 -0.00872255427300746
51.5235757264416 -0.0086507135955251
51.523402563654 -0.00859693811827886
51.5233316163237 -0.00857483583258878
51.5229719456959 -0.00857614596922937
51.5227460463582 -0.00851385644441025
51.5225578845272 -0.00855094728096274
51.5221657018896 -0.00875537002199035
51.5220617948134 -0.00881469398360576
51.521322597139 -0.00923641321514763
51.5210167496066 -0.00941091242861103
51.5207600677033 -0.00950007071541459
51.520399891653 -0.00962523538156538
51.520110864891 -0.0095513156723901
51.5197730107614 -0.00924896239792288
51.5196323915239 -0.00898329188847228
51.5196250152714 -0.00905717974209057
51.5200460030565 -0.0105820587950506
51.5202744755063 -0.0105045961883431
51.5207530356417 -0.00966843081329394
51.5215636927055 -0.0109151394679076
51.5207746799593 -0.0117927580799657
51.5206659671555 -0.0124226409119624
51.5207823920191 -0.0131338790622604
51.5204625179377 -0.0140730397310427
51.5202473951647 -0.0143391105477002
51.5201114375351 -0.0154954723354451
51.5197772780343 -0.0159685105481834
51.5197220263201 -0.0161673657531563
51.5187962872439 -0.0165535500437213
51.5184484547556 -0.0170316764802974
51.5184334923054 -0.0172846311957014
51.5182595493872 -0.0175408051489544
51.5180418178231 -0.0177699996007455
51.5181185934487 -0.0186585805429792
51.5175916861674 -0.0187544160249794
51.5175955933702 -0.019635217146741
51.5175151861673 -0.0197342531894479
51.5172474729951 -0.0197295838903468
51.5170809005686 -0.0208755332757767
51.5169145849152 -0.0212538786229882
51.5170724210807 -0.0214173355371514
51.5172452187075 -0.0219241880793396
51.5172339665759 -0.0226110973069017
51.5171729604358 -0.0227785708394464
51.5174069183857 -0.0232927641484821
51.5180166938349 -0.0232862093241117
51.5178539556339 -0.0239733877298274
51.5180479813848 -0.0247324741385445
51.5181792124086 -0.0249232433677133
51.5184886277561 -0.0250180050225778
51.5186880338133 -0.0259102166166737
51.5185907997772 -0.0262063014628873
51.5178076604405 -0.0259383010951189
51.5176077532124 -0.0262767292532685
51.5176030728397 -0.0264633934662338
51.5173300638221 -0.0269507944591443
51.5178708553621 -0.0274769482146082
51.5179818262088 -0.0279226843962567
51.5179597192655 -0.0283884308547502
51.517744934647 -0.0285535076487676
51.5176990923813 -0.0286555516720182
51.5169652847315 -0.0287655514669608
51.5170526575298 -0.0303274925987217
51.5173989527923 -0.0305576021051609
51.517470759572 -0.0307382324554501
51.5170246472399 -0.0318132457659997
51.5166416996618 -0.0319756878736653
51.5165967486794 -0.031954214286283
51.5161495396185 -0.0324338669153698
51.5161878441192 -0.033232942827447
51.5166329036531 -0.0328768635824582
51.5173564069747 -0.0332565223010954
51.517372220889 -0.0332828178676991
51.5181599756065 -0.033698464189748
51.5183422336787 -0.0336573383644449
51.518735137536 -0.0341691527663828
51.5186402134535 -0.0351623770335512
51.5187392661691 -0.0358752188887023
51.5190969733645 -0.0363526792971117
51.5195116773715 -0.0365348594546515
51.5197314746279 -0.0363946748163355
51.5202171419541 -0.0367828590342213
51.5203153793933 -0.0367921830163565
51.5205774112317 -0.0370429758943931
51.5205885524603 -0.0370479638701524
51.5206764058905 -0.0371244093046169
51.5211814542875 -0.0370269851679832
51.5217652537944 -0.0351630040432179
51.5218194219524 -0.0351390414139942
51.5220890864122 -0.0353032172815858
51.5228931912316 -0.0354073112306881
51.5230424563472 -0.035296413189115
51.5234664060583 -0.0352898133013647
51.5236831567902 -0.0354616216538014
51.5240069319465 -0.0361567918430265
51.5240278602091 -0.0362684497521841
51.5240264675382 -0.0364054338480361
51.524934355517 -0.0378764945150229
51.5254872816243 -0.0372716105531977
51.5261778380516 -0.0381924648694457
51.5269645645219 -0.0383649984458227
51.5270938873132 -0.0384161390148554
51.5270774392281 -0.0386529132505714
51.5270981401945 -0.0390737593518494
51.5273845024388 -0.0404634858794522
51.5286927185836 -0.0407533453946336
51.5286942596813 -0.0407541113231088
51.5288689927042 -0.0409728201007525
51.5290010298043 -0.0408689650170524
51.5294221994815 -0.0405290985310701
51.5295938420335 -0.0404605094808198
51.5296588384359 -0.0404658019358643
51.5301464239237 -0.0408674612616462
51.5301668183919 -0.0408882207311579
51.5304243137253 -0.0412178603262318
51.5306183002125 -0.0414590521238331
51.5307066143221 -0.0415148182490928
51.5310185067251 -0.0414626789838171
51.5310514781124 -0.0414828993210562
51.5315389640509 -0.0427784238605305
51.5315633669136 -0.0432550263196922
51.5317974666837 -0.0438641042203714
51.5320122148179 -0.0440675720650397
51.531870988891 -0.0450872990928872
51.5322201883658 -0.0456284549650052
51.5342134441187 -0.0452231626383516
51.534248563243 -0.045070199488167
51.5342380387564 -0.0447353967517732
51.5336999882995 -0.044244760081753
51.5334653702109 -0.0436907198318973
51.5330014416427 -0.0423355125062356
51.5330900958419 -0.0414422388631034
51.5343854020979 -0.0408999248246726
51.5350179080766 -0.0410810556594289
51.5349200766397 -0.0389007232193092
51.5354461561523 -0.03780301142226
51.535704406809 -0.0374033783043808
51.5361899802259 -0.0369318997914242
51.5369153847949 -0.0364752942502978
51.5380594131731 -0.0363116801367115
51.5380884821726 -0.036243729135049
51.5383594836446 -0.0357092819140624
51.5385811843441 -0.0353338939680276
51.5391692276695 -0.0345614188011644
51.5391816973884 -0.0345491107327275
51.5395299669165 -0.0340177309215573
65 4
51.520436533007 -0.00380919210942805
51.5184588270413 -0.00245872809228232
51.518225325741 -0.00261013056732088
51.5185558762431 -0.00324812250173399
51.5184707019622 -0.00352578288980263
51.5183333404834 -0.00390650339241633
51.5182565671362 -0.00415491498259153
51.5181267181192 -0.00444890457728086
51.51758271659 -0.00471773404408855
51.5175541707577 -0.00473609477337089
51.517244687327 -0.00493429847521838
51.5171752681537 -0.00508136661419094
51.5172192861542 -0.00555516200063437
51.5172732775524 -0.00556872804103434
51.5174631518322 -0.00561652643744576
51.5177167378972 -0.0057208441531189
51.5180154832261 -0.00583745153585871
51.5180179309574 -0.00583865188797966
51.518468662547 -0.00604833224284245
51.5190749667559 -0.00680016917461953
51.5195095130471 -0.00750188157610174
51.5195271948376 -0.00753723918675077
51.5197356570899 -0.0079543263984878
51.5199750096044 -0.00843294013533217
51.5201109849639 -0.00849914879420704
51.5204483510477 -0.00877263971785873
51.520789759943 -0.00878650916181581
51.5209613198253 -0.00879352547126817
51.5209831708319 -0.00878853142406847
51.5211942447992 -0.00874010355392866
51.5218624054255 -0.00829639905781561
51.5219144997251 -0.00826179812452752
51.5224290243862 -0.00785021928234879
51.5230261988969 -0.0075358126752884
51.5233035519433 -0.0074516789876288
51.5234744741239 -0.00743173773931874
51.5240795628924 -0.00736098880059974
51.5240933812053 -0.00735943467943135
51.5245885392806 -0.00739558350701076
51.5247085710957 -0.00735409105276334
51.5247316292503 -0.0073460716511766
51.5251031997111 -0.00713503636870882
51.5253640009948 -0.0069868391306297
51.5256717561929 -0.00678726171238109
51.5257563204957 -0.00673245768604855
51.5259599493688 -0.00660042225959169
51.5262006330955 -0.00647461212846438
51.5263059852182 -0.00632582815705085
51.5263072988325 -0.00534549745855783
51.5266065282839 -0.00390508859234524
51.5266727072283 -0.00374731281759722
51.5272287438741 -0.0024218770544039
51.5283330268576 -0.000186697993187804
51.5276940724475 0.00177039829247158
51.5268836860444 0.00200337190469076
51.5266138965894 0.00203480436624225
51.5256533189974 0.00189710314086224
51.5251263196278 0.00153891852084442
51.5251052929225 0.00138026760320115
51.5250744271816 -0.00397304424629222
51.5250296558948 -0.0040416831618319
51.5231012062808 -0.00248449119164663
51.5224295649905 -0.00144526462657011
51.5218570577348 -0.00103794426538479
51.520436533007 -0.00380919210942805
6 4
51.5162613911533 -0.0340217085005008
51.5162486600943 -0.0341096023043313
51.516782351502 -0.034632449917442
51.5168598317107 -0.0345940570899338
51.5170590505983 -0.0335963784735397
51.5162613911533 -0.0340217085005008
