51.6322358646142 0.0219920333509654
51.6320975558755 0.0219840953252444
51.6303143711065 0.0220899357349673
51.6298874002226 0.0222434560563256
51.6295924095487 0.0222086541666675
51.6291784411952 0.0222596988578924
51.6275344541408 0.0211733939849519
51.6268342644722 0.021145013266817
51.625493102341 0.0190888907515739
51.6251308666837 0.0187613019850448
51.6245454633535 0.0171857854048955
51.6239916043144 0.0165309562577463
51.6218415749816 0.0172157112777913
51.6213831617392 0.0169968190800758
51.6201625677015 0.0168360901940619
51.6199793898363 0.0164100133182489
51.6197339090681 0.0160415667732188
51.6191523776269 0.0154325248236186
51.6178562938483 0.0137824451542142
51.6177624812508 0.0127211292574457
51.6172602896457 0.0119666696336629
51.6166395403365 0.010796207635928
51.6156496668011 0.0103913503348399
51.6147330208182 0.00924313661115344
51.6137752137164 0.0100684299034004
51.6124448006435 0.0104718402562341
51.6120140271666 0.0115722370292242
51.6118389950976 0.0117241957343591
51.6107132498438 0.0115417629770067
51.6097639114516 0.00991468800106632
51.6087594264269 0.00943889390313245
51.6087063750841 0.00945000723506541
51.6077526102393 0.00664494231228596
51.6076489408438 0.0065248663273532
51.6075599680796 0.00587102269682442
51.6071365533079 0.0058334264635135
51.6061760007124 0.00503735703554915
51.6061350918005 0.00404272457852177
51.6057102253187 0.00368466076834994
51.6055666756136 0.00345174775234229
51.6056969138006 0.00197277542720112
51.605576767948 0.0017589961998554
51.6048833173957 0.00167253280469926
51.6045749805496 0.00130236066851939
51.6041977643418 0.0014392518541199
51.6037780351688 0.000689724684257322
51.6031397993361 0.00114543055803681
51.6027252069695 0.0010964837040172
51.6026146304716 0.00117556202196088
51.6025142679052 0.00121448844045911
51.6022073099559 -0.000391946019023785
51.601575287465 -0.000611995005259469
51.6011223648853 -0.00114991881034862
51.6005146069971 -0.00104754828942437
51.6002124085184 -0.00168896571142552
51.6001980854055 -0.00177174402988339
51.6001842924415 -0.00215499950877874
51.6002733990207 -0.00376741269785441
51.6005952575683 -0.00461432700591334
51.600599806581 -0.00514107956045112
51.6023293773291 -0.00681264254643214
51.6023535465667 -0.00682241886528901
51.6029038131498 -0.00774321585895712
51.6036310848369 -0.00827194485747602
51.6038101330817 -0.00874692464327016
51.6039358931965 -0.00963680593577891
51.6041810751672 -0.0109004638729873
51.6036723351392 -0.0118397456422137
51.6036326314115 -0.0118947025577427
51.6031991456173 -0.0124154964532267
51.6029277845521 -0.0132784177522665
51.6023090437261 -0.0136790437444282
51.6008236926398 -0.0139694781522892
51.6010386122127 -0.0160088727185712
51.6010102996622 -0.0161634549913541
51.6009545100024 -0.0163039949645982
51.6008608526716 -0.0172520935731831
51.6014422813005 -0.0190598184781553
51.6026538765243 -0.0196522921596555
51.6025880562086 -0.0235929336346953
51.6022738703993 -0.0244053655838842
51.602424993755 -0.025495373940003
51.6026498106057 -0.0263493064390049
51.602608000805 -0.0271724172275191
51.6026324794414 -0.0275269981171546
51.6029434474613 -0.0289133577368203
51.6042076717373 -0.0323298953998377
51.6042124947075 -0.0323387360028765
51.6049537653041 -0.0332750781631808
51.6050669250858 -0.0345510187854714
51.6051564152234 -0.0349722330203687
51.6072750374416 -0.0350775845737562
51.6088670766897 -0.0345628890053902
51.6093966622057 -0.0339126974578809
51.6101391025483 -0.033631378482014
51.6118038889593 -0.0354533955083122
51.6119030689477 -0.0354761461326898
51.6120964570076 -0.035498521098252
51.6122655062759 -0.0354632365199817
51.6135056800096 -0.0360496863014717
51.6139302867399 -0.0358462876643466
51.61623169456 -0.035990722730592
51.6179268188123 -0.0351357456546242
51.6180144660774 -0.0349260301682284
51.620634942701 -0.032323538257968
51.6218164305644 -0.0321217485108329
51.6226221633653 -0.0302168930118707
51.6251776291381 -0.0277160242298405
51.6287802657256 -0.0268291370409209
51.6301490558759 -0.0270958131999129
51.6314476712863 -0.0258030441974306
51.6338075197734 -0.024717986498052
51.6343605065538 -0.024772478213005
51.6349852016994 -0.024338923060563
51.6386115703353 -0.0231706216633206
51.6389678648963 -0.0231560801752631
51.6411118133773 -0.0212317596128564
51.6424039943693 -0.0202595807159537
51.6426122915747 -0.0198918115303388
51.6450618739152 -0.0183740569074921
51.6470052153866 -0.0180968396540996
51.6488890377535 -0.0184158513848457
51.6489476350338 -0.018398874653294
51.6522526885894 -0.015376087340071
51.6530426913406 -0.0155765127455552
51.6577874051685 -0.0130053484112887
51.6582104000072 -0.0130862659341886
51.6583071938084 -0.0130846546662796
51.659037599197 -0.0129451764912847
51.6598204021019 -0.011286171700241
51.6623041795914 -0.00843011031957683
51.6625679776124 -0.00839505617344852
51.6650866498385 -0.00748744701351704
51.6657724479219 -0.00701358591403659
51.6661194697707 -0.00700372142678659
51.666849846149 -0.00746159050970992
51.6689896661311 -0.00716248434557548
51.6722649569562 -0.00594491040396765
51.6723474912097 -0.00529950100238665
51.6723534363918 -0.00350672650808316
51.6723147318973 -0.00255755760678683
51.6722209107449 -0.00151851967036548
51.6719627014991 -0.000445228197909439
51.6684234282132 -0.00026305208275149
51.6669808017067 -0.00114904778197152
51.6662133922902 -0.000328660138041799
51.6656376939064 0.000599463164480711
51.6655249325953 0.00119731554081956
51.6668000201612 0.00342984935970961
51.6680036969935 0.0111285590556196
51.6641634476564 0.0131818047384065
51.6606014561065 0.011687271440138
51.6592709798339 0.0138567834192339
51.6588138081114 0.0140055558235981
51.6521070331114 0.0150129351952586
51.6508672449725 0.0219935251319038
51.6490029992205 0.0300118547722678
51.6478138424005 0.0289748774108224
51.6418880290878 0.023144990848745
51.640661595309 0.0234489638396002
51.6403049621361 0.0238350235385971
51.6387110765938 0.0247559339937002
51.6331192723627 0.0230012724974989
51.6322358646142 0.0219920333509654
