210 4
51.5591751220994 -0.0324952370688516
51.5586271307059 -0.0316560380041061
51.5570199382322 -0.0337333204939313
51.5553108749246 -0.035189102740609
51.5545378190594 -0.0355001350087363
51.5543340885092 -0.0358803527058841
51.5534596495507 -0.0363110991185462
51.5533310679006 -0.0362075740021717
51.5532697446527 -0.0362391160912124
51.5522584791881 -0.0356227174805728
51.5522686695297 -0.0349857572819021
51.5522094211584 -0.0349694004440787
51.5520969886263 -0.0349498647594818
51.5513886952487 -0.0353112486071835
51.5513651272264 -0.0351815609558043
51.5508726361665 -0.03450955091482
51.5505029482774 -0.0348679944906584
51.5503743809502 -0.0355920889690288
51.5502676731501 -0.0357319048118319
51.550251972001 -0.036410460407607
51.5501867243313 -0.0365620463781662
51.5495053572845 -0.0366256329950898
51.5493318413491 -0.0369098390822196
51.5493126734413 -0.0370161495483884
51.5492726484575 -0.0371117031476517
51.5493105311546 -0.0378393127623921
51.5492189394044 -0.0382327279814097
51.5496707779517 -0.0389533585457797
51.5496718111323 -0.0391066079608914
51.5495719653791 -0.0396895872028283
51.5493976775429 -0.0399495546298956
51.5494469457274 -0.0407785970242895
51.5503602937825 -0.0407979870587494
51.5506253515799 -0.040956070284248
51.5509905616154 -0.0403822512647729
51.5512317343775 -0.040472025099268
51.5516012803724 -0.0415414966493904
51.551498801064 -0.0418542818314981
51.5514369916912 -0.0420453198759978
51.5515356724777 -0.0426523800528566
51.5516966006408 -0.0429330446380619
51.5518273471114 -0.0430319727977236
51.5520620536249 -0.043456473051993
51.5519072478721 -0.0442545970828896
51.5511491532967 -0.0449037547041846
51.5514614465106 -0.0463165640451342
51.5509907389484 -0.0469002113671606
51.5510009001809 -0.0479915348401727
51.5511116828943 -0.0480795566333594
51.551467536164 -0.0490488198691586
51.5515626574438 -0.0490979116311301
51.5516500710417 -0.0494025563210126
51.5515548764119 -0.0498790158694896
51.5514097607377 -0.0500240119770269
51.5512503904831 -0.0508206316151144
51.5507764019868 -0.0504342793484178
51.5505666480908 -0.0506117660488159
51.5504540234622 -0.0508564552586047
51.5504168300763 -0.0510690204043686
51.5510580850618 -0.0517943095202866
51.5510305637366 -0.0518964551609795
51.5504455036946 -0.0521026928780359
51.5503566909674 -0.0525851645009607
51.5500158632384 -0.0527953514234298
51.5497813933028 -0.0532930732629396
51.549902465262 -0.0536601401390839
51.5498576246976 -0.0544906035297023
51.5499385910551 -0.0549819965544909
51.5500729948478 -0.0551177852668793
51.5501478819172 -0.0552696704248357
51.5499452085566 -0.0567973433724344
51.549824000884 -0.056871960253785
51.5496241490973 -0.0582074321454229
51.5496355569586 -0.058228590606032
51.5499025150246 -0.058513822275846
51.5497052324441 -0.0597013566709776
51.5498164977216 -0.059835407692848
51.5498969721417 -0.0600646009911757
51.5498874082467 -0.0601984415223272
51.5498671040443 -0.060704973426669
51.5501744366042 -0.0609965911417678
51.5503112403605 -0.0603642723480197
51.5503403048589 -0.060327834016442
51.5506118043853 -0.0603334112251086
51.5508420667062 -0.060536377963998
51.5509785144015 -0.0600185909583385
51.5512412349019 -0.0599064438934805
51.5514611561344 -0.0600439644816508
51.5515250354554 -0.0606669329986114
51.551022559766 -0.061225618322107
51.5510158343485 -0.0612538522885185
51.5513808882254 -0.062394913548877
51.5519310094192 -0.0630170908513297
51.5519343333767 -0.0630169496559073
51.553065045145 -0.0627201095311142
51.5534334152938 -0.0624727750936934
51.5536926208397 -0.062479719905809
51.553897261294 -0.062966032775137
51.5540497784015 -0.0634481412027148
51.5541358370435 -0.0636184893243045
51.5541407298185 -0.0636534865624546
51.5542236698254 -0.0641142908750253
51.5543357701727 -0.0646098967740732
51.5545008639469 -0.0651627246408177
51.5545799229156 -0.065372148098115
51.5548026843171 -0.0658459396184817
51.5548547266865 -0.06609623674757
51.5549595036153 -0.0664425407668164
51.5552381897298 -0.0668624698173495
51.5560785496074 -0.0667574962038118
51.5562205344565 -0.0668741041480474
51.5562368695544 -0.0669707055378708
51.5567381067498 -0.0677212724926809
51.5573417809597 -0.0673936877176064
51.5575743563035 -0.0676669173406108
51.5577209265482 -0.0676471452368635
51.5580062388202 -0.0665594240081364
51.5576024589577 -0.0660932748581019
51.5575959088864 -0.0656959199662449
51.5580088046875 -0.0655097360587013
51.5581159883977 -0.064862402413117
51.55828157778 -0.0645622889539285
51.558245024657 -0.0641067289844687
51.5586778482599 -0.0635212065836187
51.5590083830055 -0.0638083440804067
51.5596442750808 -0.0624161439643275
51.5597972604036 -0.0624745886614866
51.5598248675564 -0.0624968485993405
51.5599369639782 -0.0626814543748617
51.5599532626445 -0.0627429731373999
51.5603623157271 -0.0631683295661724
51.5611145119238 -0.0630434666479978
51.5611789289362 -0.0631444575977136
51.5613203043501 -0.0640356065308652
51.5612051955778 -0.0642839947145147
51.5613059145282 -0.0650380532293425
51.5620250682641 -0.0653898519756252
51.5620469086594 -0.0654277048604019
51.5622902546551 -0.0653506420715363
51.5627152994904 -0.0658141448183344
51.5633143828576 -0.0650230979637648
51.5635699942582 -0.0652809785649344
51.5638283360163 -0.0657208756706233
51.5644780833478 -0.0644641775507704
51.5645231760159 -0.0641295231646367
51.5644570674367 -0.0639041602787201
51.5646472645781 -0.0633902490021778
51.5655453104937 -0.063392657930292
51.5655665887112 -0.0633746227382582
51.5652692989284 -0.0621553725363045
51.5653545465203 -0.0620696620308944
51.565487683149 -0.0614707198896923
51.5660190449719 -0.061501297473584
51.5659972100839 -0.0612244384789583
51.5657474105362 -0.0610141443004615
51.5658813876288 -0.06013463476296
51.5660355105106 -0.0600062526220587
51.5664235379353 -0.0602413531236506
51.5664326389536 -0.0602807011012771
51.5666379622198 -0.0606011484829075
51.5668422823077 -0.0607195128805007
51.5670058372691 -0.0616298084465171
51.5674021117678 -0.0620051999849676
51.5676606170023 -0.0616813128977421
51.567980788028 -0.0617108822862797
51.5681698665636 -0.0615161725292259
51.56828733068 -0.061481432854066
51.568853707149 -0.0620480482441399
51.5685854044009 -0.0629982787542131
51.5687356175278 -0.0633463176718951
51.5695154042779 -0.0626927185355479
51.5698716422764 -0.0629085082952173
51.5699861684386 -0.0629081611490017
51.5701195177764 -0.0631549632445666
51.5703112262454 -0.0639856108407142
51.5699591870628 -0.0645091945614283
51.5700422573769 -0.0654634344082163
51.5701595747896 -0.0657687478662755
51.5705776175133 -0.0660639178198666
51.5713790026934 -0.0652363040031705
51.5715348932619 -0.0656292241936302
51.5721629118221 -0.0666099923223982
51.5729242469334 -0.0655503723251264
51.5724857691502 -0.0643432164812754
51.5725514471745 -0.0641446978168692
51.5732155001932 -0.0636141274096235
51.5732391160202 -0.0634435690602642
51.5737235516833 -0.0624831008887106
51.5738008695266 -0.061405595992814
51.573671760519 -0.0609042047691845
51.5761078207655 -0.0559630872534055
51.5767068260999 -0.0540270628694634
51.5743616812982 -0.0511489335436523
51.574008520518 -0.0499941491939751
51.5707888325462 -0.0492462482094954
51.5703478999003 -0.0489341259715517
51.5695106813771 -0.0482647987180908
51.568507062903 -0.0469153136135044
51.5673794382121 -0.0442697839291893
51.5669009542308 -0.044181221988467
51.5653570640726 -0.0433051488053433
51.5651431935616 -0.0432998168102992
51.5620754079879 -0.0402051583990493
51.5612577606032 -0.0386712972484419
51.5611359699744 -0.0376242653933297
51.5611308246546 -0.0374026366332509
51.5607783955594 -0.0354674459232434
51.5602668059063 -0.0337411316172453
51.559897739088 -0.0333800936356767
51.5591751220994 -0.0324952370688516
29 4
51.5736641977965 -0.0709397586887212
51.573676027446 -0.0708390709649074
51.5737407697066 -0.0706649885607318
51.5736204967137 -0.0697528130816117
51.5736510493879 -0.0696099245276218
51.573042157145 -0.0687409521773576
51.5732618871972 -0.0682121471147972
51.5732711878804 -0.0673683814842539
51.5724669074855 -0.0672130722951347
51.5722670181382 -0.0672432059540404
51.572215053759 -0.0675159775263804
51.5720914328546 -0.0676628097354037
51.5718441997498 -0.06830651657915
51.5717746567865 -0.0683744287666099
51.5714464467182 -0.0691945570341778
51.5717635058292 -0.0698602706809033
51.5720701378686 -0.0700998823230377
51.5722255052939 -0.0701230477271476
51.5723435933251 -0.0703939686711314
51.5722685702568 -0.0708996114410297
51.5722790292735 -0.0711092928926489
51.5721032546171 -0.0718409812492399
51.5726567492083 -0.072255897198494
51.5727634106934 -0.0717878214498025
51.5730361272311 -0.071676095268717
51.5731328509152 -0.071763144691193
51.5733868380662 -0.0723827842697888
51.5737190979194 -0.0716436216721939
51.5736641977965 -0.0709397586887212
7 4
51.5665004967061 -0.0614492930658527
51.5660761853921 -0.0617603567959993
51.5660509025654 -0.0620040057702788
51.5661121225572 -0.0621835413288388
51.5665653483374 -0.0623113156838148
51.5667090048107 -0.0617777005643794
51.5665004967061 -0.0614492930658527
