51.5155634623332 0.0955959105348151
51.5155214001603 0.0949309837206512
51.5153918209543 0.094132273233927
51.5153582046941 0.0940009609308483
51.5151761917987 0.0928806562899306
51.5151718156852 0.0928538362324717
51.5148922598642 0.0908808199604008
51.5147659874675 0.0903994565304584
51.5144969254195 0.0898538059451396
51.5141207468137 0.0897645741014677
51.5137020360664 0.0880302938331096
51.5130339740426 0.0856505694144741
51.5126968656204 0.0848857085757262
51.5124963125962 0.0845306378653206
51.5123995475217 0.0844109557091734
51.5121918013378 0.0839546753768315
51.5117802597969 0.0833305839783639
51.5116674855617 0.0830947943687443
51.5114685810655 0.0831578485114198
51.5112141558617 0.0833047559748016
51.5110182322419 0.0831949341531438
51.5109952064899 0.0831702373657188
51.5095887183887 0.0816597727440202
51.5092986497258 0.0813127809359206
51.5097425416105 0.0776343056478446
51.5081954749768 0.0741926877867894
51.5081574539677 0.0731957390954638
51.5086556016881 0.0715880307497913
51.5080861386295 0.0708462014640584
51.5078361578987 0.0700548300365751
51.5077514572993 0.0696429727003993
51.5077179241461 0.0692506637476892
51.507722013179 0.0689679456029668
51.507820078857 0.0681177354523109
51.5076192868502 0.0671512171479663
51.5081611395979 0.066084161200699
51.5081610707914 0.0660778607258224
51.5084537035415 0.0638464920373456
51.5084519696447 0.0638275214780347
51.5079564106867 0.062372186668025
51.5069881996095 0.0606622023924994
51.505929028313 0.0598506887833141
51.505875988528 0.0554234979074507
51.5061189800562 0.0548445286506996
51.5064819675734 0.0531064588071166
51.507310442083 0.0525140982546387
51.5093882598374 0.0494496959443172
51.5098506266158 0.0494649806221008
51.5110498235538 0.0490945950290223
51.5115646888147 0.0479314518670064
51.5114919820859 0.0464725663566916
51.5121591484053 0.0451270302529893
51.5128979703684 0.0448582927692809
51.5131681052594 0.0441425515660211
51.5134602210279 0.0436458416481234
51.5135179462786 0.0436556740318951
51.5135490722767 0.0436596814677535
51.5141735988809 0.0434750415593734
51.5146822788177 0.0431437991434532
51.5155054632896 0.0432185453170393
51.515827122478 0.0434770329001333
51.5159193291741 0.0434685630467089
51.5165141507049 0.0430538163465883
51.5168385189757 0.0431619780226542
51.5174531287829 0.0434949076617596
51.5176526615724 0.043482209611895
51.518674088055 0.0439639736804213
51.5192006930599 0.0435172759935733
51.5196059183077 0.0433137649833712
51.5200329726457 0.0425382579589922
51.5215977916919 0.0420325545060182
51.5216309231162 0.0419781758211741
51.5217706221596 0.0416222794897072
51.5219470628177 0.0396607664111335
51.5236619574731 0.0399797499972279
51.5242999369604 0.0393829429999015
51.5244098959174 0.039382388592095
51.5246577041294 0.0402692266882795
51.525558290481 0.040432033159551
51.5257748941462 0.0403940525264294
51.5258268473117 0.0403170930394977
51.5259531662673 0.0402649721494255
51.5259712451916 0.0402541316589933
51.5261015891218 0.0400067772094971
51.5264151662522 0.0390863938461733
51.5272742530464 0.0398780408050059
51.5275793212785 0.0389816209790277
51.5283514734249 0.0397216152354195
51.5284411722468 0.0384714213893865
51.5290118261971 0.038618517974661
51.5292754867121 0.0383247935714277
51.5298510712257 0.0383433708042784
51.5298644350489 0.0382934461877826
51.5309291521913 0.0375318092185036
51.531191825139 0.0379779171225165
51.5312081421005 0.0387410087725502
51.5314122370516 0.0394070488602856
51.5315843474449 0.0396012618501644
51.5319242852571 0.0395173109550096
51.5324040494 0.0392558186878859
51.5325287668075 0.0384268466368155
51.5329931102728 0.0381213776395064
51.5332172588021 0.0379647160189733
51.5333487089871 0.0376947779653388
51.5334856954264 0.0369610826943256
51.5336933283308 0.0365801742445919
51.5340242723187 0.0368121491088568
51.5344141893878 0.0367646437171984
51.534892463477 0.035728848431045
51.5351260582928 0.0360637162319089
51.5358271236744 0.0361093883625119
51.5358631724825 0.0360525033618954
51.5359009017302 0.0360541871095152
51.5364436088171 0.0356205564086107
51.5367074939414 0.0357486070671387
51.5368040689813 0.0356437733137251
51.5371519942942 0.0355034287958549
51.5371212084754 0.0345107245891431
51.5374385504733 0.0342157524941741
51.5375506694916 0.0342928017058933
51.5377884509945 0.0346819658646258
51.5384581356115 0.0343495565724339
51.5385174693778 0.0344170012153685
51.5385148211831 0.0353885071862279
51.5384389090338 0.0354734603688282
51.5383689312606 0.0359002673148122
51.5388422194232 0.0368866001700783
51.5388281161057 0.0372690584648904
51.5387364893384 0.0374253590817108
51.5384552207578 0.0377237118770291
51.5384213307725 0.0380547516917033
51.5393744144185 0.0389473411563902
51.539270836703 0.0395582505857357
51.539352504495 0.0400575918298458
51.5389611553577 0.0405853568284641
51.5388086471218 0.0406235971222465
51.538677830781 0.040567333021345
51.5379442167957 0.041049097710825
51.5380874992369 0.0418819523762923
51.5383145667606 0.0421724731916968
51.5386171410603 0.0421382214960025
51.5386889877271 0.0420495301054089
51.5391241317117 0.0419139652254032
51.5392238165972 0.0413001540383981
51.5398401818907 0.041305144350578
51.5398452175 0.0414135689665675
51.5395955170978 0.0423974659690878
51.5396240888543 0.0425636591442114
51.5398115768905 0.0430154331559208
51.5390841310822 0.0438598485819787
51.5390701332409 0.0446630930606501
51.5398387083956 0.0446831553148717
51.540770605574 0.0461382052610001
51.5405444180804 0.0466121103135051
51.5403951411209 0.0471245382395544
51.5403504399914 0.047676852019194
51.5402947736151 0.0478014589905568
51.5406757485301 0.0496869973082086
51.5404375081711 0.0503044515351647
51.5404284865574 0.0508205562487892
51.5402995226243 0.0512293683140734
51.5402269336649 0.051252143617672
51.5396657790683 0.0518479249894954
51.5395918046797 0.0521194940362457
51.5390136875728 0.0528983102694299
51.5390115437465 0.0529180698137781
51.5391938841712 0.053507571841679
51.5395974117881 0.0541414005477799
51.5402131551383 0.0544232204334827
51.5401140493937 0.0555336938913112
51.540178816965 0.0558854691713047
51.5402589445417 0.0560891919111463
51.540843402052 0.0569194403792263
51.5410138220638 0.0570443641294533
51.5410296357664 0.0574857342382789
51.541092861031 0.0577662265155655
51.5411568817369 0.0584983529093962
51.5412937158921 0.0589335349931866
51.5421084386762 0.0592028918735546
51.5426841508015 0.0591269787481959
51.542851671714 0.0596780719518163
51.5429873914536 0.0604016964423772
51.5429788165569 0.0605571985287413
51.5431127586216 0.0612230764748918
51.5433592653173 0.0614892780065438
51.5436444418504 0.0620718678323948
51.5440829697257 0.0625992093891663
51.5440983765177 0.0647947797080775
51.5437361424537 0.0665522934300972
51.5436052026684 0.0665904765003637
51.543354487951 0.0665791167712996
51.5420520691943 0.0659982270873329
51.5418670077945 0.066046681992694
51.5414161444055 0.0656999856116745
51.5391844597796 0.0663108939143596
51.5388042054528 0.0663143582152289
51.5385860361417 0.0662314730888043
51.5383185181597 0.0665105344418656
51.5376201276475 0.0674513401058063
51.5375956177863 0.0675259653850862
51.5364101671822 0.0683067435703764
51.5362575815799 0.0686954966307806
51.53516386224 0.0698102992781265
51.5334836900749 0.0689797591120677
51.5331554522411 0.0689648750972674
51.5327994235119 0.0694551702406203
51.5320176817059 0.0699928374385067
51.531176812912 0.0697799410254424
51.5279008830839 0.0725498486942563
51.5278652241502 0.0726599666686326
51.5266846998931 0.0742633518163724
51.5256216073368 0.0742331025582077
51.5224535717324 0.0764171580607145
51.5217005168908 0.0773838867746931
51.5212963058073 0.0793682757243507
51.5214359547051 0.0864335553685072
51.5209268923079 0.0871481187680666
51.5210737357987 0.0879089498845042
51.5221416233087 0.0920089688456739
51.5209939004149 0.0931496422459031
51.5209800014458 0.0931677835201205
51.5203309269371 0.09401287747464
51.5202809254784 0.0940439806565068
51.5201581961339 0.0941202381814242
51.5194766046976 0.0940169486807848
51.5189218033446 0.0938617187835284
51.5184915647192 0.0937843449650512
51.5179788472024 0.0937897085987147
51.5173901539661 0.0940221425208638
51.5165976646774 0.0945911670597405
51.5165951007028 0.0945937827591603
51.515700096152 0.0955012883513286
51.5155634623332 0.0955959105348151
