51.5432713420053 0.0465478982321833
51.5424980092458 0.0467438803032349
51.5414174972387 0.0455011200406033
51.540770605574 0.0461382052610001
51.5398387083956 0.0446831553148717
51.5390701332409 0.0446630930606501
51.5390841310822 0.0438598485819787
51.5398115768905 0.0430154331559208
51.5396240888543 0.0425636591442114
51.5395955170978 0.0423974659690878
51.5398452175 0.0414135689665675
51.5398401818907 0.041305144350578
51.5392238165972 0.0413001540383981
51.5391241317117 0.0419139652254032
51.5386889877271 0.0420495301054089
51.5386171410603 0.0421382214960025
51.5383145667606 0.0421724731916968
51.5380874992369 0.0418819523762923
51.5379442167957 0.041049097710825
51.538677830781 0.040567333021345
51.5388086471218 0.0406235971222465
51.5389611553577 0.0405853568284641
51.539352504495 0.0400575918298458
51.539270836703 0.0395582505857357
51.5393744144185 0.0389473411563902
51.5384213307725 0.0380547516917033
51.5384552207578 0.0377237118770291
51.5387364893384 0.0374253590817108
51.5388281161057 0.0372690584648904
51.5388422194232 0.0368866001700783
51.5383689312606 0.0359002673148122
51.5384389090338 0.0354734603688282
51.5385148211831 0.0353885071862279
51.5385174693778 0.0344170012153685
51.5384581356115 0.0343495565724339
51.5377884509945 0.0346819658646258
51.5375506694916 0.0342928017058933
51.5374385504733 0.0342157524941741
51.5374289268211 0.0336663903348676
51.5377633935481 0.0332235553104559
51.5380516700475 0.033163401505688
51.5382680478697 0.0321888234294946
51.5382455654784 0.032158097930844
51.5378804986316 0.0318506621200274
51.5379926231776 0.0306191447693621
51.5376704953139 0.0304173100297748
51.5371505835174 0.0295921182349131
51.5371405857255 0.0294321189792869
51.5373434523734 0.02924734678585
51.5379859812207 0.0289299418969836
51.537632929026 0.0275370874616175
51.5376402610109 0.026675786191477
51.5376452422082 0.0266580544341588
51.5379525202466 0.0264761225343463
51.5379652265004 0.026463965168502
51.538000909102 0.0255535048002348
51.5377494021394 0.0251556927846944
51.5373253813437 0.0248043252951789
51.537204308754 0.0241726227441641
51.5377562232172 0.0235987144263907
51.5373100811729 0.0218187086700485
51.5373700019754 0.0216438561573588
51.5375087658304 0.0214481234577781
51.5381625853928 0.0198214734056605
51.5393096752056 0.0195108104633847
51.5398694858495 0.0171282254257056
51.5404130894829 0.017286621565426
51.5416968249951 0.0171378074786972
51.5418896453948 0.0170499021581605
51.5421226676336 0.0171701943145681
51.5425352983815 0.0168468226147429
51.5426913498873 0.0168320815331289
51.543385517291 0.0171485142689726
51.5434794540215 0.0169137796133996
51.5434416013277 0.0158574994497296
51.5434568483728 0.0156869439122493
51.5435418850297 0.0156194750834799
51.5442537855047 0.0158772236610365
51.5446030313029 0.0153184322443947
51.5448510767994 0.0151870536924833
51.5449167588285 0.0152205164309258
51.5455000270741 0.0151895659438308
51.5455841492219 0.0146100055745557
51.5456214432697 0.0145323366721715
51.5457412968157 0.0143952891262427
51.5462669087848 0.0141985087646415
51.5465522223799 0.0143102865625454
51.5466048424911 0.0132245156649616
51.5467703754707 0.0128667449023804
51.5471562327406 0.0128612994909008
51.5476350805479 0.0140272787363814
51.5477123938388 0.0148284110329782
51.5477020326637 0.0148558995596253
51.5481551026822 0.0160559754337035
51.5493137829962 0.0158025151527149
51.5495718225206 0.0153144355835626
51.5495819939793 0.0153032304223949
51.5495342643222 0.0145699692738225
51.5495762186135 0.014404138108163
51.5505883631112 0.0136213495524401
51.5507783488134 0.0137612738257087
51.5512958800667 0.0137733066099608
51.5517105091107 0.0139980818789371
51.5521894814091 0.0139886720502028
51.5523534577227 0.0141040243731962
51.5529550488494 0.0142415636199954
51.5531589301678 0.0139386048285067
51.5533638206828 0.0130424395738501
51.5532786024697 0.0113122185602596
51.5533162250766 0.0112309805003538
51.5535157713336 0.00929685285742096
51.5535514196756 0.00924157262303219
51.5538110891917 0.00944414602995801
51.5545219468503 0.00965852109025105
51.5549008904107 0.0104920977423571
51.5548672663875 0.0106862696913792
51.5549952362029 0.0111454289495822
51.5548818076679 0.0118517999750729
51.5551367657838 0.0121768133969192
51.5559878602234 0.0126272238751097
51.5558541974372 0.0134120471844858
51.5558329366635 0.0134670108001668
51.5564147341513 0.0147523126585696
51.5568720751101 0.0147932202222764
51.556710585985 0.0157787890702767
51.5570865799254 0.0165879437201787
51.5570148537723 0.0170211791315793
51.5570658383246 0.0171198991196105
51.557531748711 0.0173054919785057
51.5576621290428 0.0184906150438822
51.5596264543394 0.0217019755241052
51.5594399096355 0.0228703668480357
51.559539766645 0.0236484579970243
51.5595610941522 0.0262517064952968
51.5587986917515 0.028548634731988
51.5585149336905 0.0289507823870933
51.5583540285178 0.0343284171651676
51.5582746416635 0.0345412414439713
51.5580111517498 0.0363336794510567
51.5572409363867 0.0384479096128755
51.5571995844129 0.0398029915346293
51.5565718025224 0.0420461374890684
51.5563837227209 0.0424235657305832
51.5558763032281 0.042336842841561
51.552842586262 0.0397794522037677
51.5529158681336 0.0386511888994711
51.5517050988058 0.0372528951296739
51.550915388626 0.0375232604426984
51.5503664810051 0.039120550853398
51.550426096861 0.0399886549513096
51.5503458410144 0.0400337059876413
51.5500793256233 0.0404914254759155
51.5499663900904 0.0407613304632438
51.5500054656934 0.0415537046689312
51.5500863011059 0.0416871920399152
51.5500818130716 0.0423685618830337
51.5498649271513 0.0429132831459619
51.549696402702 0.0431742682550583
51.5498377132808 0.0441091772465673
51.549841750521 0.0442644382939465
51.5495272620369 0.0448327187424349
51.5494172885031 0.0449836984747315
51.5493716136319 0.0450304095348315
51.5478028472599 0.0439260409711217
51.5478362742643 0.0435967003744647
51.5475043459404 0.0423946446697025
51.5463968828782 0.0420366957172516
51.5463959257617 0.0420348691009368
51.545959541253 0.0417665572792118
51.5455375560317 0.0408669801410195
51.5446014813063 0.0425575329715439
51.5445932002997 0.0425581134178733
51.5443815646036 0.043296830964741
51.5440300610365 0.0438020340883321
51.5441699335709 0.0458039959928038
51.5441657979378 0.0458091615157444
51.5438341859855 0.0465082277603401
51.5432713420053 0.0465478982321833
