51.5135926108529 -0.0683522781612951
51.5134579029409 -0.0685192286182485
51.5133447633712 -0.0689914893483997
51.5132701636371 -0.069281973174746
51.5133545299404 -0.069491942569713
51.5134961845638 -0.0698507613671104
51.5135082053796 -0.069865582303781
51.513528909179 -0.069878134948021
51.5136996114701 -0.0699808375650499
51.5139657576916 -0.0697921734816544
51.5141430568921 -0.0696729770855124
51.5141455567107 -0.0696719207546325
51.5142267049159 -0.0696208387149499
51.514240405055 -0.0696120601379186
51.5143056646805 -0.0694859536560259
51.5143194290205 -0.0694592286787041
51.5144213735205 -0.0689675874372752
51.5139748833465 -0.0691449901249147
51.5139734028505 -0.0691369722150135
51.5139742443595 -0.0691225580691183
51.5144228127811 -0.0689621791186355
51.5144465319434 -0.0688575542363217
51.5141997194521 -0.0685059124291443
51.5140561657929 -0.0684632639138306
51.5136236117644 -0.0683131787395635
51.5135926108529 -0.0683522781612951
51.5139619155411 -0.0691491034110592
51.5139714696045 -0.0691506007076449
51.5139714832886 -0.0691514319465767
51.5139674819069 -0.0691704952881349
51.513963829843 -0.0691725510136405
51.5139582442731 -0.0691718365523142
51.5139586813876 -0.0691492401696138
51.5139619155411 -0.0691491034110592
51.5139555736026 -0.0691133657791803
51.5139556185655 -0.0691160969918038
51.5139592258417 -0.0691222424985587
51.5139564061245 -0.069147553915124
51.5139551483981 -0.0691476070990415
51.5139549687229 -0.0691476146967435
51.513940598356 -0.0691320613421377
51.5139459592009 -0.0691245859610295
51.5139456776943 -0.0691074861986847
51.5139555736026 -0.0691133657791803
