252 4
51.542524352735 -0.0549755652712347
51.5423390281432 -0.0547941703596533
51.5420208297467 -0.0550952503189025
51.54153334573 -0.0551412422472827
51.5414359642598 -0.0544243669829468
51.5413403101747 -0.054245455505423
51.5409716666228 -0.0542747343990861
51.5407787796821 -0.0548137364556848
51.5403512408145 -0.0543273550793319
51.5402734142106 -0.0549686911009549
51.5405201819159 -0.0552664785997865
51.5404957477711 -0.0555442015365074
51.5397504836818 -0.05518122447718
51.5397291158675 -0.0552208963052599
51.5393451377493 -0.0552687731308703
51.539210810178 -0.0557233357959312
51.538770202302 -0.0558367548469107
51.5388148819199 -0.0566180189436402
51.5381889524786 -0.0562896634399287
51.5381390467309 -0.0570596087864035
51.5373896672436 -0.0567355589274558
51.5374392829499 -0.0562683383912714
51.5373367774505 -0.0557734772711226
51.5366012451246 -0.0557210034835837
51.5365744704613 -0.0566008618574129
51.5365851134666 -0.0566409500750871
51.536386195255 -0.0578750565645306
51.5361208816733 -0.0582540737264919
51.5359371152693 -0.0581285016088997
51.535942039901 -0.0565475502482464
51.5358948044141 -0.0564964191509953
51.5354370874137 -0.0569826673088277
51.5351961468071 -0.0567379160449479
51.5351319762932 -0.0564513984220779
51.5348823220567 -0.0564295769229366
51.5341948045296 -0.0571428017336739
51.5341987837603 -0.0572147948727206
51.5341814854312 -0.0572885261396592
51.5341449876481 -0.0578749885388873
51.5342837300004 -0.0582024343763117
51.5336844312182 -0.0600374502931283
51.5343047418418 -0.0599831391491859
51.5346409260308 -0.0608016351970572
51.5351326460064 -0.0611042264168731
51.5351211392016 -0.0613272705793384
51.5356988505428 -0.0623075633135506
51.5355933005826 -0.0625193857416519
51.5354854364131 -0.0630538465223318
51.5355628173992 -0.0632974907334615
51.5354522959397 -0.0639870908503555
51.5356737904323 -0.0645634521620219
51.5357144630754 -0.0646256884954106
51.5356870510063 -0.0650675680995636
51.5356112386071 -0.0652185603734381
51.5356529650774 -0.0658026692398912
51.5357158404809 -0.0659847554454245
51.5357542822847 -0.0666643535630248
51.5357412653336 -0.066703662573814
51.5357993979844 -0.0672527207550522
51.5358043981533 -0.0672670132816181
51.5358332626154 -0.0680642428733883
51.5360038271293 -0.0682840977123937
51.5358950348375 -0.0692935469760457
51.5358204541927 -0.069394072200994
51.5358466320161 -0.070149092676883
51.5359921922914 -0.0703465917851113
51.5359817689784 -0.0711067295702813
51.5358219628589 -0.0714424486062357
51.5360300432926 -0.0719816104691606
51.5360128457126 -0.0727897087680847
51.5358783719457 -0.0730369694733284
51.535914607784 -0.0731796504811538
51.5361629867633 -0.0735674388103722
51.5364082783697 -0.0739753350713249
51.5362683667288 -0.0746363202337578
51.5364236151023 -0.0749425671089791
51.5362907939217 -0.0757511484701978
51.5364269929112 -0.0759265918605501
51.5365368885264 -0.0768609488194317
51.5367499649375 -0.0768727732098815
51.5370415103857 -0.0776571732649707
51.5370630711079 -0.0782762819992522
51.5370815651467 -0.078324129502858
51.5374926365779 -0.0776687204888271
51.5379226495118 -0.0776316977890661
51.5380680746289 -0.0781509615542819
51.5384189761217 -0.0782182170201059
51.5385397368253 -0.0774461386283092
51.5385955465575 -0.0774230989905972
51.5390009538686 -0.0772176826957612
51.5391347999325 -0.0775788372836995
51.5394638241089 -0.0776496273146381
51.539688011424 -0.0768254915225258
51.539825080597 -0.0767196007493455
51.5400249524032 -0.0769185339220738
51.540451084934 -0.076496785813105
51.5409303922108 -0.0767028446630835
51.5410678385479 -0.0765870657989615
51.541075398314 -0.076593048835657
51.5420035007765 -0.0763998159843579
51.5421603901521 -0.0762471853914048
51.5423993919776 -0.0756088115527083
51.5424211055443 -0.0756007612087688
51.5430220023297 -0.0765605523758737
51.5430508834635 -0.0766935802618959
51.5438453807117 -0.0770369020288468
51.5439175554347 -0.0772060395170199
51.5444941841848 -0.0762306852812953
51.5445431248509 -0.0756517855126931
51.5449822007218 -0.0760577760068921
51.5453282260441 -0.075970167656175
51.5455382945362 -0.0765058098967007
51.5457373475883 -0.076484810458941
51.5459110519543 -0.0757896848979183
51.546044663335 -0.0760211636640813
51.5461498973671 -0.0764574229059215
51.5463164995981 -0.0761240930089625
51.5465549322898 -0.0761636233316719
51.5465600082271 -0.0763690148395965
51.5461608590675 -0.076517369357871
51.5460335922058 -0.0769086142317716
51.5464637421146 -0.0769787124781815
51.5465518762761 -0.0772878641192424
51.546891727827 -0.0773555895258373
51.5470440437905 -0.0770390325437461
51.5469832581352 -0.076692692930718
51.5471880166767 -0.0761423886783468
51.5475952883269 -0.0763523431744991
51.5474517939116 -0.0755237083947196
51.5478274541027 -0.0751327852964511
51.5478368106892 -0.0751386931139286
51.5479229960715 -0.0754054784950286
51.5480504872429 -0.0758283285889106
51.5482176162178 -0.0758177096080123
51.5484360998009 -0.0760112513932393
51.5488214083655 -0.0759454055787141
51.5489470783857 -0.0761312114821615
51.5492686022879 -0.0756624104379534
51.5495470485422 -0.0760861595348728
51.5498295707731 -0.0758101092901897
51.54997281109 -0.0754118512757318
51.5503030780276 -0.0751418658381289
51.5503037674797 -0.0751400528511763
51.5503499364641 -0.0748965657279758
51.5503503077785 -0.0745521408491708
51.5504718946418 -0.0743684989757079
51.550667071403 -0.074193522072078
51.5510118362346 -0.0742537676503859
51.5511591605067 -0.0752166899005832
51.5512459346425 -0.0753166136555211
51.5513798571773 -0.0750792884174352
51.5513872927791 -0.0749023656719243
51.551680052216 -0.07440667763866
51.5518390977167 -0.0743855709831699
51.5518906556296 -0.0744266842378572
51.5519397796187 -0.0745824299325178
51.5519758507449 -0.0748576571329945
51.5522817366032 -0.0753811212467624
51.5524852787672 -0.0743078563497817
51.5527264717033 -0.0738856898422628
51.552890310742 -0.0739211090869168
51.5529031261639 -0.0739241357357095
51.5529392063091 -0.0738767037193283
51.5530975311256 -0.0734120048003072
51.5531850950645 -0.0730124952017265
51.5531427693075 -0.0728493236378858
51.5531136315454 -0.0719841276434957
51.5533470887459 -0.0718083437834149
51.5538652068424 -0.0718045117745452
51.5539907775261 -0.071748654066806
51.5537300161303 -0.0707337507013682
51.5540735920127 -0.070153079832209
51.5540951821347 -0.0701484790296771
51.5542902452716 -0.0698959280342272
51.5542844961059 -0.0697158641580466
51.5540043727726 -0.0689785485736691
51.5540689909861 -0.0686278063104281
51.5540593720374 -0.0684803767910966
51.5542430219259 -0.0679334597702541
51.5543462322116 -0.0679119595176916
51.5547883240088 -0.0682483733598196
51.5548992154948 -0.0682292836611458
51.5552427118727 -0.0669732479124252
51.5552381897298 -0.0668624698173495
51.5549595036153 -0.0664425407668164
51.5548547266865 -0.06609623674757
51.5548026843171 -0.0658459396184817
51.5545799229156 -0.065372148098115
51.5545008639469 -0.0651627246408177
51.5543357701727 -0.0646098967740732
51.5542236698254 -0.0641142908750253
51.5541407298185 -0.0636534865624546
51.5541358370435 -0.0636184893243045
51.5540497784015 -0.0634481412027148
51.553897261294 -0.062966032775137
51.5536926208397 -0.062479719905809
51.5534334152938 -0.0624727750936934
51.553065045145 -0.0627201095311142
51.5519343333767 -0.0630169496559073
51.5519310094192 -0.0630170908513297
51.5513808882254 -0.062394913548877
51.5510158343485 -0.0612538522885185
51.551022559766 -0.061225618322107
51.5515250354554 -0.0606669329986114
51.5514611561344 -0.0600439644816508
51.5512412349019 -0.0599064438934805
51.5509785144015 -0.0600185909583385
51.5508420667062 -0.060536377963998
51.5506118043853 -0.0603334112251086
51.5503403048589 -0.060327834016442
51.5503112403605 -0.0603642723480197
51.5501744366042 -0.0609965911417678
51.5498671040443 -0.060704973426669
51.5498874082467 -0.0601984415223272
51.5498969721417 -0.0600646009911757
51.5498164977216 -0.059835407692848
51.5497052324441 -0.0597013566709776
51.5499025150246 -0.058513822275846
51.5496355569586 -0.058228590606032
51.5496241490973 -0.0582074321454229
51.549824000884 -0.056871960253785
51.5499452085566 -0.0567973433724344
51.5501478819172 -0.0552696704248357
51.5500729948478 -0.0551177852668793
51.5499385910551 -0.0549819965544909
51.5498576246976 -0.0544906035297023
51.549902465262 -0.0536601401390839
51.5497813933028 -0.0532930732629396
51.5491811481782 -0.0529256553159846
51.5489118936038 -0.0529741360298295
51.5484135691624 -0.0530494013339328
51.5482056912945 -0.0522568700860437
51.5480394279202 -0.0518484638871561
51.5473749580099 -0.0516794430971811
51.5473623196833 -0.0516871181098578
51.5469250637841 -0.0539414414520819
51.5466140715603 -0.0537608775074658
51.5463096442796 -0.0538026458355737
51.5462113765335 -0.0539051820827607
51.5460250089959 -0.0547613539653764
51.5459040366377 -0.0549151566293574
51.5453562396834 -0.0550864459030506
51.5451090432396 -0.0553593076973646
51.5450721949961 -0.0553491064235526
51.5448984423188 -0.0548950173456332
51.5445566596805 -0.0545598753891841
51.5441805611776 -0.0545190777259615
51.5440722261032 -0.0543506847839849
51.5434254846769 -0.0549686504675808
51.5432430745705 -0.0545509773065797
51.5430083806851 -0.0544663371092702
51.542524352735 -0.0549755652712347
8 4
51.5328434164141 -0.0615546930472235
51.5330704135203 -0.0614621898772566
51.533109677357 -0.0614064309264996
51.5326319843564 -0.0601958434772703
51.5326057031719 -0.0602374987068385
51.5325190447441 -0.0608359368726016
51.5326420848289 -0.061502973688182
51.5328434164141 -0.0615546930472235
