51.5404085062753 -0.0331831163452272
51.5395299669165 -0.0340177309215573
51.5391816973884 -0.0345491107327275
51.5391692276695 -0.0345614188011644
51.5385811843441 -0.0353338939680276
51.5383594836446 -0.0357092819140624
51.5380884821726 -0.036243729135049
51.5380594131731 -0.0363116801367115
51.5369153847949 -0.0364752942502978
51.5361899802259 -0.0369318997914242
51.535704406809 -0.0374033783043808
51.5354461561523 -0.03780301142226
51.5349200766397 -0.0389007232193092
51.5350179080766 -0.0410810556594289
51.5343854020979 -0.0408999248246726
51.5330900958419 -0.0414422388631034
51.5330014416427 -0.0423355125062356
51.5334653702109 -0.0436907198318973
51.5336999882995 -0.044244760081753
51.5342380387564 -0.0447353967517732
51.534248563243 -0.045070199488167
51.5342134441187 -0.0452231626383516
51.5341878937072 -0.0454432418339718
51.5342617623439 -0.0467908411681559
51.534413377719 -0.0476089351779075
51.5348260119565 -0.0491377444848908
51.5348270309504 -0.0491557715492674
51.5351571645635 -0.0498112255235205
51.5353808360133 -0.0507956808709812
51.5353567243961 -0.0511841639833467
51.5350972869696 -0.0516504611600531
51.5349558381406 -0.0523737406870379
51.534991830556 -0.0539737190953217
51.5350858631553 -0.0542662110643348
51.535135000307 -0.0543072714258578
51.535300252358 -0.0547147830529678
51.534966364783 -0.0555770320742625
51.5351435366519 -0.0564111979161238
51.5351319762932 -0.0564513984220779
51.5351961468071 -0.0567379160449479
51.5354370874137 -0.0569826673088277
51.5358948044141 -0.0564964191509953
51.535942039901 -0.0565475502482464
51.5359371152693 -0.0581285016088997
51.5361208816733 -0.0582540737264919
51.536386195255 -0.0578750565645306
51.5365851134666 -0.0566409500750871
51.5365744704613 -0.0566008618574129
51.5366012451246 -0.0557210034835837
51.5373367774505 -0.0557734772711226
51.5374392829499 -0.0562683383912714
51.5373896672436 -0.0567355589274558
51.5381390467309 -0.0570596087864035
51.5381889524786 -0.0562896634399287
51.5388148819199 -0.0566180189436402
51.538770202302 -0.0558367548469107
51.539210810178 -0.0557233357959312
51.5393451377493 -0.0552687731308703
51.5397291158675 -0.0552208963052599
51.5397504836818 -0.05518122447718
51.5404957477711 -0.0555442015365074
51.5405201819159 -0.0552664785997865
51.5402734142106 -0.0549686911009549
51.5403512408145 -0.0543273550793319
51.5407787796821 -0.0548137364556848
51.5409716666228 -0.0542747343990861
51.5413403101747 -0.054245455505423
51.5414359642598 -0.0544243669829468
51.54153334573 -0.0551412422472827
51.5420208297467 -0.0550952503189025
51.5423390281432 -0.0547941703596533
51.542524352735 -0.0549755652712347
51.5430083806851 -0.0544663371092702
51.5432430745705 -0.0545509773065797
51.5434254846769 -0.0549686504675808
51.5440722261032 -0.0543506847839849
51.5441805611776 -0.0545190777259615
51.5445566596805 -0.0545598753891841
51.5448984423188 -0.0548950173456332
51.5450721949961 -0.0553491064235526
51.5451090432396 -0.0553593076973646
51.5453562396834 -0.0550864459030506
51.5459040366377 -0.0549151566293574
51.5460250089959 -0.0547613539653764
51.5462113765335 -0.0539051820827607
51.5463096442796 -0.0538026458355737
51.5466140715603 -0.0537608775074658
51.5469250637841 -0.0539414414520819
51.5473623196833 -0.0516871181098578
51.5473749580099 -0.0516794430971811
51.5480394279202 -0.0518484638871561
51.5482056912945 -0.0522568700860437
51.5484135691624 -0.0530494013339328
51.5489118936038 -0.0529741360298295
51.5491811481782 -0.0529256553159846
51.5497813933028 -0.0532930732629396
51.5500158632384 -0.0527953514234298
51.5503566909674 -0.0525851645009607
51.5504455036946 -0.0521026928780359
51.5510305637366 -0.0518964551609795
51.5510580850618 -0.0517943095202866
51.5504168300763 -0.0510690204043686
51.5504540234622 -0.0508564552586047
51.5505666480908 -0.0506117660488159
51.5507764019868 -0.0504342793484178
51.5512503904831 -0.0508206316151144
51.5514097607377 -0.0500240119770269
51.5515548764119 -0.0498790158694896
51.5516500710417 -0.0494025563210126
51.5515626574438 -0.0490979116311301
51.551467536164 -0.0490488198691586
51.5511116828943 -0.0480795566333594
51.5510009001809 -0.0479915348401727
51.5509907389484 -0.0469002113671606
51.5514614465106 -0.0463165640451342
51.5511491532967 -0.0449037547041846
51.5519072478721 -0.0442545970828896
51.5520620536249 -0.043456473051993
51.5518273471114 -0.0430319727977236
51.5516966006408 -0.0429330446380619
51.5515356724777 -0.0426523800528566
51.5514369916912 -0.0420453198759978
51.551498801064 -0.0418542818314981
51.5516012803724 -0.0415414966493904
51.5512317343775 -0.040472025099268
51.5509905616154 -0.0403822512647729
51.5506253515799 -0.040956070284248
51.5503602937825 -0.0407979870587494
51.5494469457274 -0.0407785970242895
51.5493976775429 -0.0399495546298956
51.5495719653791 -0.0396895872028283
51.5496718111323 -0.0391066079608914
51.5496707779517 -0.0389533585457797
51.5492189394044 -0.0382327279814097
51.5493105311546 -0.0378393127623921
51.5492726484575 -0.0371117031476517
51.5493126734413 -0.0370161495483884
51.5493318413491 -0.0369098390822196
51.5495053572845 -0.0366256329950898
51.5501867243313 -0.0365620463781662
51.550251972001 -0.036410460407607
51.5502676731501 -0.0357319048118319
51.5503743809502 -0.0355920889690288
51.5505029482774 -0.0348679944906584
51.5508726361665 -0.03450955091482
51.5513651272264 -0.0351815609558043
51.5513886952487 -0.0353112486071835
51.5520969886263 -0.0349498647594818
51.5522094211584 -0.0349694004440787
51.5522686695297 -0.0349857572819021
51.5522584791881 -0.0356227174805728
51.5532697446527 -0.0362391160912124
51.5533310679006 -0.0362075740021717
51.5534596495507 -0.0363110991185462
51.5543340885092 -0.0358803527058841
51.5545378190594 -0.0355001350087363
51.5553108749246 -0.035189102740609
51.5570199382322 -0.0337333204939313
51.5586271307059 -0.0316560380041061
51.5581599178416 -0.0303327051527315
51.5575857947529 -0.0283242564943839
51.5562022800591 -0.0274338624903702
51.556069498575 -0.0273323221244945
51.5553379652941 -0.024024386356689
51.5549279605678 -0.0222227516748163
51.5547947609858 -0.0212809483623992
51.5547214881019 -0.0211687583535547
51.5515120767427 -0.0199873226907117
51.5508905557393 -0.0204217575999297
51.5506482024704 -0.0202736291887984
51.5479279639035 -0.0236252805929131
51.5472132596122 -0.0230865144111455
51.546340794595 -0.0213863720786924
51.5460513994838 -0.0206398894142338
51.5452089876576 -0.0164534800030898
51.5448315243427 -0.016699753187187
51.5444723089152 -0.0177491888671256
51.5421907735498 -0.0223541398922927
51.5421582188462 -0.0225241590197672
51.5412405237603 -0.0232660631951529
51.5410308284642 -0.0232525586356811
51.5405332392216 -0.0247955783909841
51.5400963227069 -0.024934347427515
51.5398049422593 -0.0256598818654238
51.5399217187351 -0.0263488436477435
51.5401359820743 -0.026911839086368
51.5400482442065 -0.0275429488129492
51.5392219449946 -0.0281510485265444
51.5389980173767 -0.0293449410298839
51.5404085062753 -0.0331831163452272
