51.50771840211 -0.0635741494819046
51.5076846657669 -0.0635999368824574
51.507573534496 -0.0638549907601474
51.5075596524808 -0.0638854016791261
51.5076750481316 -0.0644550980938958
51.5077277001754 -0.0647365967200012
51.5077819778137 -0.065045829829355
51.5078269053151 -0.0653060326278812
51.5079202177803 -0.0653984391198612
51.508108160933 -0.0655868806771828
51.5082858757876 -0.0657711231030445
51.508432674849 -0.064985824737994
51.5084690554395 -0.0647988102834518
51.5085121172149 -0.0645808576272953
51.5085334517676 -0.0644736123093368
51.5085440295374 -0.0641994095961182
51.5085565631414 -0.0639511447712255
51.5084067834745 -0.0636458379758342
51.5081923984503 -0.0631955842565546
51.5080008025057 -0.063352347657096
51.50771840211 -0.0635741494819046
