150 8
51.5157322363983 -0.0973101368382997
51.5154463993669 -0.0965094576416642
51.5153554324697 -0.0965267969853726
51.5153110470748 -0.0965782011458356
51.5153276878589 -0.0975152279525625
51.5152855313515 -0.0975710539411093
51.5153547021375 -0.0985824221334271
51.5154626745567 -0.0987212402758743
51.515442955718 -0.0996623983309258
51.5158203480708 -0.100078182831799
51.5151137403499 -0.100572461495207
51.5152955925544 -0.100865784432243
51.5157082963356 -0.100547728337599
51.5156932140562 -0.101537420038301
51.5158286694732 -0.101647058350949
51.5158292238851 -0.101647985983933
51.5158426067529 -0.101719443856966
51.5159399028038 -0.102182066583298
51.5163969850365 -0.102106263856021
51.5164605824255 -0.102225309440409
51.5162966028068 -0.102675266879062
51.5161064589402 -0.102780494918313
51.5162553135559 -0.103023866381443
51.5165074816973 -0.102873755905848
51.5166001697548 -0.102829381124924
51.5166303399089 -0.102893844638605
51.5167858551978 -0.103204442416204
51.5166684963499 -0.10359672837814
51.5166564073392 -0.103638585954287
51.516657791652 -0.103724210324985
51.5165922406393 -0.103851236663041
51.5167064940147 -0.104657202323269
51.5171037092795 -0.104214557591217
51.5172367682961 -0.104226145542658
51.5167440419234 -0.105200633552455
51.516783247436 -0.105217901753019
51.5171238120288 -0.105019093025496
51.5171321877011 -0.105537595386867
51.5169978078655 -0.105627902941731
51.51701701317 -0.105887481130703
51.5170933084199 -0.105930187731058
51.5172526750728 -0.106435297460847
51.5174931810695 -0.106748685551163
51.5176056162864 -0.106189991284611
51.5175086796188 -0.105793165754804
51.5175189980903 -0.105385592667946
51.5176756664214 -0.104649412765609
51.5180280357636 -0.105036586396954
51.5178932377653 -0.10555735576373
51.5177687162117 -0.10613010433557
51.5179076066116 -0.106096415450441
51.5182376335421 -0.105985393943276
51.5184025016478 -0.105611926682989
51.5183983055735 -0.105402225739172
51.5186423592151 -0.105100220371267
51.5191696076586 -0.105305328915795
51.5194713307814 -0.104733404306962
51.5187424189884 -0.104510528184273
51.5187419966653 -0.104167327253981
51.5189138474198 -0.103959226861637
51.5190558264305 -0.102976791017688
51.5190141300001 -0.102838882244042
51.519259677834 -0.102496270880115
51.519460705112 -0.102230259939327
51.5194944439385 -0.102087431961763
51.519548384859 -0.101704172146122
51.5195054011092 -0.101425722942639
51.5194911269301 -0.101371410186486
51.5197654424025 -0.100973515818863
51.5197681697326 -0.100969837000077
51.519876435355 -0.100804891415353
51.5199044226887 -0.100184895761003
51.5199230407596 -0.100168789835379
51.5200480745665 -0.100040105135028
51.5201667532866 -0.0997910547809491
51.5202888510956 -0.0996309960776719
51.520082251467 -0.0990089964837345
51.5201348551751 -0.0987878904747733
51.5201481674152 -0.0986441257987611
51.5201338977091 -0.0985735309528409
51.5202115669457 -0.0983459131175547
51.5202015767654 -0.0980347128038138
51.5203830978414 -0.0978415107163201
51.5204689149321 -0.0973902362544291
51.5206128277353 -0.0974778906321158
51.520738394962 -0.0974654078883557
51.5208195518999 -0.0980349941346796
51.5208507614701 -0.0980580578071281
51.5209354719689 -0.098181577892147
51.521080833844 -0.0981313102392722
51.5211559346824 -0.0982498831744982
51.5214120778929 -0.0984229546335846
51.5214257866336 -0.0984034864363106
51.5218792993707 -0.09847920039098
51.5218923016888 -0.0984993389019186
51.5221238376077 -0.0988681186907639
51.5222474236152 -0.0978295520143189
51.5221390527299 -0.0976773020884863
51.5220381010792 -0.0976554804877135
51.5220172596702 -0.0976508818373541
51.5219600193657 -0.0977189920599155
51.5214936652239 -0.097738425457668
51.521395936594 -0.0974885154325799
51.5211931467376 -0.0974789016703042
51.5210787851103 -0.0973286884460697
51.5209709596635 -0.0973819104945716
51.520755055262 -0.0970737026209537
51.5207490348448 -0.0970794205965811
51.5203388676382 -0.0968550200935736
51.5203178259131 -0.0970153901928338
51.5203114743108 -0.0970616488065592
51.520264052076 -0.0971032015869998
51.5199424153912 -0.0974039781585622
51.5197705586656 -0.0972562843046151
51.5194800867015 -0.0972115826832628
51.5194770475888 -0.0972126601099108
51.5191453252551 -0.0967643009878637
51.5191148212061 -0.0967736540401543
51.5186092089241 -0.096274081645009
51.5184243005037 -0.0966628001997847
51.5182898761671 -0.0966945494554145
51.5178952326014 -0.0967398796679793
51.5176903039987 -0.0969087380555975
51.5176394360873 -0.0968819802020143
51.5175166008932 -0.0969132451391685
51.5174789258273 -0.0968851055814306
51.5173256042428 -0.0965500709025528
51.5170336590628 -0.0959604431956852
51.516956139601 -0.095825942205142
51.516879433711 -0.0958246254000267
51.5167670652457 -0.0958914640001707
51.5169432904718 -0.096834465370525
51.5169492080609 -0.0968611950234871
51.5169037278591 -0.0969171621814469
51.5166615611788 -0.0972344513038355
51.5167809319786 -0.0976546788212908
51.5167272341536 -0.0977749220924375
51.5164382348926 -0.0977212455003699
51.5163181177126 -0.0971109132390381
51.5160930210526 -0.0971338417070167
51.5159887175192 -0.097210203150431
51.5159789436214 -0.0972062135372671
51.5157322363983 -0.0973101368382997
51.5168533328833 -0.0997641287553305
51.516858580703 -0.0989783903093027
51.5170490792921 -0.098662310046502
51.5174541284775 -0.0985878049611863
51.517699779712 -0.0992451006996504
51.5175650396474 -0.100111943351319
51.5168533328833 -0.0997641287553305
17 4
51.525321024773 -0.112892259464625
51.5253478737332 -0.112834453188652
51.525300653536 -0.112464255107304
51.5251123170539 -0.112140425552424
51.5245217892811 -0.112102686654669
51.5245006958848 -0.111562993593108
51.5244887874015 -0.111571568598836
51.5244878144629 -0.111572559713288
51.524219233284 -0.111820672311811
51.5242157104391 -0.111825215749326
51.5241965174351 -0.111878306780845
51.5241073817239 -0.112104493774725
51.5240045637981 -0.112826877467214
51.5240067979323 -0.11290427956675
51.5242875847705 -0.112990015414127
51.5246382130509 -0.11311422776303
51.525321024773 -0.112892259464625
7 4
51.5165294337281 -0.0971417979670304
51.5166548626355 -0.0965501068304501
51.5167123089777 -0.0958910142687223
51.5166929658393 -0.0958845718453607
51.5165502621931 -0.095993317436956
51.5163962808088 -0.0971023080164216
51.5165294337281 -0.0971417979670304
6 4
51.5148791879868 -0.0981311695541295
51.5148542115677 -0.098170949401433
51.5146770493092 -0.0987439708539326
51.5147197201874 -0.0988196729526022
51.5151235755523 -0.0986659613041799
51.5148791879868 -0.0981311695541295
