143 8
51.5220760364358 -0.106450587790061
51.5221712773456 -0.106174466405339
51.5223396853273 -0.105725111450302
51.5223125306009 -0.105652431034762
51.522272573624 -0.105265799232575
51.5222691919825 -0.105134370280481
51.5222852427533 -0.105103990979113
51.5225032726791 -0.105211178477824
51.5226250151806 -0.10508988687776
51.5226291527327 -0.10504550178108
51.5226609034116 -0.104968593143284
51.5226793245238 -0.104639793561821
51.5226483327837 -0.104479915516109
51.522629154414 -0.104472511020429
51.5224887134022 -0.10443246557474
51.5224266615993 -0.104186402723842
51.5226506405882 -0.103510334573026
51.5226059133285 -0.103451815444604
51.5225375568773 -0.103299671295276
51.5225980844238 -0.102962109702665
51.5227201546677 -0.102905692111278
51.5227534869023 -0.102832162826766
51.522793133505 -0.102604336809484
51.52277772305 -0.102579780412133
51.5227827725705 -0.102208390995322
51.5224706294142 -0.102179888404795
51.5224486255319 -0.102103430128659
51.5226716679496 -0.101686846812299
51.5228280767745 -0.101752486600778
51.522852924204 -0.101732436743194
51.5228623808012 -0.101716830214559
51.5228944731623 -0.101366778541365
51.5229317417597 -0.101330998502565
51.5230001110719 -0.101122774878914
51.5230313543947 -0.101064662906399
51.5230179087357 -0.100961581423629
51.523053356868 -0.100879998950944
51.5231011447569 -0.100616650030883
51.5230823582078 -0.100439150245085
51.5230738066484 -0.100405157211482
51.5229677648978 -0.100174476773466
51.52323576912 -0.100097595917541
51.523296377525 -0.0999986820018366
51.523389603924 -0.0997434229730544
51.5233853264187 -0.0997291007168259
51.5233810065797 -0.0997121654130567
51.5235989926389 -0.099095024919778
51.5235252831718 -0.0989845874475751
51.523468818121 -0.0989508069624202
51.5233773075619 -0.098729387615615
51.523317383375 -0.098521034829146
51.5234862065016 -0.0982266099316105
51.5234821214367 -0.0981132732165284
51.5232694387857 -0.0979537172824658
51.5232085480211 -0.0979796688659105
51.5231109909424 -0.0981450192971191
51.5229237594976 -0.0979527888398087
51.5228389904205 -0.0974986152413134
51.5228733023037 -0.0973692984837154
51.5228266217082 -0.0972459723432516
51.5226829634743 -0.0968969455246926
51.5224469152166 -0.097342025111397
51.5223661816635 -0.097812955867226
51.5222474236152 -0.0978295520143189
51.5221238376077 -0.0988681186907639
51.5218923016888 -0.0984993389019186
51.5218792993707 -0.09847920039098
51.5214257866336 -0.0984034864363106
51.5214120778929 -0.0984229546335846
51.5211559346824 -0.0982498831744982
51.521080833844 -0.0981313102392722
51.5209354719689 -0.098181577892147
51.5208507614701 -0.0980580578071281
51.5208195518999 -0.0980349941346796
51.520738394962 -0.0974654078883557
51.5206128277353 -0.0974778906321158
51.5204689149321 -0.0973902362544291
51.5203830978414 -0.0978415107163201
51.5202015767654 -0.0980347128038138
51.5202115669457 -0.0983459131175547
51.5201338977091 -0.0985735309528409
51.5201481674152 -0.0986441257987611
51.5201348551751 -0.0987878904747733
51.520082251467 -0.0990089964837345
51.5202888510956 -0.0996309960776719
51.5201667532866 -0.0997910547809491
51.5200480745665 -0.100040105135028
51.5199230407596 -0.100168789835379
51.5199044226887 -0.100184895761003
51.519876435355 -0.100804891415353
51.5197681697326 -0.100969837000077
51.5197654424025 -0.100973515818863
51.5194911269301 -0.101371410186486
51.5195054011092 -0.101425722942639
51.519548384859 -0.101704172146122
51.5194944439385 -0.102087431961763
51.519460705112 -0.102230259939327
51.519259677834 -0.102496270880115
51.5190141300001 -0.102838882244042
51.5190558264305 -0.102976791017688
51.5189138474198 -0.103959226861637
51.5187419966653 -0.104167327253981
51.5187424189884 -0.104510528184273
51.5194713307814 -0.104733404306962
51.5191696076586 -0.105305328915795
51.5192105214276 -0.105478450716267
51.5191259901154 -0.105933327798035
51.5193720146791 -0.106109588008283
51.5196130932107 -0.106046344475106
51.5196393151291 -0.1061614873208
51.5198362566187 -0.106343470818375
51.5200873021205 -0.10567262792509
51.5202092638544 -0.105876618641015
51.5201754606277 -0.106082556249424
51.5202577649293 -0.10657544636764
51.5203269335247 -0.106650065890274
51.5203307492211 -0.106658108088318
51.5204618709316 -0.106494008767547
51.5207321860394 -0.10617022633096
51.5207428213022 -0.106316681436497
51.5207553749366 -0.106609834526464
51.5209243227606 -0.107018084453666
51.5209530579753 -0.107016060976665
51.520970530918 -0.107018069961827
51.5210034304006 -0.107040118962489
51.5210223642653 -0.107054665359325
51.521134494446 -0.107028385279206
51.5212688401317 -0.107008314824641
51.52154352193 -0.107183400556331
51.5215454797112 -0.107193302798481
51.5218129833607 -0.107408265614533
51.5218451699311 -0.107480856515244
51.5222227722539 -0.107543644292989
51.5224634857945 -0.106889483956296
51.5220945852669 -0.106485830433375
51.5220760364358 -0.106450587790061
51.5231701822759 -0.0994840647983299
51.5232661257814 -0.099596310232885
51.5231877989227 -0.0998445305043226
51.5229598469406 -0.100168507049329
51.5228113998686 -0.100078294989208
51.5230880082058 -0.0995225481074387
51.5231701822759 -0.0994840647983299
7 4
51.5175650396474 -0.100111943351319
51.517699779712 -0.0992451006996504
51.5174541284775 -0.0985878049611863
51.5170490792921 -0.098662310046502
51.516858580703 -0.0989783903093027
51.5168533328833 -0.0997641287553305
51.5175650396474 -0.100111943351319
12 4
51.5234769798444 -0.103220107581103
51.5234755175883 -0.103146359196205
51.5233931143138 -0.103031760324798
51.523222552056 -0.102946973719935
51.523192370951 -0.102937412240784
51.5230768638503 -0.102982741878241
51.5230173016004 -0.10314650218048
51.5229738064177 -0.103403251407196
51.5229382088502 -0.103581347325808
51.5229421261182 -0.103590098628681
51.5235074293918 -0.103752265280409
51.5234769798444 -0.103220107581103
6 4
51.5214936652239 -0.097738425457668
51.5219600193657 -0.0977189920599155
51.5220172596702 -0.0976508818373541
51.5216959785878 -0.0970480292738522
51.521395936594 -0.0974885154325799
51.5214936652239 -0.097738425457668
