51.5182376335421 -0.105985393943276
51.5179076066116 -0.106096415450441
51.5177687162117 -0.10613010433557
51.5176765423269 -0.106161855207699
51.5176056162864 -0.106189991284611
51.5174931810695 -0.106748685551163
51.5175006772478 -0.107034897191082
51.5173882046289 -0.107056673225669
51.5172625250376 -0.107201519769358
51.5169089992356 -0.107561162691811
51.5169185684416 -0.1076193532783
51.5169322459614 -0.107692584905813
51.5170240205144 -0.108427480931179
51.5170955175122 -0.108484888865208
51.5171312429269 -0.108604148942602
51.5172058006228 -0.108678543295069
51.5178626564362 -0.107951361950807
51.5178657226739 -0.107957533435696
51.517830279713 -0.108229245577287
51.5178178388079 -0.108316276941555
51.5177863803907 -0.108522936577459
51.5177280860171 -0.108855014468657
51.5177193327494 -0.108903150807987
51.5175387325851 -0.108925961542799
51.5173990780768 -0.109570388746141
51.5173604464173 -0.109633309349285
51.5172276553209 -0.109710823721956
51.5171601655853 -0.109957831530832
51.5174595761774 -0.110395838842735
51.5174667220396 -0.110588300835306
51.5177317118543 -0.110647569357455
51.5178184607848 -0.110998955963206
51.5181868702045 -0.110770155164574
51.5182091220797 -0.11079537951187
51.5181942147634 -0.111237373430516
51.5183029437562 -0.111530217305781
51.5183711817821 -0.11151931350887
51.5185807411532 -0.110955651179441
51.5187994389248 -0.111065564084997
51.5188916270612 -0.110978797285787
51.5189288943476 -0.111322376367085
51.519032903168 -0.111506321919289
51.5191904578028 -0.111062815211194
51.5192710151247 -0.111258665094546
51.519399303792 -0.111454205006895
51.5196345041949 -0.111444475523095
51.5197244392472 -0.111402011561221
51.5197324234723 -0.111395382460925
51.5197892101789 -0.111912863827483
51.5199419108998 -0.111871370145619
51.5200969146953 -0.111755145396412
51.5200724534151 -0.111380483942553
51.5203575463407 -0.111024508713301
51.5206046251128 -0.111289061071378
51.5206062250586 -0.111293511091443
51.5205311012638 -0.112004712535156
51.520712776483 -0.112210650073333
51.5207418876854 -0.112595108171941
51.52074643113 -0.112637230236736
51.5210557096771 -0.112504644103653
51.5211206197079 -0.112555085848571
51.5211734970518 -0.112567280384541
51.5213181659592 -0.112512689598778
51.5213400813902 -0.112382950511544
51.5215353606015 -0.112155003151994
51.5216652096113 -0.112235324491552
51.5216907757024 -0.112248648175464
51.5218188870406 -0.112047840778953
51.5218290366694 -0.111885308415751
51.5218359484561 -0.111839978047638
51.5218350843406 -0.111803051158774
51.5215348067264 -0.111623528332189
51.5216399428883 -0.111179551635041
51.5216843311906 -0.111161432507772
51.5218025695674 -0.110370104265115
51.521758190169 -0.110338544243508
51.521727770806 -0.10963347402655
51.5219707245237 -0.109485664626664
51.5219769631314 -0.109465558095945
51.5220620563081 -0.109373727357781
51.5220434632962 -0.108867239268257
51.5219959889642 -0.108710658268991
51.5219911987427 -0.108709073959987
51.5218189685897 -0.108526166911468
51.5218191670689 -0.108516175211177
51.5219558893904 -0.10833128245352
51.522204209331 -0.108254316380137
51.522159665531 -0.108073249385629
51.5218941142684 -0.108057275800552
51.5217991205403 -0.10803684834805
51.5217747388236 -0.107807169437826
51.5218451699311 -0.107480856515244
51.5218129833607 -0.107408265614533
51.5215454797112 -0.107193302798481
51.52154352193 -0.107183400556331
51.5212688401317 -0.107008314824641
51.521134494446 -0.107028385279206
51.5210223642653 -0.107054665359325
51.5210034304006 -0.107040118962489
51.520970530918 -0.107018069961827
51.5209530579753 -0.107016060976665
51.5209243227606 -0.107018084453666
51.5207553749366 -0.106609834526464
51.5207428213022 -0.106316681436497
51.5207321860394 -0.10617022633096
51.5204618709316 -0.106494008767547
51.5203307492211 -0.106658108088318
51.5203269335247 -0.106650065890274
51.5202577649293 -0.10657544636764
51.5201754606277 -0.106082556249424
51.5202092638544 -0.105876618641015
51.5200873021205 -0.10567262792509
51.5198362566187 -0.106343470818375
51.5196393151291 -0.1061614873208
51.5196130932107 -0.106046344475106
51.5193720146791 -0.106109588008283
51.5191259901154 -0.105933327798035
51.5192105214276 -0.105478450716267
51.5191696076586 -0.105305328915795
51.5186423592151 -0.105100220371267
51.5183983055735 -0.105402225739172
51.5184025016478 -0.105611926682989
51.5182376335421 -0.105985393943276
