51.5234769798444 -0.103220107581103
51.5235074293918 -0.103752265280409
51.523529706601 -0.103790086724776
51.5235290166877 -0.10379189821582
51.5235248637674 -0.103801935731263
51.5232121553747 -0.104155562964198
51.5230774490375 -0.104175538958702
51.5230752948144 -0.104203559175602
51.52300278291 -0.104517374019102
51.5226934759619 -0.104447376838284
51.5226483327837 -0.104479915516109
51.5226793245238 -0.104639793561821
51.5226609034116 -0.104968593143284
51.5226291527327 -0.10504550178108
51.5226250151806 -0.10508988687776
51.5225032726791 -0.105211178477824
51.5222852427533 -0.105103990979113
51.5222691919825 -0.105134370280481
51.522272573624 -0.105265799232575
51.5223125306009 -0.105652431034762
51.5223396853273 -0.105725111450302
51.5221712773456 -0.106174466405339
51.5220760364358 -0.106450587790061
51.5220945852669 -0.106485830433375
51.5224634857945 -0.106889483956296
51.5222227722539 -0.107543644292989
51.5218451699311 -0.107480856515244
51.5217747388236 -0.107807169437826
51.5217991205403 -0.10803684834805
51.5218941142684 -0.108057275800552
51.522159665531 -0.108073249385629
51.522204209331 -0.108254316380137
51.5219558893904 -0.10833128245352
51.5218191670689 -0.108516175211177
51.5218189685897 -0.108526166911468
51.5219911987427 -0.108709073959987
51.5219959889642 -0.108710658268991
51.5220434632962 -0.108867239268257
51.5220620563081 -0.109373727357781
51.5219769631314 -0.109465558095945
51.5219707245237 -0.109485664626664
51.521727770806 -0.10963347402655
51.521758190169 -0.110338544243508
51.5218025695674 -0.110370104265115
51.5216843311906 -0.111161432507772
51.5216399428883 -0.111179551635041
51.5215348067264 -0.111623528332189
51.5218350843406 -0.111803051158774
51.5218359484561 -0.111839978047638
51.5218290366694 -0.111885308415751
51.5218188870406 -0.112047840778953
51.5216907757024 -0.112248648175464
51.5216652096113 -0.112235324491552
51.5215353606015 -0.112155003151994
51.5213400813902 -0.112382950511544
51.5213181659592 -0.112512689598778
51.5213491489775 -0.112588898523756
51.521449034841 -0.11275139631303
51.521542585809 -0.1129168902274
51.5215349796499 -0.112974965797195
51.5218289677611 -0.113233080170499
51.5218433443218 -0.113199088867905
51.5219402101108 -0.113022988739599
51.5220095493663 -0.112996708821119
51.5220552667309 -0.112932659708044
51.5222521462149 -0.112848812345347
51.5222750156596 -0.11275599429754
51.5223097991674 -0.112699646587081
51.5223413562091 -0.112599219166052
51.5226593090373 -0.112374395779878
51.5226871831988 -0.112743470585282
51.5226899829858 -0.11285602758439
51.5228580076613 -0.112940004265142
51.5230195551315 -0.112878415478212
51.522948573386 -0.11259027697826
51.5228445929361 -0.112106325960336
51.5231462250593 -0.11218572553642
51.523298509034 -0.112112750156083
51.5233021370174 -0.112103567151837
51.5235618440562 -0.111907292815678
51.5235508989511 -0.111512194854768
51.5236625462555 -0.111439114969808
51.5237286167313 -0.111449930985168
51.5238199867592 -0.111636201586227
51.5238715036081 -0.111731413612929
51.5241073817239 -0.112104493774725
51.5241965174351 -0.111878306780845
51.5242157104391 -0.111825215749326
51.524219233284 -0.111820672311811
51.524171812725 -0.111399146427799
51.5242205484219 -0.111232275164486
51.5244887874015 -0.111571568598836
51.5245006958848 -0.111562993593108
51.5247073183903 -0.111403138487438
51.5251123170539 -0.112140425552424
51.525300653536 -0.112464255107304
51.5253478737332 -0.112834453188652
51.5255912552768 -0.112813574166846
51.5261003768045 -0.113150179515655
51.5262527908492 -0.113141144966516
51.5265611155148 -0.112558093174095
51.5265605212203 -0.112269755616712
51.5265029568725 -0.112200937460953
51.5260746338298 -0.112187154563967
51.5261174868595 -0.111961921482058
51.5260451450231 -0.111326982249827
51.5256910215338 -0.111521828642931
51.5257346011148 -0.11073887059979
51.5258236821167 -0.110755033222953
51.5259913529199 -0.110230925585332
51.5262536005817 -0.110583192368675
51.5263097267661 -0.110540336837355
51.5262513966155 -0.110128278220524
51.5265646179594 -0.109598966956362
51.526550511165 -0.109515752657563
51.5265535864967 -0.109505759630247
51.5269594535028 -0.109219483126905
51.5271104748644 -0.109330427355189
51.5271448267208 -0.10993355056244
51.5277397672559 -0.109921512665844
51.5277705798276 -0.109897770889634
51.5279383803949 -0.109956555075519
51.528085229632 -0.109853240339415
51.5284225128862 -0.110164494880208
51.528473723118 -0.110474997778081
51.5284969266247 -0.110598373338434
51.5288672434234 -0.110471305412307
51.5288866616862 -0.110331780984241
51.5291317837279 -0.110100890101134
51.5292780624558 -0.110458813495153
51.5292586926536 -0.110651590940418
51.5293896791721 -0.11095879792305
51.5295335230013 -0.11104841614512
51.5298516919913 -0.110457648747023
51.5300013917214 -0.110715465722885
51.530003687697 -0.11073522233102
51.5302869958014 -0.111379434700888
51.5304018512168 -0.11141070005908
51.530606440813 -0.111213937264648
51.5306869967549 -0.110784439951614
51.5305534311628 -0.110596205247504
51.5304666333285 -0.110191587525856
51.5306968971094 -0.10970810136002
51.5309593365764 -0.109748584488999
51.531071738237 -0.108986100492772
51.5309235905253 -0.108908432797388
51.5306308859284 -0.108223129214977
51.5312776155128 -0.107670889129793
51.5309830323578 -0.107109176977217
51.5309795630359 -0.106944322652695
51.5305817209137 -0.106357184984432
51.5306593036737 -0.106028607596041
51.5305818721835 -0.105731783734945
51.5304263553071 -0.10571565305749
51.5302478469301 -0.106001581921499
51.5300142606306 -0.105832848876853
51.5300064220122 -0.105347462045675
51.5299137774326 -0.105299955560566
51.5298610283094 -0.105206691399822
51.5295242814647 -0.104935025571033
51.5293954863215 -0.105276421193528
51.5288595443305 -0.105217602609187
51.5288511433083 -0.105092663170087
51.5284789979934 -0.104827941877988
51.5282640009071 -0.104891786551561
51.5280159349167 -0.105134591140994
51.5277000123365 -0.104326816852759
51.527267961958 -0.104627661011357
51.5270847810435 -0.104568584999938
51.5269499606005 -0.104831881811742
51.5268899449716 -0.104967739442014
51.5268885363276 -0.104969580891363
51.526337670984 -0.105216865216248
51.5263157263681 -0.105171776359464
51.5261358593082 -0.104944966004078
51.5259931791233 -0.104888725212508
51.5258741982874 -0.104997312568196
51.5254909468637 -0.104818649426229
51.5253766384744 -0.104159323448886
51.5251899947057 -0.104141877453232
51.5250302546723 -0.103903424327063
51.5248959211524 -0.103896405526491
51.5246136325007 -0.104513595778593
51.5245180212727 -0.104499499745746
51.5243522869045 -0.104307295664444
51.5243042715444 -0.104045307366886
51.524611866299 -0.103614506422758
51.524604348043 -0.103583202484798
51.5243641478184 -0.103205824991431
51.5241994433536 -0.103533345913785
51.5240569990226 -0.103419456397287
51.5239881638031 -0.103432300425782
51.5238712021246 -0.103254240174745
51.5238710957755 -0.102897437860505
51.5237898429672 -0.102853985466619
51.5234755175883 -0.103146359196205
51.5234769798444 -0.103220107581103
51.5237741708961 -0.111409299226144
51.5239164985992 -0.111248421880742
51.5239227146987 -0.111243648131353
51.5240954676535 -0.111621239399142
51.5237741708961 -0.111409299226144
