276 4
51.5317347639531 -0.106490387293603
51.5319761259843 -0.106121719057949
51.5320576450309 -0.105986857174128
51.532267811379 -0.105941163000674
51.5324476395811 -0.10580935184373
51.5324757474331 -0.105801884521236
51.5324860805441 -0.10579598717186
51.5327293816837 -0.104868495383261
51.5321000876452 -0.104673873980569
51.5320982620707 -0.104672166637826
51.5319649324199 -0.104248794644728
51.5319089249194 -0.1042042837291
51.531879521512 -0.103614328958322
51.5318842832721 -0.103319434450641
51.5318808727907 -0.103314226727651
51.5318439760296 -0.103222917260978
51.5318082621007 -0.103032415333405
51.5315520722373 -0.102678114555677
51.5315543012012 -0.102254584240631
51.5313464852106 -0.102034271638302
51.5313587926427 -0.101261542069203
51.5312914086548 -0.101175188986055
51.531263569798 -0.100977111782589
51.531291503913 -0.100820103273936
51.5311272070575 -0.100406122332795
51.5311625526567 -0.0998297696476864
51.530764488582 -0.100474357621674
51.5307303345196 -0.100513700144258
51.5305065330497 -0.100549999765431
51.5304731422411 -0.100519888062301
51.5302480109497 -0.100135432340507
51.5305870307915 -0.09967530366465
51.5306302195636 -0.0991671019283003
51.5305393322475 -0.0990284768319143
51.530124795412 -0.0987394094509371
51.5301142666973 -0.0986389251872205
51.5300808956501 -0.0985213240753124
51.5304944100208 -0.0978544497203831
51.530451525304 -0.096795647142056
51.5297078236677 -0.0967924270998522
51.5295790267282 -0.0964950331108647
51.5293392846953 -0.0959201887883257
51.530000457106 -0.0952754171884696
51.530042467029 -0.0947068795029036
51.5299722660224 -0.0944916795618717
51.529690129243 -0.0943458360828756
51.5290706241024 -0.0953916090585949
51.5289524068362 -0.0952587726374104
51.5289582144924 -0.0949133325801342
51.5289693178532 -0.0944678207206246
51.5288068055984 -0.0937888488779145
51.5288530018405 -0.0935004439339942
51.5287618900912 -0.0932212224036254
51.5291104035438 -0.0925228012756581
51.5291167514098 -0.0924432495528665
51.5290957468462 -0.0923125382743801
51.5286664634908 -0.092096191599396
51.5286224165036 -0.0920909008402622
51.5285044271329 -0.091806507214089
51.5284453578631 -0.0915630381550536
51.528579511233 -0.091277135741554
51.5286522416772 -0.0911335908155589
51.528602554849 -0.0904282804185721
51.5286048036321 -0.0904228372272742
51.5284626485696 -0.0900845419857109
51.5282444514115 -0.0896035806570408
51.5280577389313 -0.0896041452713568
51.5281076527971 -0.0890478952233818
51.5281187961577 -0.088815874500198
51.5280088793436 -0.0886853251845939
51.527864523208 -0.0886481030213032
51.5278326076499 -0.0879970981131825
51.5274091977471 -0.0881085022515955
51.5273221973764 -0.0883139804497099
51.5271114554868 -0.0883129416826274
51.5268875166923 -0.0880979053547642
51.5268186002639 -0.0879953596535107
51.526832397311 -0.0877939010131942
51.5271935735677 -0.0874219354167087
51.5271001770658 -0.0871799175137424
51.5270648593858 -0.0870759645109726
51.526914518733 -0.0870246163465246
51.5270074573884 -0.0863566235030318
51.5272863518279 -0.0865179980311706
51.5272954288472 -0.0865068007138594
51.5273000756732 -0.0859154875753693
51.5273134009212 -0.0857734786987077
51.5268489058172 -0.0856973930844012
51.5267602547405 -0.0855425465530254
51.5265828907869 -0.085532037751818
51.5263762444729 -0.0853027416024189
51.5259905425886 -0.0856973787973546
51.525865887224 -0.0848899487401344
51.525729795421 -0.085001089065235
51.5257111970867 -0.0852495765633062
51.525740021982 -0.0854403286420695
51.5258033029645 -0.0856656508681356
51.5258974541432 -0.0857994629421025
51.5258816922456 -0.0860290518913537
51.5258845637617 -0.0860397479065643
51.5258897889519 -0.086982816499112
51.5259997582263 -0.0870999221928717
51.5260728036593 -0.0878140760624827
51.5257962563688 -0.0883536450527598
51.5257507791142 -0.0883654152570027
51.5255565576359 -0.0881203757959258
51.5251061280298 -0.0882563197406648
51.5250719868634 -0.0885830686873377
51.5253296791138 -0.088911029402114
51.5250240477923 -0.0892769577254227
51.5250069622613 -0.0893705022254256
51.5250501854788 -0.0895128696623343
51.525019104586 -0.0897682922809751
51.5250117674378 -0.0898532273204793
51.5248631509461 -0.0900567528278136
51.5248857373373 -0.0902513310845771
51.5253331369825 -0.0903543248159024
51.5250555530147 -0.090488482556182
51.524937880054 -0.0907428910457053
51.5247829043156 -0.0906331294691613
51.5244633063283 -0.0908537869547374
51.5244604248897 -0.0908700721699536
51.5247836147066 -0.0913341295775506
51.5247188986835 -0.0917161139210154
51.5246386160883 -0.091876244687494
51.5243608099769 -0.0920410655786565
51.5242899957384 -0.0921864169839003
51.5245167828376 -0.0923669923123349
51.5246014159104 -0.0929995854430524
51.5244828293546 -0.0931594119331661
51.524538101283 -0.093263481049019
51.5245362531247 -0.0935977875750133
51.5247522615527 -0.0938897162100897
51.5243947608788 -0.0939911736588918
51.524421020884 -0.0941521993157401
51.5242711685974 -0.0945125326721851
51.5242389857012 -0.0945292087622348
51.5240332574772 -0.0944162061949187
51.5239948727087 -0.0944384897244367
51.5239725575133 -0.0948025286312892
51.5240919378087 -0.0950678267810505
51.5240713645186 -0.0951849274929316
51.5242431478983 -0.0956435611655471
51.5241736693553 -0.0956554929824684
51.5238755875199 -0.0960336501972663
51.5238792366022 -0.0960479984787142
51.5238317892071 -0.0962652263941372
51.5238494934355 -0.0963645650978915
51.5237953185706 -0.0965218129467554
51.5237765935229 -0.0967639907187939
51.5236867546247 -0.0967677365532998
51.5235835117469 -0.0969260782137368
51.5236307709929 -0.0971016784895151
51.5235249504401 -0.0973006563720976
51.5234191411616 -0.0972897344773057
51.5234169466172 -0.0973484215889471
51.5233847133343 -0.0974839526043546
51.5234439334835 -0.0976266067150412
51.5235527818521 -0.0976364518943641
51.5236589087158 -0.0977113058396231
51.5235171427078 -0.0979334119504706
51.5233619445059 -0.0977651619012333
51.5233607765995 -0.0977652105708736
51.5232694387857 -0.0979537172824658
51.5234821214367 -0.0981132732165284
51.5234862065016 -0.0982266099316105
51.523317383375 -0.098521034829146
51.5233773075619 -0.098729387615615
51.523468818121 -0.0989508069624202
51.5235252831718 -0.0989845874475751
51.5235989926389 -0.099095024919778
51.5233810065797 -0.0997121654130567
51.5233853264187 -0.0997291007168259
51.523389603924 -0.0997434229730544
51.523296377525 -0.0999986820018366
51.52323576912 -0.100097595917541
51.5229677648978 -0.100174476773466
51.5230738066484 -0.100405157211482
51.5230823582078 -0.100439150245085
51.5231011447569 -0.100616650030883
51.523053356868 -0.100879998950944
51.5230179087357 -0.100961581423629
51.5230313543947 -0.101064662906399
51.5230001110719 -0.101122774878914
51.5229317417597 -0.101330998502565
51.5228944731623 -0.101366778541365
51.5228623808012 -0.101716830214559
51.522852924204 -0.101732436743194
51.5228280767745 -0.101752486600778
51.5226716679496 -0.101686846812299
51.5224486255319 -0.102103430128659
51.5224706294142 -0.102179888404795
51.5227827725705 -0.102208390995322
51.52277772305 -0.102579780412133
51.522793133505 -0.102604336809484
51.5227534869023 -0.102832162826766
51.5227201546677 -0.102905692111278
51.5225980844238 -0.102962109702665
51.5225375568773 -0.103299671295276
51.5226059133285 -0.103451815444604
51.5226506405882 -0.103510334573026
51.5224266615993 -0.104186402723842
51.5224887134022 -0.10443246557474
51.522629154414 -0.104472511020429
51.5226483327837 -0.104479915516109
51.5226934759619 -0.104447376838284
51.52300278291 -0.104517374019102
51.5230752948144 -0.104203559175602
51.5230774490375 -0.104175538958702
51.5232121553747 -0.104155562964198
51.5235248637674 -0.103801935731263
51.5235290166877 -0.10379189821582
51.523529706601 -0.103790086724776
51.5235074293918 -0.103752265280409
51.5229421261182 -0.103590098628681
51.5229382088502 -0.103581347325808
51.5229738064177 -0.103403251407196
51.5230173016004 -0.10314650218048
51.5230768638503 -0.102982741878241
51.523192370951 -0.102937412240784
51.523222552056 -0.102946973719935
51.5233931143138 -0.103031760324798
51.5234755175883 -0.103146359196205
51.5237898429672 -0.102853985466619
51.5238710957755 -0.102897437860505
51.5238712021246 -0.103254240174745
51.5239881638031 -0.103432300425782
51.5240569990226 -0.103419456397287
51.5241994433536 -0.103533345913785
51.5243641478184 -0.103205824991431
51.524604348043 -0.103583202484798
51.524611866299 -0.103614506422758
51.5243042715444 -0.104045307366886
51.5243522869045 -0.104307295664444
51.5245180212727 -0.104499499745746
51.5246136325007 -0.104513595778593
51.5248959211524 -0.103896405526491
51.5250302546723 -0.103903424327063
51.5251899947057 -0.104141877453232
51.5253766384744 -0.104159323448886
51.5254909468637 -0.104818649426229
51.5258741982874 -0.104997312568196
51.5259931791233 -0.104888725212508
51.5261358593082 -0.104944966004078
51.5263157263681 -0.105171776359464
51.526337670984 -0.105216865216248
51.5268885363276 -0.104969580891363
51.5268899449716 -0.104967739442014
51.5269499606005 -0.104831881811742
51.5270847810435 -0.104568584999938
51.527267961958 -0.104627661011357
51.5277000123365 -0.104326816852759
51.5280159349167 -0.105134591140994
51.5282640009071 -0.104891786551561
51.5284789979934 -0.104827941877988
51.5288511433083 -0.105092663170087
51.5288595443305 -0.105217602609187
51.5293954863215 -0.105276421193528
51.5295242814647 -0.104935025571033
51.5298610283094 -0.105206691399822
51.5299137774326 -0.105299955560566
51.5300064220122 -0.105347462045675
51.5300142606306 -0.105832848876853
51.5302478469301 -0.106001581921499
51.5304263553071 -0.10571565305749
51.5305818721835 -0.105731783734945
51.5306593036737 -0.106028607596041
51.5305817209137 -0.106357184984432
51.5309795630359 -0.106944322652695
51.5309830323578 -0.107109176977217
51.5312776155128 -0.107670889129793
51.5314044499659 -0.107675615223044
51.5314848514319 -0.107649694727575
51.5317775794638 -0.107087869110551
51.5317555085665 -0.106784222191197
51.5317347639531 -0.106490387293603
22 4
51.5269010773671 -0.0786609190333729
51.5269080110202 -0.0787768767597502
51.5268925013465 -0.078883794572276
51.5268706783486 -0.0789181140771629
51.5268134529676 -0.0796782831607785
51.5268477679435 -0.0797480391902066
51.5270242374998 -0.0802640956571636
51.5269832679009 -0.0803370189297244
51.5269599770583 -0.0807046962697977
51.5271392071366 -0.080851208536411
51.5274294544797 -0.0806894704052182
51.5274240898205 -0.0803616259846273
51.5273572041008 -0.08020230629026
51.527406308724 -0.0798245056191841
51.527461760875 -0.0795654219376251
51.5276029758753 -0.0794819789797574
51.5275891298979 -0.0786364705612089
51.5277736978324 -0.0783403294246127
51.5273797376712 -0.0777685309230369
51.5269722785621 -0.0775964589320448
51.526939863993 -0.077719541727287
51.5269010773671 -0.0786609190333729
29 4
51.5265002450589 -0.0811727385466011
51.5264989443312 -0.0812196254607678
51.5265448491519 -0.0813384610802206
51.5264086810945 -0.0818460260265945
51.5264094872049 -0.0818513409966436
51.5267351631439 -0.0821683339898648
51.5267403863378 -0.0821798820631558
51.5266281667689 -0.0823323452101375
51.5264889199297 -0.0825418089115722
51.5264839465814 -0.0828150472285582
51.5264848590139 -0.0828708747306573
51.5264954520941 -0.083106492673562
51.5265098944283 -0.0831265683675806
51.5265453455538 -0.0833540108061058
51.5267578072203 -0.0833612542999866
51.5270032980418 -0.0832716623757568
51.5270070898228 -0.0832616373565981
51.5269248976603 -0.0828145922271245
51.5269733893671 -0.0825637713898149
51.5268957194284 -0.0822670202931798
51.5271137272453 -0.0819371619597613
51.5269508330128 -0.0812997609344503
51.5269061761086 -0.0812737050862234
51.52683666368 -0.0809152795435071
51.5267697658934 -0.0809145264806788
51.5266561806405 -0.0808075702993692
51.526452697527 -0.0808161265849506
51.5264712267739 -0.0810640098089424
51.5265002450589 -0.0811727385466011
7 4
51.5268836791181 -0.0844957600540215
51.5268659463683 -0.0842631733907337
51.5265982909836 -0.0841681436609979
51.5263282624303 -0.0840929458866574
51.5263246092191 -0.0841389803657427
51.5263964462665 -0.0847504877388104
51.5268836791181 -0.0844957600540215
7 4
51.5231877989227 -0.0998445305043226
51.5232661257814 -0.099596310232885
51.5231701822759 -0.0994840647983299
51.5230880082058 -0.0995225481074387
51.5228113998686 -0.100078294989208
51.5229598469406 -0.100168507049329
51.5231877989227 -0.0998445305043226
