51.5223843995345 -0.0870368982689353
51.5223424159419 -0.0870368748555934
51.5222949258248 -0.087029951049752
51.5221574942361 -0.0869653498233948
51.5220525185081 -0.0868788274179395
51.5218817971674 -0.0869228261287451
51.5219424878537 -0.0885500940482827
51.5218050122154 -0.0885379039421793
51.5214771570062 -0.0885605457157568
51.5214688210618 -0.0885510301791047
51.5214441069332 -0.0884908571269339
51.5211569756711 -0.0881659417554554
51.5209446506688 -0.0876927824672366
51.52059085361 -0.087883260183482
51.5205392390518 -0.0881196712574776
51.5205617418903 -0.0881710219404609
51.5206145623821 -0.088808450261694
51.5205329622903 -0.0889757576297506
51.5204298871155 -0.089204456702211
51.520441557927 -0.0894462985044468
51.520432392522 -0.0894962415277626
51.5203358730718 -0.0895976167744559
51.5199621301767 -0.0899987942568519
51.5199169411447 -0.0903871728281494
51.5204631521731 -0.090894028920062
51.5204262708479 -0.0915279590633881
51.5207276734941 -0.0919073206263979
51.5207591745281 -0.092241156472231
51.5209474739001 -0.0926035017296619
51.5210585865575 -0.0929294975917254
51.5212227636235 -0.093013677832963
51.5212990127298 -0.0929924274630432
51.521647846589 -0.0934473153607034
51.5217238441045 -0.0935377958483043
51.5219784278096 -0.0938523414980471
51.5219355193914 -0.0940388283271707
51.5213407800937 -0.0943952507045115
51.5212468580892 -0.0943468774780349
51.5212178761924 -0.0943337065098016
51.5210066171053 -0.0944668414431298
51.5207919977373 -0.0946144960290821
51.5207847375318 -0.0948427503398209
51.5209268702806 -0.0952026353115815
51.5214411158522 -0.0952757827544971
51.5214578920822 -0.0952570175520169
51.521753465102 -0.0954663417609983
51.5215247824655 -0.096337190863332
51.5217379030139 -0.0965679068294713
51.5217396623171 -0.0966597052085999
51.5216959785878 -0.0970480292738522
51.5220172596702 -0.0976508818373541
51.5220381010792 -0.0976554804877135
51.5221390527299 -0.0976773020884863
51.5222474236152 -0.0978295520143189
51.5223661816635 -0.097812955867226
51.5224469152166 -0.097342025111397
51.5226829634743 -0.0968969455246926
51.5228266217082 -0.0972459723432516
51.5228733023037 -0.0973692984837154
51.5228389904205 -0.0974986152413134
51.5229237594976 -0.0979527888398087
51.5231109909424 -0.0981450192971191
51.5232085480211 -0.0979796688659105
51.5232694387857 -0.0979537172824658
51.5233607765995 -0.0977652105708736
51.5233619445059 -0.0977651619012333
51.5235171427078 -0.0979334119504706
51.5236589087158 -0.0977113058396231
51.5235527818521 -0.0976364518943641
51.5234439334835 -0.0976266067150412
51.5233847133343 -0.0974839526043546
51.5234169466172 -0.0973484215889471
51.5234191411616 -0.0972897344773057
51.5235249504401 -0.0973006563720976
51.5236307709929 -0.0971016784895151
51.5235835117469 -0.0969260782137368
51.5236867546247 -0.0967677365532998
51.5237765935229 -0.0967639907187939
51.5237953185706 -0.0965218129467554
51.5238494934355 -0.0963645650978915
51.5238317892071 -0.0962652263941372
51.5238792366022 -0.0960479984787142
51.5238755875199 -0.0960336501972663
51.5241736693553 -0.0956554929824684
51.5242431478983 -0.0956435611655471
51.5240713645186 -0.0951849274929316
51.5240919378087 -0.0950678267810505
51.5239725575133 -0.0948025286312892
51.5239948727087 -0.0944384897244367
51.5240332574772 -0.0944162061949187
51.5242389857012 -0.0945292087622348
51.5242711685974 -0.0945125326721851
51.524421020884 -0.0941521993157401
51.5243947608788 -0.0939911736588918
51.5247522615527 -0.0938897162100897
51.5245362531247 -0.0935977875750133
51.524538101283 -0.093263481049019
51.5244828293546 -0.0931594119331661
51.5246014159104 -0.0929995854430524
51.5245167828376 -0.0923669923123349
51.5242899957384 -0.0921864169839003
51.5243608099769 -0.0920410655786565
51.5246386160883 -0.091876244687494
51.5247188986835 -0.0917161139210154
51.5247836147066 -0.0913341295775506
51.5244604248897 -0.0908700721699536
51.5244633063283 -0.0908537869547374
51.5247829043156 -0.0906331294691613
51.524937880054 -0.0907428910457053
51.5250555530147 -0.090488482556182
51.5253331369825 -0.0903543248159024
51.5248857373373 -0.0902513310845771
51.5248631509461 -0.0900567528278136
51.5250117674378 -0.0898532273204793
51.525019104586 -0.0897682922809751
51.5250501854788 -0.0895128696623343
51.5250069622613 -0.0893705022254256
51.5250240477923 -0.0892769577254227
51.5253296791138 -0.088911029402114
51.5250719868634 -0.0885830686873377
51.5251061280298 -0.0882563197406648
51.5255565576359 -0.0881203757959258
51.5257507791142 -0.0883654152570027
51.5257962563688 -0.0883536450527598
51.5260728036593 -0.0878140760624827
51.5259997582263 -0.0870999221928717
51.5258897889519 -0.086982816499112
51.5258845637617 -0.0860397479065643
51.5258816922456 -0.0860290518913537
51.5253860817227 -0.0862498766788856
51.5252064829949 -0.0865322113759757
51.5253966080449 -0.0870440182434441
51.5253050729347 -0.0873902911246136
51.525083215252 -0.0875400797749061
51.5249873158365 -0.0875360154418639
51.5248934661183 -0.0873544083840654
51.5245430065536 -0.0873690935907401
51.5246498623912 -0.0867330013750516
51.5246577208896 -0.0866911903082599
51.5246501019826 -0.0865437684006985
51.5244256518629 -0.0864684316272479
51.5241443498844 -0.0865893352435892
51.5239365743659 -0.0864394899602807
51.5237854636052 -0.0864511732983554
51.5237602736481 -0.0864225152152342
51.5237253177254 -0.0864013979495903
51.5234142233377 -0.0863217323976424
51.5233234903001 -0.0864029109566446
51.5232371486483 -0.0867588165867671
51.5230686077314 -0.0867821637930678
51.522939780208 -0.086782096021137
51.5228795167157 -0.0865432293276732
51.5226568341233 -0.0864219437281236
51.5226043032137 -0.0865358679312993
51.5224595906102 -0.0868130374205909
51.5223843995345 -0.0870368982689353
