51.5221142155876 -0.0792615082202386
51.5218051682092 -0.07905463674539
51.5216985487913 -0.0791645442103407
51.5215045457413 -0.0791700926929725
51.5214867819842 -0.0791887865722466
51.521042802899 -0.0796741890152586
51.520981871589 -0.0797523402068566
51.5207930734518 -0.0798342056350798
51.5206295493098 -0.0799113230488148
51.5205557376238 -0.0792027653212705
51.5205537798117 -0.0791875162959602
51.5203248464079 -0.0791790839408774
51.5202610229878 -0.0795637445718734
51.5205934914915 -0.0800371548113317
51.5205805277565 -0.0800854769744385
51.5203821122467 -0.0801235333939749
51.5200970344853 -0.0801616685163134
51.5200380464615 -0.0802597019260874
51.5196649656025 -0.0799798209668047
51.519951195647 -0.0794300025320896
51.5198962313104 -0.0791368628093724
51.5196954594197 -0.0790804205683105
51.5192924793162 -0.0794892076936775
51.5192382134767 -0.0796779577323406
51.5192391432658 -0.0797292595056079
51.5191492989141 -0.0803313012060693
51.519168537596 -0.0805565343751914
51.5194427042486 -0.080900948570063
51.5197302961325 -0.0812527652662215
51.519257474635 -0.0823608977436646
51.5198564610565 -0.0823158900896438
51.5199125159584 -0.0822747915324706
51.5198895923171 -0.0823298295473461
51.5199774258698 -0.0827973664541397
51.5196890730688 -0.082921190928434
51.5197540819739 -0.0832904487812091
51.5200851026755 -0.083390049588456
51.5200827973365 -0.0834910472856059
51.5203443329364 -0.0840368680950708
51.520366901004 -0.0840260565916654
51.5206164053351 -0.0840335310670972
51.5206198690103 -0.084719020734426
51.5199482386567 -0.0851382027520888
51.519970545222 -0.0853867258273659
51.5197797556255 -0.0856993294605449
51.5198704192037 -0.0865450402695863
51.5197563378853 -0.0867435405568802
51.5198262894368 -0.0872567573695046
51.5198330930755 -0.0873321772564533
51.5199641378796 -0.0874130883187403
51.5198344081744 -0.0878429225418444
51.519791627256 -0.0878050198632519
51.5196151827034 -0.0875476225519832
51.5195304260136 -0.0876204598752811
51.519557203789 -0.0870959432729439
51.5195107957492 -0.0871167841941047
51.5192435796917 -0.0873793367055545
51.5193471811362 -0.08777859332866
51.5193346339044 -0.0878692032021776
51.5193456758228 -0.0879399287548151
51.5193785194173 -0.0880079586041903
51.5197573838029 -0.088169528261792
51.5198735211211 -0.0882349027797128
51.520026966001 -0.088542945031171
51.5201845081176 -0.0882804712404637
51.5202572990118 -0.0881684402196334
51.5202718153637 -0.0881434686242571
51.5202995151716 -0.0880999989593581
51.5205392390518 -0.0881196712574776
51.52059085361 -0.087883260183482
51.5209446506688 -0.0876927824672366
51.5211569756711 -0.0881659417554554
51.5214441069332 -0.0884908571269339
51.5214688210618 -0.0885510301791047
51.5214771570062 -0.0885605457157568
51.5218050122154 -0.0885379039421793
51.5219424878537 -0.0885500940482827
51.5218817971674 -0.0869228261287451
51.5220525185081 -0.0868788274179395
51.5221574942361 -0.0869653498233948
51.5222949258248 -0.087029951049752
51.5223424159419 -0.0870368748555934
51.5223843995345 -0.0870368982689353
51.5224595906102 -0.0868130374205909
51.5226043032137 -0.0865358679312993
51.5226568341233 -0.0864219437281236
51.5228795167157 -0.0865432293276732
51.522939780208 -0.086782096021137
51.5230686077314 -0.0867821637930678
51.5232371486483 -0.0867588165867671
51.5233234903001 -0.0864029109566446
51.5234142233377 -0.0863217323976424
51.5237253177254 -0.0864013979495903
51.5237602736481 -0.0864225152152342
51.5237854636052 -0.0864511732983554
51.5239365743659 -0.0864394899602807
51.5241443498844 -0.0865893352435892
51.5244256518629 -0.0864684316272479
51.5246501019826 -0.0865437684006985
51.5246577208896 -0.0866911903082599
51.5246498623912 -0.0867330013750516
51.5245430065536 -0.0873690935907401
51.5248934661183 -0.0873544083840654
51.5249873158365 -0.0875360154418639
51.525083215252 -0.0875400797749061
51.5253050729347 -0.0873902911246136
51.5253966080449 -0.0870440182434441
51.5252064829949 -0.0865322113759757
51.5253860817227 -0.0862498766788856
51.5258816922456 -0.0860290518913537
51.5258974541432 -0.0857994629421025
51.5258033029645 -0.0856656508681356
51.525740021982 -0.0854403286420695
51.5257111970867 -0.0852495765633062
51.525729795421 -0.085001089065235
51.525865887224 -0.0848899487401344
51.5259905425886 -0.0856973787973546
51.5263762444729 -0.0853027416024189
51.5263350008925 -0.0850396449330924
51.5263964462665 -0.0847504877388104
51.5263246092191 -0.0841389803657427
51.5263282624303 -0.0840929458866574
51.526315619146 -0.083962846167571
51.5265140204306 -0.0836652034780759
51.5265453455538 -0.0833540108061058
51.5265098944283 -0.0831265683675806
51.5264954520941 -0.083106492673562
51.5264848590139 -0.0828708747306573
51.5264839465814 -0.0828150472285582
51.5264889199297 -0.0825418089115722
51.5266281667689 -0.0823323452101375
51.5267403863378 -0.0821798820631558
51.5267351631439 -0.0821683339898648
51.5264094872049 -0.0818513409966436
51.5264086810945 -0.0818460260265945
51.5265448491519 -0.0813384610802206
51.5264989443312 -0.0812196254607678
51.5265002450589 -0.0811727385466011
51.5264712267739 -0.0810640098089424
51.526452697527 -0.0808161265849506
51.5266561806405 -0.0808075702993692
51.5267697658934 -0.0809145264806788
51.52683666368 -0.0809152795435071
51.5268386269591 -0.0809088971788166
51.5269599770583 -0.0807046962697977
51.5269832679009 -0.0803370189297244
51.5270242374998 -0.0802640956571636
51.5268477679435 -0.0797480391902066
51.5268134529676 -0.0796782831607785
51.5268706783486 -0.0789181140771629
51.5268925013465 -0.078883794572276
51.5269080110202 -0.0787768767597502
51.5269010773671 -0.0786609190333729
51.5263183607947 -0.0783764050721055
51.5262691721517 -0.0780189155142611
51.5259887919706 -0.0778937928985967
51.5259792931936 -0.0788285688123588
51.5253403858119 -0.0785383410969257
51.5253425683022 -0.0778210445890883
51.5252374031581 -0.0776136643358667
51.5246366409737 -0.0781372221374759
51.5246289171787 -0.0781321987051495
51.524594477407 -0.0780768343718094
51.5244850485069 -0.0779877816209078
51.5243942511116 -0.0779330078596122
51.5240831424511 -0.0779461082104562
51.5241264247116 -0.0772190177995526
51.5239895541952 -0.076920271570432
51.5238615792907 -0.0768625502869539
51.5237835600871 -0.0780317008746867
51.5233323301735 -0.0773281785039709
51.523192566474 -0.0767268353345529
51.5228256158779 -0.0778414580786974
51.522924365759 -0.0780688279534937
51.5228515332703 -0.0784521086396866
51.5227350302757 -0.0787489176845515
51.5225919054709 -0.078743175094063
51.5221142155876 -0.0792615082202386
51.5233408677724 -0.0851265093063152
51.5233416067075 -0.0854471497376219
51.523340649504 -0.0854490915689535
51.5228851466243 -0.0856375632940398
51.5228164916944 -0.0853584022993788
51.5232534427887 -0.0850192850197531
51.5233408677724 -0.0851265093063152
51.5201262312905 -0.0855396889836623
51.5205236545894 -0.0860725751811226
51.5206708717464 -0.0863456965471312
51.5205797138687 -0.0867314953165474
51.5202982609416 -0.0866612863690598
51.5200840326763 -0.0862261346853554
51.5201262312905 -0.0855396889836623
