192 8
51.5206377179418 -0.0789497345560427
51.5206183521175 -0.0788596305839563
51.5203854205783 -0.0785522286182148
51.5200204248474 -0.0788045711789736
51.520056039281 -0.078410283793277
51.5200327517885 -0.0781850986895783
51.5198776708275 -0.077910555520568
51.5194941736589 -0.0779663959229769
51.5193761415837 -0.0778461025020873
51.5191798467687 -0.0779696462874475
51.5191710533672 -0.0779871300980436
51.5190564605589 -0.0788504847868517
51.5188124206895 -0.0788418579814234
51.51874119311 -0.0782530153554965
51.5186525097099 -0.0782504496465662
51.5186389342646 -0.0783491854783975
51.5185466005271 -0.0788701571387959
51.5184393942053 -0.0788783524417706
51.5183758500312 -0.0789890540688063
51.5180987547645 -0.0790809313664277
51.5180149565591 -0.0792943311181034
51.5177754166791 -0.0792530691278653
51.5177611510664 -0.0792383388198896
51.5177545459595 -0.078835033410979
51.5174250238817 -0.078360704864755
51.5174444969778 -0.0782049179210291
51.5174529998636 -0.0781477544895221
51.5174447344727 -0.0780877316974228
51.517452499072 -0.0779306548740716
51.517426495115 -0.0777921126677492
51.517402826478 -0.0776589389236021
51.5170646488544 -0.0773533817858696
51.5168909548467 -0.0773255198940945
51.5168250200504 -0.0772464168172123
51.5165516226728 -0.0770866851032704
51.5164956212158 -0.0772241619097163
51.5163118629917 -0.0774598298578862
51.5163099449513 -0.0774634757322898
51.5161624886509 -0.0777310064593209
51.5158761912148 -0.077798912629867
51.5158386245158 -0.077980649233816
51.5160806798565 -0.0784442607041864
51.5160823370439 -0.0788802018233741
51.5161041520041 -0.0789387021860231
51.5160173283379 -0.0792143714155197
51.515927818007 -0.0796334688204981
51.516004504981 -0.079704991421552
51.5161510406672 -0.0798312124432632
51.5162023535813 -0.0798849077412971
51.5163792399469 -0.0798387280384717
51.5164338494171 -0.0799455240952986
51.5165472917339 -0.0801425397890261
51.5166976030726 -0.079977689463815
51.5167609417245 -0.0799642116356913
51.5168219445827 -0.0799508319955614
51.5168165509707 -0.0800716797107639
51.5166758673079 -0.0802425426010435
51.5168105884836 -0.0804214338835555
51.5166561487303 -0.0805757612998739
51.5166860299121 -0.0806437876515115
51.5165073805619 -0.0812800668726113
51.5164756647828 -0.0812922138894154
51.5162329283216 -0.0811159595063553
51.5160298910712 -0.0818388171683469
51.516034245134 -0.0819566386516592
51.5158959003565 -0.0821057663183791
51.5156771814185 -0.0822986728755107
51.5156190372862 -0.0825749111489973
51.5158186660488 -0.0830125182049868
51.5158303450278 -0.0830120278669691
51.5158815528586 -0.0830098779194539
51.5160076104049 -0.0829009602599459
51.5161602755021 -0.0827918754294129
51.5164097964812 -0.0830038612371813
51.5164099018468 -0.0830048075110517
51.5164044515298 -0.0836175232569951
51.5163070429693 -0.0837522134976831
51.516469435899 -0.0845138002929641
51.5165279841637 -0.0845537690169518
51.5166031704826 -0.0849244781769369
51.5166369916492 -0.0850798066094375
51.5166397733948 -0.0850905041795759
51.5166379617011 -0.0853760284973354
51.5166376753443 -0.0853860228782599
51.5168944746009 -0.0855815577456052
51.5169255577886 -0.0858225661627452
51.5169453787404 -0.0860235230571239
51.5168729077195 -0.0860778992382743
51.5167961656519 -0.0861460018274903
51.5167487349694 -0.0867433685990122
51.5165251345256 -0.086637466016549
51.5163788162367 -0.086882341326894
51.5162343086615 -0.0870784161416627
51.516436373595 -0.0873356703717304
51.5166130523775 -0.0875687965711655
51.5168320720904 -0.0875371622325541
51.5167576735257 -0.0882123077037675
51.5169419888694 -0.0881253247029464
51.5170361526461 -0.0882600664931733
51.5168925871394 -0.0884092780233412
51.516991809771 -0.0885510576189864
51.517024135029 -0.0886479839487758
51.5172601427893 -0.0884947836577019
51.5173715034621 -0.0888297650131881
51.5170396065166 -0.0889850760367142
51.5169846898844 -0.0890630747995739
51.5173466459801 -0.0897099805804283
51.5175215519144 -0.0896910161355911
51.5175482697458 -0.0895872204124853
51.5174317417655 -0.0888687185509103
51.5175422444896 -0.0887262385492223
51.5177841251684 -0.0889224203338036
51.5178367730649 -0.0886445058389517
51.5179688010487 -0.0892272424260181
51.5180486548587 -0.0892176018111137
51.5181370678168 -0.0891373675422865
51.5181422729776 -0.0891092219025406
51.5183976066292 -0.08870754379231
51.5185810772569 -0.0887728324620316
51.518751058696 -0.088523395236727
51.5187701326875 -0.0885298460813973
51.5189465606521 -0.0886098094780094
51.5189901890459 -0.0885287140530588
51.5193456758228 -0.0879399287548151
51.5193346339044 -0.0878692032021776
51.5193471811362 -0.08777859332866
51.5192435796917 -0.0873793367055545
51.5195107957492 -0.0871167841941047
51.519557203789 -0.0870959432729439
51.5195304260136 -0.0876204598752811
51.5196151827034 -0.0875476225519832
51.5198266220155 -0.0873377964400935
51.5198330930755 -0.0873321772564533
51.5198262894368 -0.0872567573695046
51.5197563378853 -0.0867435405568802
51.5198704192037 -0.0865450402695863
51.5197797556255 -0.0856993294605449
51.519970545222 -0.0853867258273659
51.5199482386567 -0.0851382027520888
51.5206198690103 -0.084719020734426
51.5206164053351 -0.0840335310670972
51.520366901004 -0.0840260565916654
51.5203443329364 -0.0840368680950708
51.5200827973365 -0.0834910472856059
51.5200851026755 -0.083390049588456
51.5197540819739 -0.0832904487812091
51.5196890730688 -0.082921190928434
51.5199774258698 -0.0827973664541397
51.5198895923171 -0.0823298295473461
51.5199125159584 -0.0822747915324706
51.5198564610565 -0.0823158900896438
51.519257474635 -0.0823608977436646
51.5197302961325 -0.0812527652662215
51.5194427042486 -0.080900948570063
51.519168537596 -0.0805565343751914
51.5191492989141 -0.0803313012060693
51.5192391432658 -0.0797292595056079
51.5192382134767 -0.0796779577323406
51.5192924793162 -0.0794892076936775
51.5196954594197 -0.0790804205683105
51.5198962313104 -0.0791368628093724
51.519951195647 -0.0794300025320896
51.5196649656025 -0.0799798209668047
51.5200380464615 -0.0802597019260874
51.5200970344853 -0.0801616685163134
51.5203821122467 -0.0801235333939749
51.5205805277565 -0.0800854769744385
51.5205934914915 -0.0800371548113317
51.5202610229878 -0.0795637445718734
51.5203248464079 -0.0791790839408774
51.5205537798117 -0.0791875162959602
51.5205557376238 -0.0792027653212705
51.5206295493098 -0.0799113230488148
51.5207930734518 -0.0798342056350798
51.520981871589 -0.0797523402068566
51.521042802899 -0.0796741890152586
51.5214867819842 -0.0791887865722466
51.5215045457413 -0.0791700926929725
51.521047244029 -0.0788803262147993
51.5208932384969 -0.0789128351447053
51.5206377179418 -0.0789497345560427
51.5165734901336 -0.0870777530896106
51.5165873216649 -0.0871320765717425
51.5165779520943 -0.0871253388591651
51.5165568922028 -0.0871018594816413
51.5164909389712 -0.0870046804381624
51.5165734901336 -0.0870777530896106
51.5163227939243 -0.0789664612262851
51.5165729514847 -0.0794694336925452
51.516556965728 -0.0795033806514464
51.5162928024568 -0.0794352277289331
51.5163227939243 -0.0789664612262851
7 4
51.5205236545894 -0.0860725751811226
51.5201262312905 -0.0855396889836623
51.5200840326763 -0.0862261346853554
51.5202982609416 -0.0866612863690598
51.5205797138687 -0.0867314953165474
51.5206708717464 -0.0863456965471312
51.5205236545894 -0.0860725751811226
6 4
51.5163233787751 -0.0850497029389314
51.5163203249211 -0.0850443645201457
51.516129424803 -0.0850307427576625
51.5161644621048 -0.0852220261339491
51.5163420746072 -0.0854074500625879
51.5163233787751 -0.0850497029389314
