51.5155456638704 -0.0816998018932214
51.5153801802396 -0.081767122279302
51.5154189984708 -0.0820573493782971
51.5152378028489 -0.0822468955814481
51.515217587041 -0.0824125675815524
51.5151139648537 -0.0823925584394201
51.5149861596563 -0.0825430215998545
51.5149741604827 -0.0825624200130424
51.5147833293931 -0.0826190362761201
51.5147038546156 -0.0825143545543255
51.5146652442278 -0.0825501997643858
51.5143089208246 -0.082910131278726
51.5142342629281 -0.0828196264924909
51.5141078612952 -0.0826599958943454
51.5138173648205 -0.0833622421810303
51.5138968805136 -0.0837335776628057
51.5139134910865 -0.0838203399807557
51.513890333076 -0.083850068799485
51.513715441369 -0.0839799217294124
51.5137555319586 -0.0844529664992395
51.5137581153687 -0.0844735345951557
51.5139534143103 -0.0844482302183979
51.5141549392974 -0.0846775575908718
51.514163550211 -0.0846763645811156
51.5141301560028 -0.0841454012942972
51.5141204543649 -0.0838376789493467
51.5143773931933 -0.08367289053229
51.5144936842597 -0.0838905827471252
51.5146572545238 -0.0842178761181872
51.5146503738044 -0.0843415130612692
51.5144559517345 -0.084739795544262
51.5146749497782 -0.0851638735747935
51.5145088199487 -0.0853238962342915
51.5145190989027 -0.0853532921129272
51.5145100542972 -0.0853554538490674
51.5142966757573 -0.0853526367012176
51.5142170323912 -0.0857001121471312
51.5143359035945 -0.0859329110267038
51.5143008868265 -0.0864865896558828
51.5144552616033 -0.0867080402738235
51.5144980314404 -0.0867727941673253
51.5140973598054 -0.0880029668178337
51.5141136314239 -0.088195980265562
51.514328151839 -0.0882302533149013
51.5146723395009 -0.0879851886156284
51.5147517154618 -0.0876980920477358
51.5147623458544 -0.0876553423480176
51.5152174923398 -0.087560582695997
51.5152267457103 -0.0875601951273083
51.5153242741986 -0.087438107748222
51.5153984375643 -0.0871126032306111
51.5155277315554 -0.0869152682585594
51.5158027973013 -0.086963161067657
51.5158121722378 -0.0869592032083379
51.5160245409396 -0.0871205975049816
51.5162343086615 -0.0870784161416627
51.5163788162367 -0.086882341326894
51.5165251345256 -0.086637466016549
51.5167487349694 -0.0867433685990122
51.5167961656519 -0.0861460018274903
51.5168729077195 -0.0860778992382743
51.5169453787404 -0.0860235230571239
51.5169255577886 -0.0858225661627452
51.5168944746009 -0.0855815577456052
51.5166376753443 -0.0853860228782599
51.5166379617011 -0.0853760284973354
51.5166397733948 -0.0850905041795759
51.5166369916492 -0.0850798066094375
51.5166031704826 -0.0849244781769369
51.5165279841637 -0.0845537690169518
51.516469435899 -0.0845138002929641
51.5163070429693 -0.0837522134976831
51.5164044515298 -0.0836175232569951
51.5164099018468 -0.0830048075110517
51.5164097964812 -0.0830038612371813
51.5161602755021 -0.0827918754294129
51.5160076104049 -0.0829009602599459
51.5158815528586 -0.0830098779194539
51.5158303450278 -0.0830120278669691
51.5158186660488 -0.0830125182049868
51.5156190372862 -0.0825749111489973
51.5156771814185 -0.0822986728755107
51.5158959003565 -0.0821057663183791
51.516034245134 -0.0819566386516592
51.5160298910712 -0.0818388171683469
51.5159442050023 -0.0817776512594998
51.5157648502434 -0.0812662313723345
51.5156125080941 -0.0814059662502406
51.5156196470772 -0.0815291360266109
51.5155456638704 -0.0816998018932214
51.5163203249211 -0.0850443645201457
51.5163233787751 -0.0850497029389314
51.5163420746072 -0.0854074500625879
51.5161644621048 -0.0852220261339491
51.516129424803 -0.0850307427576625
51.5163203249211 -0.0850443645201457
51.5147573926294 -0.0870979860934446
51.514998394232 -0.0871022684747083
51.5150453182451 -0.0871075514980702
51.5150370316353 -0.0874042695876373
51.5147650025874 -0.0874984905379404
51.5147573926294 -0.0870979860934446
