7 4
51.516441923222 -0.0937511008067085
51.5169438391889 -0.093961642695674
51.5170342265762 -0.093858876731474
51.5169531940861 -0.0933424602771999
51.5167422141491 -0.0932548931723289
51.516390812592 -0.0931397980711489
51.516441923222 -0.0937511008067085
10 4
51.5159596132719 -0.091501233830374
51.5158605013854 -0.0911450668682989
51.5156246042568 -0.0913936684174786
51.5156076803001 -0.0916132699077385
51.5156124650022 -0.0916697542242446
51.5156159416892 -0.0917011001959214
51.515711358861 -0.0920457749782687
51.5157650387687 -0.0921237457723998
51.5158628499518 -0.0921403361391421
51.5159596132719 -0.091501233830374
7 4
51.5233408677724 -0.0851265093063152
51.5232534427887 -0.0850192850197531
51.5228164916944 -0.0853584022993788
51.5228851466243 -0.0856375632940398
51.523340649504 -0.0854490915689535
51.5233416067075 -0.0854471497376219
51.5233408677724 -0.0851265093063152
5 4
51.5162928024568 -0.0794352277289331
51.516556965728 -0.0795033806514464
51.5165729514847 -0.0794694336925452
51.5163227939243 -0.0789664612262851
51.5162928024568 -0.0794352277289331
