91 8
51.5139493704278 -0.0919437667715338
51.5140318830659 -0.0919096605175731
51.5141420361741 -0.0917123133816271
51.5142236135454 -0.0915765259741141
51.514426299538 -0.091867035856097
51.5144550634428 -0.0918225790127613
51.5144863860357 -0.0914988786477783
51.5143602964016 -0.0913411115922895
51.5143762000573 -0.0909980924286218
51.5146033612198 -0.0912733177345494
51.5146243855498 -0.0913057119626999
51.5146708196029 -0.0912974728420535
51.5147234977651 -0.0909106093813599
51.5147522045394 -0.0907742962874641
51.5150098266158 -0.0906950762149882
51.5150281154501 -0.0906312108794205
51.5150313166279 -0.0903474214327112
51.515130025803 -0.0902369369162011
51.5154335386686 -0.0901603093109861
51.5154912233348 -0.0903461306889391
51.5151068712424 -0.0906369489457338
51.5155111770893 -0.090699304897866
51.5155336159844 -0.0904596274556995
51.5157044891816 -0.0903696531591702
51.5157344278515 -0.0903035169303691
51.5159161487207 -0.0899798131936731
51.5159216260632 -0.0899849316776697
51.5162075205903 -0.0902341748481994
51.5163013158835 -0.0902194375181132
51.5164507365833 -0.0905014866779606
51.5168173532589 -0.0905294111711229
51.5169428957717 -0.0905430561113802
51.5169616402155 -0.0905458373507347
51.5170028578683 -0.09064239313243
51.5170770281077 -0.0906591374729593
51.5174638834641 -0.0907816455135382
51.5175914798895 -0.0898943968515538
51.5175431491865 -0.0897585643635945
51.5175215519144 -0.0896910161355911
51.5173466459801 -0.0897099805804283
51.5169846898844 -0.0890630747995739
51.5170396065166 -0.0889850760367142
51.5173715034621 -0.0888297650131881
51.5172601427893 -0.0884947836577019
51.517024135029 -0.0886479839487758
51.516991809771 -0.0885510576189864
51.5168925871394 -0.0884092780233412
51.5170361526461 -0.0882600664931733
51.5169419888694 -0.0881253247029464
51.5167576735257 -0.0882123077037675
51.5168320720904 -0.0875371622325541
51.5166130523775 -0.0875687965711655
51.516436373595 -0.0873356703717304
51.5162343086615 -0.0870784161416627
51.5160245409396 -0.0871205975049816
51.5158121722378 -0.0869592032083379
51.5158027973013 -0.086963161067657
51.5155277315554 -0.0869152682585594
51.5153984375643 -0.0871126032306111
51.5153242741986 -0.087438107748222
51.5152267457103 -0.0875601951273083
51.5152174923398 -0.087560582695997
51.5147623458544 -0.0876553423480176
51.5147517154618 -0.0876980920477358
51.5146723395009 -0.0879851886156284
51.514328151839 -0.0882302533149013
51.5141136314239 -0.088195980265562
51.5138918572286 -0.0884943803364668
51.51389045005 -0.0885404266730552
51.5134255798875 -0.0893516461050154
51.5134698517349 -0.0901379894432183
51.5134761338991 -0.0901538874992596
51.5131148190949 -0.0905068286634794
51.5129194541692 -0.090671732197331
51.5128073931285 -0.0907628054700511
51.5125998747983 -0.0911642056013007
51.5131244493181 -0.0914575295583254
51.5133481552031 -0.0913049905245281
51.5133847716803 -0.0912845661409893
51.5135749434331 -0.0911595697240158
51.5136247375498 -0.0912141700244719
51.513691828891 -0.0916743271974117
51.5137241737119 -0.0918333960696645
51.5137698508943 -0.0920936267251556
51.5138143963287 -0.0921295535429714
51.5139493704278 -0.0919437667715338
51.5138917239077 -0.0915335960180708
51.5137526872247 -0.0911989586045322
51.5139495643743 -0.0911600703661975
51.5139854306254 -0.0915576047694095
51.5138917239077 -0.0915335960180708
30 4
51.514163550211 -0.0846763645811156
51.5141549392974 -0.0846775575908718
51.5138229282552 -0.0849852327446335
51.5138433192505 -0.0853752110843489
51.513958487453 -0.0855353192201765
51.5139916187518 -0.0855933455768085
51.5137980144061 -0.0859924143722868
51.5138956068842 -0.0867008320168121
51.5137769250919 -0.0868598089418608
51.5137553501738 -0.0869039670787589
51.5138938312672 -0.0873746759186163
51.5140973598054 -0.0880029668178337
51.5144980314404 -0.0867727941673253
51.5144552616033 -0.0867080402738235
51.5143008868265 -0.0864865896558828
51.5143359035945 -0.0859329110267038
51.5142170323912 -0.0857001121471312
51.5142966757573 -0.0853526367012176
51.5145100542972 -0.0853554538490674
51.5145190989027 -0.0853532921129272
51.5145088199487 -0.0853238962342915
51.5146749497782 -0.0851638735747935
51.5144559517345 -0.084739795544262
51.5146503738044 -0.0843415130612692
51.5146572545238 -0.0842178761181872
51.5144936842597 -0.0838905827471252
51.5143773931933 -0.08367289053229
51.5141204543649 -0.0838376789493467
51.5141301560028 -0.0841454012942972
51.514163550211 -0.0846763645811156
6 4
51.5147650025874 -0.0874984905379404
51.5150370316353 -0.0874042695876373
51.5150453182451 -0.0871075514980702
51.514998394232 -0.0871022684747083
51.5147573926294 -0.0870979860934446
51.5147650025874 -0.0874984905379404
6 4
51.5165779520943 -0.0871253388591651
51.5165873216649 -0.0871320765717425
51.5165734901336 -0.0870777530896106
51.5164909389712 -0.0870046804381624
51.5165568922028 -0.0871018594816413
51.5165779520943 -0.0871253388591651
