136 8
51.5155111770893 -0.090699304897866
51.5151068712424 -0.0906369489457338
51.5154912233348 -0.0903461306889391
51.5154335386686 -0.0901603093109861
51.515130025803 -0.0902369369162011
51.5150313166279 -0.0903474214327112
51.5150281154501 -0.0906312108794205
51.5150098266158 -0.0906950762149882
51.5147522045394 -0.0907742962874641
51.5147234977651 -0.0909106093813599
51.5146708196029 -0.0912974728420535
51.5146243855498 -0.0913057119626999
51.5146033612198 -0.0912733177345494
51.5143762000573 -0.0909980924286218
51.5143602964016 -0.0913411115922895
51.5144863860357 -0.0914988786477783
51.5144550634428 -0.0918225790127613
51.514426299538 -0.091867035856097
51.5142236135454 -0.0915765259741141
51.5141420361741 -0.0917123133816271
51.5140318830659 -0.0919096605175731
51.5139493704278 -0.0919437667715338
51.5138143963287 -0.0921295535429714
51.5137698508943 -0.0920936267251556
51.5135027830951 -0.092161467072542
51.5134728106189 -0.0917447962445249
51.5134902065034 -0.0917088957504266
51.5134733235704 -0.0916934404937424
51.5133847716803 -0.0912845661409893
51.5133481552031 -0.0913049905245281
51.5131244493181 -0.0914575295583254
51.5131823637239 -0.0916686441265936
51.513234149381 -0.091889878112159
51.5133160400864 -0.0921657043975131
51.5134301246532 -0.0921879121550658
51.5134905966554 -0.0926835187565132
51.5138189946378 -0.0923293528533339
51.513811041567 -0.0926197498739149
51.5136232121617 -0.0928059591996171
51.5134963597077 -0.0928112573845132
51.5134302335911 -0.0929021905688046
51.5135000455987 -0.0931208918988263
51.5135388400078 -0.093162525826152
51.5136562594059 -0.0931576225250587
51.5136712794608 -0.09319121832059
51.5137118205824 -0.0933624230827334
51.5135588184949 -0.0935453924229083
51.5135795723097 -0.0936607413697266
51.5137307693088 -0.0939751515490495
51.5136812049497 -0.0941393044562997
51.5139970647676 -0.095049436066713
51.5139091242663 -0.0955520740812831
51.5138641710056 -0.0956404574639035
51.5141715415546 -0.0962608898762806
51.5142301715913 -0.0963836937063202
51.5143570778269 -0.096653141869005
51.5141187365941 -0.0975331574804449
51.5142465069063 -0.0975899828636642
51.5147063382664 -0.0977780687435931
51.5149012597746 -0.0976240214081855
51.5150684939854 -0.0974756420400319
51.5152855313515 -0.0975710539411093
51.5153276878589 -0.0975152279525625
51.5153110470748 -0.0965782011458356
51.5153554324697 -0.0965267969853726
51.5154463993669 -0.0965094576416642
51.5157322363983 -0.0973101368382997
51.5159789436214 -0.0972062135372671
51.5159887175192 -0.097210203150431
51.5160930210526 -0.0971338417070167
51.5163181177126 -0.0971109132390381
51.5163962808088 -0.0971023080164216
51.5165502621931 -0.095993317436956
51.5166929658393 -0.0958845718453607
51.5167123089777 -0.0958910142687223
51.5166548626355 -0.0965501068304501
51.5165294337281 -0.0971417979670304
51.5166615611788 -0.0972344513038355
51.5169037278591 -0.0969171621814469
51.5169492080609 -0.0968611950234871
51.5169432904718 -0.096834465370525
51.5167670652457 -0.0958914640001707
51.516879433711 -0.0958246254000267
51.516956139601 -0.095825942205142
51.517415395202 -0.0953914439446576
51.5174585496543 -0.0954248202921024
51.5176325141674 -0.0955526846370816
51.5177698834828 -0.0954919314198335
51.5180466200002 -0.0953605955217945
51.5180594837119 -0.0953168006417155
51.5177805677583 -0.0944781319478151
51.5176903014135 -0.0944611022518162
51.5174882206448 -0.094439826383028
51.5173661723711 -0.0940602366895379
51.5173550445607 -0.0940282580325736
51.5173320607557 -0.0939526848984291
51.5174841708421 -0.0936373511173886
51.5176621212314 -0.0932857593460193
51.5174039013412 -0.092720051964377
51.517571258096 -0.0922589727372586
51.5175219798757 -0.0919431348840331
51.517480028903 -0.0916025104191801
51.5176569072327 -0.0911798889491889
51.5175865230686 -0.0910422436887061
51.5174638834641 -0.0907816455135382
51.5170770281077 -0.0906591374729593
51.5170028578683 -0.09064239313243
51.5169616402155 -0.0905458373507347
51.5169428957717 -0.0905430561113802
51.5168173532589 -0.0905294111711229
51.5164507365833 -0.0905014866779606
51.5163013158835 -0.0902194375181132
51.5162075205903 -0.0902341748481994
51.5159216260632 -0.0899849316776697
51.5159161487207 -0.0899798131936731
51.5157344278515 -0.0903035169303691
51.5157044891816 -0.0903696531591702
51.5155336159844 -0.0904596274556995
51.5155111770893 -0.090699304897866
51.5156076803001 -0.0916132699077385
51.5156246042568 -0.0913936684174786
51.5158605013854 -0.0911450668682989
51.5159596132719 -0.091501233830374
51.5158628499518 -0.0921403361391421
51.5157650387687 -0.0921237457723998
51.515711358861 -0.0920457749782687
51.5156159416892 -0.0917011001959214
51.5156124650022 -0.0916697542242446
51.5156076803001 -0.0916132699077385
51.5167422141491 -0.0932548931723289
51.5169531940861 -0.0933424602771999
51.5170342265762 -0.093858876731474
51.5169438391889 -0.093961642695674
51.516441923222 -0.0937511008067085
51.516390812592 -0.0931397980711489
51.5167422141491 -0.0932548931723289
5 4
51.5137526872247 -0.0911989586045322
51.5138917239077 -0.0915335960180708
51.5139854306254 -0.0915576047694095
51.5139495643743 -0.0911600703661975
51.5137526872247 -0.0911989586045322
