112 4
51.5204262708479 -0.0915279590633881
51.5204631521731 -0.090894028920062
51.5199169411447 -0.0903871728281494
51.5199621301767 -0.0899987942568519
51.5203358730718 -0.0895976167744559
51.520432392522 -0.0894962415277626
51.520441557927 -0.0894462985044468
51.5204298871155 -0.089204456702211
51.5205329622903 -0.0889757576297506
51.5206145623821 -0.088808450261694
51.5205617418903 -0.0881710219404609
51.5205392390518 -0.0881196712574776
51.5202995151716 -0.0880999989593581
51.5202718153637 -0.0881434686242571
51.5202572990118 -0.0881684402196334
51.5201845081176 -0.0882804712404637
51.520026966001 -0.088542945031171
51.5198735211211 -0.0882349027797128
51.5197573838029 -0.088169528261792
51.5193785194173 -0.0880079586041903
51.5193456758228 -0.0879399287548151
51.5189901890459 -0.0885287140530588
51.5189465606521 -0.0886098094780094
51.5187701326875 -0.0885298460813973
51.518751058696 -0.088523395236727
51.5185810772569 -0.0887728324620316
51.5183976066292 -0.08870754379231
51.5181422729776 -0.0891092219025406
51.5181370678168 -0.0891373675422865
51.5180486548587 -0.0892176018111137
51.5179688010487 -0.0892272424260181
51.5178367730649 -0.0886445058389517
51.5177841251684 -0.0889224203338036
51.5175422444896 -0.0887262385492223
51.5174317417655 -0.0888687185509103
51.5175482697458 -0.0895872204124853
51.5175215519144 -0.0896910161355911
51.5175431491865 -0.0897585643635945
51.5175914798895 -0.0898943968515538
51.5174638834641 -0.0907816455135382
51.5175865230686 -0.0910422436887061
51.5176569072327 -0.0911798889491889
51.517480028903 -0.0916025104191801
51.5175219798757 -0.0919431348840331
51.517571258096 -0.0922589727372586
51.5174039013412 -0.092720051964377
51.5176621212314 -0.0932857593460193
51.5174841708421 -0.0936373511173886
51.5173320607557 -0.0939526848984291
51.5173550445607 -0.0940282580325736
51.5173661723711 -0.0940602366895379
51.5174882206448 -0.094439826383028
51.5176903014135 -0.0944611022518162
51.5177805677583 -0.0944781319478151
51.5180594837119 -0.0953168006417155
51.5180466200002 -0.0953605955217945
51.5177698834828 -0.0954919314198335
51.5176325141674 -0.0955526846370816
51.5174585496543 -0.0954248202921024
51.517415395202 -0.0953914439446576
51.516956139601 -0.095825942205142
51.5170336590628 -0.0959604431956852
51.5173256042428 -0.0965500709025528
51.5174789258273 -0.0968851055814306
51.5175166008932 -0.0969132451391685
51.5176394360873 -0.0968819802020143
51.5176903039987 -0.0969087380555975
51.5178952326014 -0.0967398796679793
51.5182898761671 -0.0966945494554145
51.5184243005037 -0.0966628001997847
51.5186092089241 -0.096274081645009
51.5191148212061 -0.0967736540401543
51.5191453252551 -0.0967643009878637
51.5194770475888 -0.0972126601099108
51.5194800867015 -0.0972115826832628
51.5197705586656 -0.0972562843046151
51.5199424153912 -0.0974039781585622
51.520264052076 -0.0971032015869998
51.5203114743108 -0.0970616488065592
51.5203178259131 -0.0970153901928338
51.5203388676382 -0.0968550200935736
51.5207490348448 -0.0970794205965811
51.520755055262 -0.0970737026209537
51.5209709596635 -0.0973819104945716
51.5210787851103 -0.0973286884460697
51.5211931467376 -0.0974789016703042
51.521395936594 -0.0974885154325799
51.5216959785878 -0.0970480292738522
51.5217396623171 -0.0966597052085999
51.5217379030139 -0.0965679068294713
51.5215247824655 -0.096337190863332
51.521753465102 -0.0954663417609983
51.5214578920822 -0.0952570175520169
51.5214411158522 -0.0952757827544971
51.5209268702806 -0.0952026353115815
51.5207847375318 -0.0948427503398209
51.5207919977373 -0.0946144960290821
51.5210066171053 -0.0944668414431298
51.5212178761924 -0.0943337065098016
51.5212468580892 -0.0943468774780349
51.5213407800937 -0.0943952507045115
51.5219355193914 -0.0940388283271707
51.5219784278096 -0.0938523414980471
51.5217238441045 -0.0935377958483043
51.521647846589 -0.0934473153607034
51.5212990127298 -0.0929924274630432
51.5212227636235 -0.093013677832963
51.5210585865575 -0.0929294975917254
51.5209474739001 -0.0926035017296619
51.5207591745281 -0.092241156472231
51.5207276734941 -0.0919073206263979
51.5204262708479 -0.0915279590633881
7 4
51.5196151827034 -0.0875476225519832
51.519791627256 -0.0878050198632519
51.5198344081744 -0.0878429225418444
51.5199641378796 -0.0874130883187403
51.5198330930755 -0.0873321772564533
51.5198266220155 -0.0873377964400935
51.5196151827034 -0.0875476225519832
