122 8
51.5141363471637 -0.0770469895762301
51.5137490802703 -0.0769606288687571
51.5135512660801 -0.0772436942473566
51.5135196430928 -0.0772450258167629
51.5133622732341 -0.077269714318084
51.5132130455747 -0.0776101448767075
51.513141879924 -0.0777878192006179
51.513139062854 -0.0778024348965544
51.5132805758916 -0.07814868749215
51.5132775679525 -0.0784973399302614
51.5131252813387 -0.0784317378783597
51.5130639826198 -0.0778893695283757
51.5129989349934 -0.0779740991633265
51.5129352607414 -0.0783676053491645
51.5129241155462 -0.0783897010965669
51.512968067735 -0.0785428036484937
51.5130616735143 -0.0788019513034285
51.5133020118614 -0.0788809614201762
51.5133318610107 -0.0791445760476421
51.5133625616538 -0.0792351396820355
51.5133528350633 -0.0793274038770294
51.5133376492434 -0.0794541204746672
51.5133401048914 -0.0796315481295546
51.5134828357094 -0.0800470342977485
51.5134704324627 -0.0800691827943959
51.5131414085982 -0.0799984106063781
51.5131321816385 -0.0800113944142602
51.5130208027048 -0.079825120180838
51.5128020841425 -0.0803089157978673
51.5131143133491 -0.0803148023517568
51.5131927213566 -0.0803267161915749
51.5131991887896 -0.0807219068582561
51.5128152790661 -0.0809669052645016
51.5130375303879 -0.0812592705689384
51.5130873221184 -0.0812365021983446
51.5132490645252 -0.0812702265311902
51.513300505979 -0.0814527255003453
51.5133014179583 -0.0814535189875049
51.5133679181047 -0.0812705797293353
51.5134763684079 -0.0812669733640051
51.5136843216696 -0.0817680165477374
51.5137504780512 -0.081910329204014
51.5137435789244 -0.0821096597373798
51.5138174372398 -0.0821732214826236
51.513999533791 -0.0823466717496384
51.5141078612952 -0.0826599958943454
51.5142342629281 -0.0828196264924909
51.5143089208246 -0.082910131278726
51.5146652442278 -0.0825501997643858
51.5147038546156 -0.0825143545543255
51.5147833293931 -0.0826190362761201
51.5149741604827 -0.0825624200130424
51.5149861596563 -0.0825430215998545
51.5151139648537 -0.0823925584394201
51.515217587041 -0.0824125675815524
51.5152378028489 -0.0822468955814481
51.5154189984708 -0.0820573493782971
51.5153801802396 -0.081767122279302
51.5155456638704 -0.0816998018932214
51.5156196470772 -0.0815291360266109
51.5156125080941 -0.0814059662502406
51.5157648502434 -0.0812662313723345
51.5159442050023 -0.0817776512594998
51.5160298910712 -0.0818388171683469
51.5162329283216 -0.0811159595063553
51.5164756647828 -0.0812922138894154
51.5165073805619 -0.0812800668726113
51.5166860299121 -0.0806437876515115
51.5166561487303 -0.0805757612998739
51.5168105884836 -0.0804214338835555
51.5166758673079 -0.0802425426010435
51.5168165509707 -0.0800716797107639
51.5168219445827 -0.0799508319955614
51.5167609417245 -0.0799642116356913
51.5166976030726 -0.079977689463815
51.5165472917339 -0.0801425397890261
51.5164338494171 -0.0799455240952986
51.5163792399469 -0.0798387280384717
51.5162023535813 -0.0798849077412971
51.5161510406672 -0.0798312124432632
51.516004504981 -0.079704991421552
51.515927818007 -0.0796334688204981
51.5160173283379 -0.0792143714155197
51.5156143311483 -0.0789908021357082
51.5157284355547 -0.0787176708904265
51.5160823370439 -0.0788802018233741
51.5160806798565 -0.0784442607041864
51.5158386245158 -0.077980649233816
51.5158761912148 -0.077798912629867
51.5158215419213 -0.0776020445646154
51.5158001363892 -0.07757953517151
51.5155907892129 -0.0773235846572652
51.5152015480831 -0.0773471050830067
51.5151192928266 -0.0766344753002707
51.5152840524389 -0.0764464314290003
51.5152841286442 -0.0764455963779381
51.5150773028963 -0.0759489090701482
51.5150743452301 -0.0759220584179619
51.5150883623515 -0.0759106538673636
51.5153785139806 -0.0760722820758295
51.5154546016737 -0.0757673543739834
51.5152310978764 -0.0751200952766078
51.5151058436008 -0.0747352437309345
51.5148617803434 -0.0752401188220043
51.5147820545775 -0.0754163816955686
51.5147408000789 -0.0755046309681903
51.5146566370853 -0.0760954497372552
51.5146093777192 -0.0763766976706344
51.5145920813378 -0.0763909732518398
51.514419202542 -0.0769117298789044
51.5141363471637 -0.0770469895762301
51.5142423696115 -0.0815725051514416
51.5142475957684 -0.0815732362333582
51.5142494580489 -0.0816046483687428
51.5142132837395 -0.0816575033785629
51.5141612050935 -0.0817218401112215
51.5142423696115 -0.0815725051514416
51.5155438691682 -0.0777354224833119
51.5155072547901 -0.0780630470311863
51.5152161315382 -0.0780284804172714
51.5151696745593 -0.0779474897515929
51.5155438691682 -0.0777354224833119
6 4
51.5130563881771 -0.0792092802657926
51.512927132925 -0.0788976835617945
51.5127525248139 -0.0789896347328373
51.5128062022018 -0.0792810003369434
51.5129926560084 -0.079237152696523
51.5130563881771 -0.0792092802657926
7 4
51.5130397144734 -0.079415317267193
51.5130295814405 -0.0794004145829586
51.5129844955129 -0.0794140748840445
51.5130256199752 -0.0794384874787343
51.5130235613663 -0.0795213974920889
51.5132502363263 -0.0794632630928552
51.5130397144734 -0.079415317267193
