162 8
51.5109042121861 -0.0848076009896367
51.5110267925745 -0.0847719226539993
51.5111620640907 -0.084748188323695
51.5111717188202 -0.0847558634095001
51.511258047105 -0.0847243192551268
51.5113149659262 -0.084752588633213
51.5116217002124 -0.0849505192196561
51.5117001904516 -0.0850390793210792
51.5118619508609 -0.084963852629386
51.5119039790981 -0.0849666055020434
51.5121359548422 -0.084120935980177
51.5120953108836 -0.0839992998375771
51.5120433561325 -0.0840437817155933
51.5118519720906 -0.0841986795527352
51.5118475253974 -0.0841961331210815
51.5117105090901 -0.0842451335892112
51.5116453447223 -0.0839542512646352
51.5117051071489 -0.083930949399618
51.5119581966677 -0.0838221801598576
51.5120561376615 -0.083857639451449
51.5122013789088 -0.0834922144722037
51.5123759119886 -0.0834614806523084
51.5124497399191 -0.0834186939328058
51.5125151955095 -0.0831881552233094
51.5126853048136 -0.0829692640802828
51.5127716559238 -0.0826476559342741
51.5130444976506 -0.0829388558255952
51.5130755564595 -0.0829745075847678
51.5130967813011 -0.0829970257686049
51.5134024970561 -0.0826374472885545
51.5135576318528 -0.0824759792175231
51.5136493206768 -0.0821784998979486
51.5137435789244 -0.0821096597373798
51.5137504780512 -0.081910329204014
51.5136843216696 -0.0817680165477374
51.5134763684079 -0.0812669733640051
51.5133679181047 -0.0812705797293353
51.5133014179583 -0.0814535189875049
51.513300505979 -0.0814527255003453
51.5132490645252 -0.0812702265311902
51.5130873221184 -0.0812365021983446
51.5130375303879 -0.0812592705689384
51.5128152790661 -0.0809669052645016
51.5131991887896 -0.0807219068582561
51.5131927213566 -0.0803267161915749
51.5131143133491 -0.0803148023517568
51.5128020841425 -0.0803089157978673
51.5130208027048 -0.079825120180838
51.5131321816385 -0.0800113944142602
51.5131414085982 -0.0799984106063781
51.5134704324627 -0.0800691827943959
51.5134828357094 -0.0800470342977485
51.5133401048914 -0.0796315481295546
51.5133376492434 -0.0794541204746672
51.5133528350633 -0.0793274038770294
51.5133625616538 -0.0792351396820355
51.5133318610107 -0.0791445760476421
51.5133020118614 -0.0788809614201762
51.5130616735143 -0.0788019513034285
51.512968067735 -0.0785428036484937
51.5129241155462 -0.0783897010965669
51.5129352607414 -0.0783676053491645
51.5129989349934 -0.0779740991633265
51.5126729969325 -0.0779490802533339
51.5127012878667 -0.0783972955693533
51.5127113418697 -0.0784896768840744
51.5127028178691 -0.0785071467452139
51.5125523154955 -0.0784846046428356
51.5124991070927 -0.0784689007017263
51.5123460782664 -0.0784348201027768
51.5123315404038 -0.0784309164388009
51.5121226807838 -0.0786161619482453
51.5121135563561 -0.0786463712123297
51.5117549964543 -0.0786659727333094
51.5116931699509 -0.0786729705287839
51.5116901227285 -0.0786515914125986
51.5116246459718 -0.0782327557968249
51.5114948602206 -0.0779328386144134
51.5114427375873 -0.0778846508961139
51.5112525988587 -0.0780601955227284
51.5114725401313 -0.0785787570717811
51.511642202099 -0.078739161526781
51.5116375706354 -0.0787527835902625
51.5116592452596 -0.0794778918696817
51.5117234393076 -0.0795715592578495
51.5117565904005 -0.0797953387822226
51.5117600198042 -0.079796145180344
51.5117875370954 -0.0798021176179088
51.5121852653946 -0.0799016054599575
51.5122133701096 -0.0800148534902105
51.5122165116581 -0.080025534601156
51.512268448895 -0.0802107402648534
51.5119816543206 -0.0803911732638818
51.5117909836317 -0.080188392355948
51.5120421984059 -0.0800806315166265
51.5117168216037 -0.0800239668506335
51.5117025017969 -0.0801047757885857
51.5115896708659 -0.08025816913882
51.5117408592456 -0.0806797025288463
51.5116720356124 -0.0808194814540376
51.5114863615467 -0.0813451214750592
51.5115573440267 -0.0816835222459366
51.5112146181137 -0.0817258426810904
51.51121001147 -0.0817629903561467
51.511138070869 -0.0822784979866247
51.5111367388261 -0.0822795045119589
51.510880319535 -0.0822010364705243
51.5108701688865 -0.0822510118550232
51.5104392093814 -0.0824997421634042
51.5103827577844 -0.0824615942949681
51.5103494473784 -0.0824421991959006
51.5103392338499 -0.0824553419420609
51.5102548808117 -0.0827011602138004
51.5103262851658 -0.0833186476451233
51.5101936221113 -0.0835350039381027
51.5101899090444 -0.0835388432071761
51.5101880048954 -0.0835928678502043
51.5103933092656 -0.0840093959773054
51.510291536391 -0.0842181572046809
51.510413737589 -0.0844399800792534
51.5104288654476 -0.0844745167367135
51.510494604515 -0.0844483514484582
51.5105208222746 -0.0846940447339129
51.5104176867745 -0.0845056415899044
51.5103657260859 -0.0846158297138221
51.5102454550747 -0.0848424754354491
51.5103650401373 -0.0850472991535414
51.5103639675112 -0.085179830034904
51.5105806905967 -0.0853985247882703
51.5105194872359 -0.0856199605256199
51.5105258327038 -0.0856341907926638
51.5106037923462 -0.0858830631759721
51.5106142779483 -0.0859141115344482
51.5106751884732 -0.0859115585748789
51.510599325223 -0.0863695890026553
51.5107021400327 -0.0859104289438887
51.5108079569549 -0.0858996961849671
51.5107634024484 -0.0855493738329629
51.5109746125367 -0.0853532544671483
51.5109721941333 -0.0853262642129244
51.5110322185601 -0.0851427798887583
51.5109531544371 -0.0850686225197795
51.5109042121861 -0.0848076009896367
51.5130295814405 -0.0794004145829586
51.5130397144734 -0.079415317267193
51.5132502363263 -0.0794632630928552
51.5130235613663 -0.0795213974920889
51.5130256199752 -0.0794384874787343
51.5129844955129 -0.0794140748840445
51.5130295814405 -0.0794004145829586
51.5124040132525 -0.0790628774742177
51.5123748422056 -0.079021802254596
51.5125294779197 -0.0787423511567831
51.5127179900508 -0.0787857533413077
51.5127371678751 -0.0789686541274494
51.5124040132525 -0.0790628774742177
51.512927132925 -0.0788976835617945
51.5130563881771 -0.0792092802657926
51.5129926560084 -0.079237152696523
51.5128062022018 -0.0792810003369434
51.5127525248139 -0.0789896347328373
51.512927132925 -0.0788976835617945
18 4
51.5129175875691 -0.0774153469051043
51.5128367998923 -0.0775215345145063
51.5126192662392 -0.0773639778490333
51.5125070066874 -0.0774587753398589
51.5125093263 -0.0774686591610561
51.5130653010009 -0.0778875316052604
51.5130639826198 -0.0778893695283757
51.5131252813387 -0.0784317378783597
51.5132775679525 -0.0784973399302614
51.5132805758916 -0.07814868749215
51.513139062854 -0.0778024348965544
51.513141879924 -0.0777878192006179
51.5132130455747 -0.0776101448767075
51.5129255987275 -0.0774159602373919
51.5128688438465 -0.0771400544109959
51.5127553044282 -0.0771403199614054
51.5127466460185 -0.0771550627158527
51.5129175875691 -0.0774153469051043
8 4
51.51325851262 -0.0833766680397078
51.5131687628913 -0.0833363496043826
51.5129155930351 -0.0836712578705163
51.5128999274717 -0.0837303786959783
51.5130733604274 -0.0840780413966356
51.5131409992562 -0.0841076436896222
51.513153214727 -0.0841124784620268
51.51325851262 -0.0833766680397078
