123 4
51.5099215852896 -0.071310531927436
51.5096314507131 -0.0711831716487155
51.5093702769353 -0.0715868991422935
51.5092317398749 -0.0717836905440414
51.5088894809545 -0.0709740204873271
51.5087103444827 -0.0709050684434625
51.5086028203787 -0.0709267198279894
51.5083059790212 -0.0714957934336892
51.5083893611338 -0.0716625366143196
51.5088591745271 -0.0725208816006268
51.5088449171517 -0.0726872339825678
51.508909514508 -0.0728051080551142
51.5092263598367 -0.0733709787066314
51.5093070650797 -0.0736485806901541
51.5093041380075 -0.0748555472043966
51.5090692925419 -0.0748429900718078
51.5080639297907 -0.074815029567026
51.5076484523815 -0.0756666207624728
51.5070526372274 -0.0759541818288034
51.507055950538 -0.0759753097734902
51.5072751858609 -0.076729807684153
51.5072435927692 -0.0779504015366016
51.5072202430824 -0.0788517517887237
51.5075220935428 -0.0798872332395065
51.5076472293004 -0.0802438812343055
51.5078542304774 -0.0798351302514701
51.5080590651441 -0.0794149415126888
51.508163589709 -0.0785404579079418
51.508331652701 -0.0783343700556015
51.5090786118167 -0.079013592029186
51.5091625760256 -0.0790847970850155
51.5093980895425 -0.0789515570152663
51.5095290365384 -0.0790864933284023
51.5098610579477 -0.0788023307807619
51.5101216592396 -0.0789877786961044
51.5098971412622 -0.0794466012503166
51.510044444743 -0.0797294972890243
51.5101267720075 -0.0798764628574985
51.5102381866503 -0.0799276243972281
51.5104490402996 -0.0797981551775448
51.5105528839447 -0.0793649601919091
51.5106382088089 -0.0793875125985147
51.5109993231217 -0.0795074272713146
51.5111364755323 -0.0792747064531588
51.5111403019816 -0.0791844772622786
51.5115974523743 -0.078778830505626
51.5116375706354 -0.0787527835902625
51.511642202099 -0.078739161526781
51.5114725401313 -0.0785787570717811
51.5112525988587 -0.0780601955227284
51.5114427375873 -0.0778846508961139
51.5114948602206 -0.0779328386144134
51.5116246459718 -0.0782327557968249
51.5116901227285 -0.0786515914125986
51.5116931699509 -0.0786729705287839
51.5117549964543 -0.0786659727333094
51.5121135563561 -0.0786463712123297
51.5121226807838 -0.0786161619482453
51.5123315404038 -0.0784309164388009
51.5123460782664 -0.0784348201027768
51.5124991070927 -0.0784689007017263
51.5125523154955 -0.0784846046428356
51.5127028178691 -0.0785071467452139
51.5127113418697 -0.0784896768840744
51.5127012878667 -0.0783972955693533
51.5125604952724 -0.0782266429391116
51.5124870145494 -0.0780216691324403
51.5125733820216 -0.0778225630866952
51.5126729969325 -0.0779490802533339
51.5129989349934 -0.0779740991633265
51.5130639826198 -0.0778893695283757
51.5130653010009 -0.0778875316052604
51.5125093263 -0.0774686591610561
51.5125070066874 -0.0774587753398589
51.5126192662392 -0.0773639778490333
51.5128367998923 -0.0775215345145063
51.5129175875691 -0.0774153469051043
51.5127466460185 -0.0771550627158527
51.5127553044282 -0.0771403199614054
51.5128688438465 -0.0771400544109959
51.5129255987275 -0.0774159602373919
51.5132130455747 -0.0776101448767075
51.5133622732341 -0.077269714318084
51.5135196430928 -0.0772450258167629
51.5135512660801 -0.0772436942473566
51.5137490802703 -0.0769606288687571
51.5141363471637 -0.0770469895762301
51.514419202542 -0.0769117298789044
51.5145920813378 -0.0763909732518398
51.5146093777192 -0.0763766976706344
51.5146566370853 -0.0760954497372552
51.5147408000789 -0.0755046309681903
51.5147820545775 -0.0754163816955686
51.5148617803434 -0.0752401188220043
51.5151058436008 -0.0747352437309345
51.5151111754943 -0.0746657387111213
51.5147033973963 -0.0742172269508456
51.5146916758771 -0.0742041743666299
51.5146224960156 -0.07401517728338
51.5141895414996 -0.0737362413372955
51.5139899566329 -0.0739986028488538
51.5137510667988 -0.0743419983811824
51.5133623536702 -0.0740089135319456
51.5130724875028 -0.0743904589716183
51.5129099955274 -0.0742126520640916
51.5126585929305 -0.0739692010480072
51.5123791928726 -0.0744187436559622
51.5119531614188 -0.0741124327941994
51.5118401947045 -0.0741694802245054
51.5116954657513 -0.074317936216909
51.5113548747271 -0.0742601721759696
51.5111974784818 -0.0744091603909645
51.510653642236 -0.0738817063718642
51.5104875709002 -0.0735681291359404
51.5104798974588 -0.0731010073779219
51.5100942742931 -0.0730109333863334
51.5097397964866 -0.0723215254934251
51.5097366897023 -0.0722856541683799
51.5098404833771 -0.0721300147516347
51.510233787732 -0.0715990341196785
51.5100839082139 -0.0713738998038064
51.5099842275032 -0.0713367598244121
51.5099215852896 -0.071310531927436
9 4
51.5095571597869 -0.0799859616727124
51.5094458816189 -0.0802122376336233
51.5094604062715 -0.080380112640083
51.5095657845327 -0.0804964038331682
51.5097633691936 -0.0805943242635323
51.5099912664951 -0.0801110085123006
51.5098831979361 -0.0800280999251849
51.5096631525082 -0.0799914864168613
51.5095571597869 -0.0799859616727124
6 4
51.5125294779197 -0.0787423511567831
51.5123748422056 -0.079021802254596
51.5124040132525 -0.0790628774742177
51.5127371678751 -0.0789686541274494
51.5127179900508 -0.0787857533413077
51.5125294779197 -0.0787423511567831
