51.5080590651441 -0.0794149415126888
51.5078542304774 -0.0798351302514701
51.5076472293004 -0.0802438812343055
51.5080422488834 -0.0813700442985859
51.5080960089452 -0.0816723102514354
51.5082513293197 -0.0825447870596235
51.5083370945435 -0.0834028413762816
51.5084027623409 -0.0840601104835332
51.5085042448906 -0.0847307315623549
51.5085637993946 -0.0851241315107163
51.508605124516 -0.0853976975113586
51.5086747536049 -0.0858576897107044
51.5088017092648 -0.086288428485695
51.5088334001108 -0.0863959373365282
51.5093747727447 -0.0865388869569337
51.5093122902251 -0.0872828145213912
51.5097113764455 -0.0874218727349039
51.5098177108176 -0.087161718963052
51.5097679323856 -0.0868656848905161
51.5096926412711 -0.0864661590584551
51.5100396444405 -0.0863057079134773
51.5101583617042 -0.0863638270871931
51.5101804843229 -0.0864303903846022
51.510054484987 -0.0866753310642354
51.5099549876642 -0.0871451564953887
51.5102913305998 -0.0871247710335049
51.5103441073416 -0.0869487247685484
51.5103545260977 -0.0869095525536878
51.5103454148466 -0.0868414931278452
51.5105197531716 -0.086346901338549
51.5104470132624 -0.0860652527497621
51.5106142779483 -0.0859141115344482
51.5106037923462 -0.0858830631759721
51.5105258327038 -0.0856341907926638
51.5105194872359 -0.0856199605256199
51.5105806905967 -0.0853985247882703
51.5103639675112 -0.085179830034904
51.5103650401373 -0.0850472991535414
51.5102454550747 -0.0848424754354491
51.5103657260859 -0.0846158297138221
51.5104176867745 -0.0845056415899044
51.5105208222746 -0.0846940447339129
51.510494604515 -0.0844483514484582
51.5104288654476 -0.0844745167367135
51.510413737589 -0.0844399800792534
51.510291536391 -0.0842181572046809
51.5103933092656 -0.0840093959773054
51.5101880048954 -0.0835928678502043
51.5101899090444 -0.0835388432071761
51.5101936221113 -0.0835350039381027
51.5103262851658 -0.0833186476451233
51.5102548808117 -0.0827011602138004
51.5103392338499 -0.0824553419420609
51.5103494473784 -0.0824421991959006
51.5103827577844 -0.0824615942949681
51.5104392093814 -0.0824997421634042
51.5108701688865 -0.0822510118550232
51.510880319535 -0.0822010364705243
51.5111367388261 -0.0822795045119589
51.511138070869 -0.0822784979866247
51.51121001147 -0.0817629903561467
51.5112146181137 -0.0817258426810904
51.5115573440267 -0.0816835222459366
51.5114863615467 -0.0813451214750592
51.5116720356124 -0.0808194814540376
51.5117408592456 -0.0806797025288463
51.5115896708659 -0.08025816913882
51.5117025017969 -0.0801047757885857
51.5117168216037 -0.0800239668506335
51.5120421984059 -0.0800806315166265
51.5117909836317 -0.080188392355948
51.5119816543206 -0.0803911732638818
51.512268448895 -0.0802107402648534
51.5122165116581 -0.080025534601156
51.5122133701096 -0.0800148534902105
51.5121852653946 -0.0799016054599575
51.5117875370954 -0.0798021176179088
51.5117600198042 -0.079796145180344
51.5117565904005 -0.0797953387822226
51.5117234393076 -0.0795715592578495
51.5116592452596 -0.0794778918696817
51.5116375706354 -0.0787527835902625
51.5115974523743 -0.078778830505626
51.5111403019816 -0.0791844772622786
51.5111364755323 -0.0792747064531588
51.5109993231217 -0.0795074272713146
51.5106382088089 -0.0793875125985147
51.5105528839447 -0.0793649601919091
51.5104490402996 -0.0797981551775448
51.5102381866503 -0.0799276243972281
51.5101267720075 -0.0798764628574985
51.510044444743 -0.0797294972890243
51.5098971412622 -0.0794466012503166
51.5101216592396 -0.0789877786961044
51.5098610579477 -0.0788023307807619
51.5095290365384 -0.0790864933284023
51.5093980895425 -0.0789515570152663
51.5091625760256 -0.0790847970850155
51.5090786118167 -0.079013592029186
51.508331652701 -0.0783343700556015
51.508163589709 -0.0785404579079418
51.5080590651441 -0.0794149415126888
51.5097633691936 -0.0805943242635323
51.5095657845327 -0.0804964038331682
51.5094604062715 -0.080380112640083
51.5094458816189 -0.0802122376336233
51.5095571597869 -0.0799859616727124
51.5096631525082 -0.0799914864168613
51.5098831979361 -0.0800280999251849
51.5099912664951 -0.0801110085123006
51.5097633691936 -0.0805943242635323
