51.5126853048136 -0.0829692640802828
51.5125151955095 -0.0831881552233094
51.5124497399191 -0.0834186939328058
51.5123759119886 -0.0834614806523084
51.5122013789088 -0.0834922144722037
51.5120561376615 -0.083857639451449
51.5119581966677 -0.0838221801598576
51.5117051071489 -0.083930949399618
51.5116453447223 -0.0839542512646352
51.5117105090901 -0.0842451335892112
51.5118475253974 -0.0841961331210815
51.5118519720906 -0.0841986795527352
51.5120433561325 -0.0840437817155933
51.5120953108836 -0.0839992998375771
51.5121359548422 -0.084120935980177
51.5119039790981 -0.0849666055020434
51.5118619508609 -0.084963852629386
51.5117001904516 -0.0850390793210792
51.5116217002124 -0.0849505192196561
51.5113149659262 -0.084752588633213
51.511258047105 -0.0847243192551268
51.5111717188202 -0.0847558634095001
51.5111620640907 -0.084748188323695
51.5110267925745 -0.0847719226539993
51.5109042121861 -0.0848076009896367
51.5109531544371 -0.0850686225197795
51.5110322185601 -0.0851427798887583
51.5109721941333 -0.0853262642129244
51.5109746125367 -0.0853532544671483
51.5107634024484 -0.0855493738329629
51.5108079569549 -0.0858996961849671
51.5109301716181 -0.0860233777081746
51.5112270880129 -0.0858732168173858
51.5113600490226 -0.0858676437324857
51.5113781658162 -0.0861955517244534
51.511776393514 -0.0867337757280329
51.5117887851525 -0.0867494167722885
51.5118903480793 -0.0866983444093088
51.5120533917095 -0.0871481607711552
51.5121434655523 -0.0872084349548073
51.5122031750611 -0.0874850566170048
51.5124089221255 -0.0875656785105936
51.5124433532135 -0.0879902306643474
51.5128905068007 -0.0877580928577109
51.5129058211716 -0.0877655318546647
51.5129403439631 -0.0884108675265865
51.5126972797375 -0.0886165137780497
51.5126223654204 -0.0886754982818357
51.5127064150746 -0.0889178343735065
51.5128762733459 -0.0894719499331617
51.5129015729556 -0.089568092717112
51.5131495620806 -0.0891514425602126
51.5134255798875 -0.0893516461050154
51.51389045005 -0.0885404266730552
51.5138918572286 -0.0884943803364668
51.5141136314239 -0.088195980265562
51.5140973598054 -0.0880029668178337
51.5138938312672 -0.0873746759186163
51.5137553501738 -0.0869039670787589
51.5137769250919 -0.0868598089418608
51.5138956068842 -0.0867008320168121
51.5137980144061 -0.0859924143722868
51.5139916187518 -0.0855933455768085
51.513958487453 -0.0855353192201765
51.5138433192505 -0.0853752110843489
51.5138229282552 -0.0849852327446335
51.5141549392974 -0.0846775575908718
51.5139534143103 -0.0844482302183979
51.5137581153687 -0.0844735345951557
51.5137555319586 -0.0844529664992395
51.513715441369 -0.0839799217294124
51.513890333076 -0.083850068799485
51.5139134910865 -0.0838203399807557
51.5138968805136 -0.0837335776628057
51.5138173648205 -0.0833622421810303
51.5141078612952 -0.0826599958943454
51.513999533791 -0.0823466717496384
51.5138174372398 -0.0821732214826236
51.5137435789244 -0.0821096597373798
51.5136493206768 -0.0821784998979486
51.5135576318528 -0.0824759792175231
51.5134024970561 -0.0826374472885545
51.5130967813011 -0.0829970257686049
51.5130755564595 -0.0829745075847678
51.5130444976506 -0.0829388558255952
51.5127716559238 -0.0826476559342741
51.5126853048136 -0.0829692640802828
51.5128999274717 -0.0837303786959783
51.5129155930351 -0.0836712578705163
51.5131687628913 -0.0833363496043826
51.51325851262 -0.0833766680397078
51.513153214727 -0.0841124784620268
51.5131409992562 -0.0841076436896222
51.5130733604274 -0.0840780413966356
51.5128999274717 -0.0837303786959783
