133 4
51.5145041748993 -0.104582015714803
51.5143284367649 -0.104488422632868
51.5142218733895 -0.104486429356646
51.5141540062271 -0.105043236756015
51.5143237606861 -0.104938987923586
51.5144343223968 -0.105060479867461
51.5144134181861 -0.10525230987373
51.51427357327 -0.105371596616254
51.514249667331 -0.105700443916942
51.5142831105611 -0.105806242378467
51.5143185639283 -0.105936318051373
51.5141910045623 -0.106192936913288
51.5141904228098 -0.106218153228927
51.5141915388474 -0.106571272899042
51.5142053002994 -0.106627384707919
51.514186287861 -0.106864171528099
51.5142331343545 -0.106992824761706
51.5142358960131 -0.107163946003637
51.5141901491197 -0.107320679210363
51.5141808205528 -0.10735540804191
51.5142356288164 -0.107609811648091
51.5142037399004 -0.107722834444406
51.5141993269673 -0.108012133319448
51.5142652963786 -0.108133697402102
51.5143084499315 -0.108367908540603
51.514283780682 -0.108504992322901
51.5142867012569 -0.108563455168446
51.5142243520999 -0.108683086466548
51.514156416175 -0.108896706436316
51.5142169270609 -0.109237384605829
51.5141986359186 -0.109312886723981
51.5141996810674 -0.109377725202805
51.5142039836236 -0.109455024910488
51.5141479217362 -0.109546469199902
51.5141155402951 -0.109595579799864
51.5140610659918 -0.109746492186069
51.5140032284348 -0.109856071565654
51.5140488366619 -0.110086616427671
51.5139003231047 -0.110421447650323
51.5139065399362 -0.110472525068837
51.5138784995646 -0.110724179426451
51.5138576342647 -0.110768296883527
51.5142135406923 -0.111108401264107
51.5142378870548 -0.111079468828683
51.5142310057515 -0.110869897751587
51.5142783729344 -0.110740907502879
51.5145325489156 -0.110580900488572
51.5147545626796 -0.110790603273903
51.5147907238113 -0.110758448333977
51.5152267768456 -0.110398165379896
51.5152863883149 -0.11053259505896
51.5156146791419 -0.11077117733052
51.5156920564629 -0.11100398191036
51.5159724232819 -0.11120866366695
51.5159862323799 -0.111284622603092
51.515985599714 -0.111289996378658
51.515967986426 -0.111469097225401
51.516203225898 -0.111612547309701
51.5162826466197 -0.111324649316748
51.5163290437658 -0.111274957810129
51.5164611334869 -0.111332477346343
51.5162318565775 -0.111749213309902
51.516266087851 -0.11196574360967
51.5164451670264 -0.111820487777524
51.5165133132309 -0.111759201825356
51.5165956697429 -0.111832327111751
51.5168749754481 -0.111664029300772
51.5168794176648 -0.11164399963382
51.5169001284804 -0.111612601684576
51.5169141242722 -0.111588492887057
51.5171746662231 -0.111846173591552
51.5170496816902 -0.111772077021696
51.5170629822374 -0.112129230752268
51.5174405196087 -0.112193717868333
51.5174408789679 -0.112193703009774
51.5174801198759 -0.112090353843208
51.5174978852043 -0.112049094948589
51.5174997164021 -0.112039987417489
51.5174215655245 -0.111463045038991
51.5172193045494 -0.111050721529114
51.5174667220396 -0.110588300835306
51.5174595761774 -0.110395838842735
51.5171601655853 -0.109957831530832
51.5172276553209 -0.109710823721956
51.5173604464173 -0.109633309349285
51.5173990780768 -0.109570388746141
51.5175387325851 -0.108925961542799
51.5177193327494 -0.108903150807987
51.5177280860171 -0.108855014468657
51.5177863803907 -0.108522936577459
51.5178178388079 -0.108316276941555
51.517830279713 -0.108229245577287
51.5178657226739 -0.107957533435696
51.5178626564362 -0.107951361950807
51.5172058006228 -0.108678543295069
51.5171312429269 -0.108604148942602
51.5170955175122 -0.108484888865208
51.5170240205144 -0.108427480931179
51.5169322459614 -0.107692584905813
51.5169185684416 -0.1076193532783
51.5169089992356 -0.107561162691811
51.5172625250376 -0.107201519769358
51.5173882046289 -0.107056673225669
51.5175006772478 -0.107034897191082
51.5174931810695 -0.106748685551163
51.5172526750728 -0.106435297460847
51.5170933084199 -0.105930187731058
51.51701701317 -0.105887481130703
51.5169978078655 -0.105627902941731
51.5171321877011 -0.105537595386867
51.5171238120288 -0.105019093025496
51.516783247436 -0.105217901753019
51.5167440419234 -0.105200633552455
51.5172367682961 -0.104226145542658
51.5171037092795 -0.104214557591217
51.5167064940147 -0.104657202323269
51.5165922406393 -0.103851236663041
51.5165197967763 -0.103924477949418
51.5162505132282 -0.104011359310323
51.5160211282373 -0.103880301609545
51.5159688189496 -0.103641950333663
51.5157523612761 -0.103437512347881
51.5157379105792 -0.103438944429519
51.5155042883 -0.103373901350056
51.5154076463676 -0.103357238469073
51.5153343381366 -0.103421483104311
51.5152559706571 -0.103840062656161
51.515335028154 -0.104442952291732
51.5151368192666 -0.104627767396045
51.5150064602601 -0.104571860607696
51.5147507344334 -0.104451878936629
51.5146706743995 -0.104548961193455
51.5145041748993 -0.104582015714803
9 4
51.5175189980903 -0.105385592667946
51.5175086796188 -0.105793165754804
51.5176056162864 -0.106189991284611
51.5176765423269 -0.106161855207699
51.5177687162117 -0.10613010433557
51.5178932377653 -0.10555735576373
51.5180280357636 -0.105036586396954
51.5176756664214 -0.104649412765609
51.5175189980903 -0.105385592667946
13 4
51.5141266072535 -0.111616434248486
51.51410240895 -0.111425642117385
51.5141394638698 -0.111231247059951
51.5141448310412 -0.111190503724601
51.514025410516 -0.111126997065958
51.5138568299629 -0.111014189708633
51.5138101162414 -0.111150281236058
51.5138138125984 -0.111379826759335
51.513810603282 -0.111392674306796
51.5137890106839 -0.11181600782784
51.5138140818549 -0.111915857805515
51.5139298012589 -0.112151585556308
51.5141266072535 -0.111616434248486
