139 8
51.5124898099507 -0.0942971610424148
51.5124982518914 -0.0943408935032682
51.5125075941347 -0.0943847072369063
51.5124888975398 -0.0944457326539186
51.5124852739488 -0.0944495674941396
51.5122432726672 -0.0947046854719316
51.5121716054924 -0.0954066101116713
51.5120536169656 -0.0957861884536479
51.5120750737707 -0.095900673507175
51.5120901717139 -0.0959225020450003
51.5122482500187 -0.0967166803382826
51.5122330144595 -0.0968858107825272
51.5122425453361 -0.0969025245468179
51.512399415181 -0.0979219354085395
51.5129106737495 -0.0973952648428612
51.5132784175345 -0.0974096498420968
51.5133125180818 -0.0975000837918035
51.5132091254603 -0.0981592561447269
51.5131119749204 -0.098244343290148
51.512861578539 -0.0991023696041974
51.5131090563724 -0.0995118882607711
51.5136337615981 -0.0993152517363006
51.5136721702086 -0.0993443111110376
51.5136807033732 -0.0993826944637315
51.5132692398087 -0.100265488067358
51.5132030946483 -0.100455513739796
51.5132048002203 -0.100460908906271
51.5133347167528 -0.100605942016878
51.5134095757411 -0.100820760849278
51.5136035587481 -0.100902765780331
51.5135326288672 -0.101413711546068
51.513499044611 -0.101482721805331
51.5135188262845 -0.101544047131861
51.5135054119763 -0.101876138748344
51.5135423037518 -0.101944833448516
51.5135437075486 -0.101953806136707
51.5135494452192 -0.102013933015941
51.5136883092704 -0.102134239598126
51.5136947133122 -0.102141103222241
51.5136996758113 -0.102258895020328
51.5137389804209 -0.102360049450778
51.5137208468627 -0.102461689628864
51.5136795814066 -0.10262275518372
51.5136872393249 -0.102773826174757
51.5138795874375 -0.102988284752225
51.5139499107721 -0.103061890084311
51.5139388570566 -0.103167751906611
51.5141583178686 -0.103552322664787
51.5139872145676 -0.103728762461759
51.5139718247553 -0.10372215290316
51.513842656519 -0.103328485121388
51.5136634437185 -0.103592720007938
51.5136652593424 -0.103777306030978
51.513678144726 -0.104140627723489
51.5139227051557 -0.104220547368534
51.514028034486 -0.104262993695474
51.5140538696992 -0.104315157292041
51.5142218733895 -0.104486429356646
51.5143284367649 -0.104488422632868
51.5145041748993 -0.104582015714803
51.5146706743995 -0.104548961193455
51.5147507344334 -0.104451878936629
51.5150064602601 -0.104571860607696
51.5151368192666 -0.104627767396045
51.515335028154 -0.104442952291732
51.5152559706571 -0.103840062656161
51.5153343381366 -0.103421483104311
51.5154076463676 -0.103357238469073
51.5155042883 -0.103373901350056
51.5157379105792 -0.103438944429519
51.5157523612761 -0.103437512347881
51.5159688189496 -0.103641950333663
51.5160211282373 -0.103880301609545
51.5162505132282 -0.104011359310323
51.5165197967763 -0.103924477949418
51.5165922406393 -0.103851236663041
51.516657791652 -0.103724210324985
51.5166564073392 -0.103638585954287
51.5166684963499 -0.10359672837814
51.5167858551978 -0.103204442416204
51.5166303399089 -0.102893844638605
51.5166001697548 -0.102829381124924
51.5165074816973 -0.102873755905848
51.5162553135559 -0.103023866381443
51.5161064589402 -0.102780494918313
51.5162966028068 -0.102675266879062
51.5164605824255 -0.102225309440409
51.5163969850365 -0.102106263856021
51.5159399028038 -0.102182066583298
51.5158426067529 -0.101719443856966
51.5158292238851 -0.101647985983933
51.5158286694732 -0.101647058350949
51.5156932140562 -0.101537420038301
51.5157082963356 -0.100547728337599
51.5152955925544 -0.100865784432243
51.5151137403499 -0.100572461495207
51.5158203480708 -0.100078182831799
51.515442955718 -0.0996623983309258
51.5154626745567 -0.0987212402758743
51.5153547021375 -0.0985824221334271
51.5152855313515 -0.0975710539411093
51.5150684939854 -0.0974756420400319
51.5149012597746 -0.0976240214081855
51.5147063382664 -0.0977780687435931
51.5142465069063 -0.0975899828636642
51.5141187365941 -0.0975331574804449
51.5143570778269 -0.096653141869005
51.5142301715913 -0.0963836937063202
51.5141715415546 -0.0962608898762806
51.5138641710056 -0.0956404574639035
51.5139091242663 -0.0955520740812831
51.5139970647676 -0.095049436066713
51.5136812049497 -0.0941393044562997
51.5137307693088 -0.0939751515490495
51.5135795723097 -0.0936607413697266
51.5135588184949 -0.0935453924229083
51.5137118205824 -0.0933624230827334
51.5136712794608 -0.09319121832059
51.5136562594059 -0.0931576225250587
51.5135388400078 -0.093162525826152
51.5135000455987 -0.0931208918988263
51.5134302335911 -0.0929021905688046
51.5132462919949 -0.0929017923542929
51.5132212019646 -0.0928902443653168
51.5130815875932 -0.0931501303284257
51.5129884591545 -0.0931782601462604
51.5129285151073 -0.0932015581571044
51.51268082697 -0.0928191763986469
51.5125024611114 -0.0933165490427446
51.5127114148659 -0.0935006812839279
51.5127264977838 -0.0936432386584848
51.512449994103 -0.0941096504942417
51.5124898099507 -0.0942971610424148
51.5147197201874 -0.0988196729526022
51.5146770493092 -0.0987439708539326
51.5148542115677 -0.098170949401433
51.5148791879868 -0.0981311695541295
51.5151235755523 -0.0986659613041799
51.5147197201874 -0.0988196729526022
9 4
51.5144134181861 -0.10525230987373
51.5144343223968 -0.105060479867461
51.5143237606861 -0.104938987923586
51.5141540062271 -0.105043236756015
51.5141412133572 -0.105119462974472
51.5141422847415 -0.105135698357098
51.5142047415191 -0.105251105882564
51.51427357327 -0.105371596616254
51.5144134181861 -0.10525230987373
4 4
51.5132173214258 -0.100107229349049
51.5131067936694 -0.0995164979095568
51.5129722803961 -0.0997481070344645
51.5132173214258 -0.100107229349049
5 4
51.5139642380668 -0.104637700609374
51.513829424932 -0.104790170464243
51.5138476894721 -0.104952447446281
51.5139576902438 -0.104900112459545
51.5139642380668 -0.104637700609374
