101 8
51.5108605372979 -0.0867640663826395
51.5107671974969 -0.0872200962954343
51.5107483351485 -0.0873479074925191
51.510931668744 -0.0874212662834114
51.5110525005507 -0.0874657550239948
51.5110679128567 -0.0876776843229656
51.5107393202439 -0.0877598857719299
51.5106776843479 -0.0879164602313679
51.5107459477551 -0.0881829724297912
51.5108307257709 -0.0882217241497827
51.5110318264417 -0.0882213854062597
51.5109675660178 -0.0886582546424478
51.5110602783282 -0.0888804948289082
51.5109670022384 -0.0890374422743487
51.511065517904 -0.0892738180090989
51.5111285473141 -0.0893351078083518
51.5111519713431 -0.0894485547270188
51.5110058122583 -0.089902275879507
51.5110068236132 -0.0899643780268104
51.5111074161302 -0.0900413270432986
51.5111670899389 -0.090316165206993
51.5112970380043 -0.090788165039124
51.5113019791371 -0.0907879584631746
51.5115434130498 -0.0911778276577321
51.5115724453545 -0.0914647635137604
51.5116072140005 -0.0915020472387906
51.511624848482 -0.0918399604204
51.5117644209059 -0.092019733002774
51.5117184488593 -0.0921945439297216
51.5117662466567 -0.0924304346741538
51.511915611384 -0.0923610990981329
51.5117860808013 -0.0925610266391241
51.5117932636167 -0.092615742613404
51.5118321736746 -0.0927087022275175
51.5119115520157 -0.0927693149334287
51.512115828528 -0.0927265614407573
51.5121566005016 -0.093044619277342
51.5120154709061 -0.093310859636087
51.5121478413934 -0.0935565307921677
51.5123227022074 -0.0936951494928343
51.5123250586286 -0.0938401381705447
51.512449994103 -0.0941096504942417
51.5127264977838 -0.0936432386584848
51.5127114148659 -0.0935006812839279
51.5125024611114 -0.0933165490427446
51.51268082697 -0.0928191763986469
51.5129285151073 -0.0932015581571044
51.5129884591545 -0.0931782601462604
51.5130815875932 -0.0931501303284257
51.5132212019646 -0.0928902443653168
51.5132462919949 -0.0929017923542929
51.5134302335911 -0.0929021905688046
51.5134963597077 -0.0928112573845132
51.5136232121617 -0.0928059591996171
51.513811041567 -0.0926197498739149
51.5138189946378 -0.0923293528533339
51.5134905966554 -0.0926835187565132
51.5134301246532 -0.0921879121550658
51.5133160400864 -0.0921657043975131
51.513234149381 -0.091889878112159
51.5131823637239 -0.0916686441265936
51.5131244493181 -0.0914575295583254
51.5125998747983 -0.0911642056013007
51.5128073931285 -0.0907628054700511
51.5129194541692 -0.090671732197331
51.5131148190949 -0.0905068286634794
51.5134761338991 -0.0901538874992596
51.5134698517349 -0.0901379894432183
51.5134255798875 -0.0893516461050154
51.5131495620806 -0.0891514425602126
51.5129015729556 -0.089568092717112
51.5128762733459 -0.0894719499331617
51.5127064150746 -0.0889178343735065
51.5126223654204 -0.0886754982818357
51.5126972797375 -0.0886165137780497
51.5129403439631 -0.0884108675265865
51.5129058211716 -0.0877655318546647
51.5128905068007 -0.0877580928577109
51.5124433532135 -0.0879902306643474
51.5124089221255 -0.0875656785105936
51.5122031750611 -0.0874850566170048
51.5121434655523 -0.0872084349548073
51.5120533917095 -0.0871481607711552
51.5118903480793 -0.0866983444093088
51.5117887851525 -0.0867494167722885
51.511776393514 -0.0867337757280329
51.5113781658162 -0.0861955517244534
51.5113600490226 -0.0858676437324857
51.5112270880129 -0.0858732168173858
51.5109301716181 -0.0860233777081746
51.5108389705095 -0.0865001142305506
51.5108536819879 -0.0867516395577674
51.5108605372979 -0.0867640663826395
51.5114303161501 -0.0894549709188817
51.511393408779 -0.0894519996903983
51.511195265981 -0.0892089775280433
51.5113174021192 -0.0888976580198369
51.5113201398454 -0.0889001575742119
51.5114394630502 -0.0890231376629547
51.5114547570231 -0.0893493830830877
51.5114303161501 -0.0894549709188817
11 4
51.5125075941347 -0.0943847072369063
51.5124982518914 -0.0943408935032682
51.512114724894 -0.09421276265772
51.5120271628748 -0.0939804292236751
51.5118856585854 -0.0940466986137316
51.5119165478914 -0.0944760324184345
51.5119189085496 -0.094527266461563
51.5122432726672 -0.0947046854719316
51.5124852739488 -0.0944495674941396
51.5124888975398 -0.0944457326539186
51.5125075941347 -0.0943847072369063
11 4
51.5134733235704 -0.0916934404937424
51.5134902065034 -0.0917088957504266
51.5134728106189 -0.0917447962445249
51.5135027830951 -0.092161467072542
51.5137698508943 -0.0920936267251556
51.5137241737119 -0.0918333960696645
51.513691828891 -0.0916743271974117
51.5136247375498 -0.0912141700244719
51.5135749434331 -0.0911595697240158
51.5133847716803 -0.0912845661409893
51.5134733235704 -0.0916934404937424
