90 4
51.510599325223 -0.0863695890026553
51.5106751884732 -0.0859115585748789
51.5106142779483 -0.0859141115344482
51.5104470132624 -0.0860652527497621
51.5105197531716 -0.086346901338549
51.5103454148466 -0.0868414931278452
51.5103545260977 -0.0869095525536878
51.5103441073416 -0.0869487247685484
51.5102913305998 -0.0871247710335049
51.5099549876642 -0.0871451564953887
51.510054484987 -0.0866753310642354
51.5101804843229 -0.0864303903846022
51.5101583617042 -0.0863638270871931
51.5100396444405 -0.0863057079134773
51.5096926412711 -0.0864661590584551
51.5097679323856 -0.0868656848905161
51.5098177108176 -0.087161718963052
51.5097113764455 -0.0874218727349039
51.5093122902251 -0.0872828145213912
51.5093747727447 -0.0865388869569337
51.5088334001108 -0.0863959373365282
51.5090837863637 -0.0872455701632614
51.5091117352988 -0.0873882883857377
51.5091230096975 -0.0874456806790313
51.508977749587 -0.0880809039575201
51.5088228336922 -0.0887582321100993
51.5090654024267 -0.09029366538737
51.509108697816 -0.0905675129575694
51.5091412742432 -0.0907738451296923
51.5093600097469 -0.0920616073541608
51.5095884367876 -0.0927022436368035
51.5097312356294 -0.0931026431935444
51.5099198121178 -0.0936314799034346
51.5103267453579 -0.0934020407569693
51.5105946090155 -0.0937592056369697
51.510871858797 -0.0932558259290198
51.5109650988926 -0.0935221361132539
51.5112293888574 -0.0935543544971272
51.511343137585 -0.093716315720403
51.5114011615368 -0.0936246567768754
51.5117262659835 -0.0935156686799023
51.5117932579119 -0.0935056235509203
51.5118049681551 -0.0934240959731722
51.5120154709061 -0.093310859636087
51.5121566005016 -0.093044619277342
51.512115828528 -0.0927265614407573
51.5119115520157 -0.0927693149334287
51.5117805472389 -0.0933043893564359
51.5116119617451 -0.0931204771969379
51.5115036264878 -0.0929763517339453
51.5118321736746 -0.0927087022275175
51.5117932636167 -0.092615742613404
51.5117860808013 -0.0925610266391241
51.511915611384 -0.0923610990981329
51.5117662466567 -0.0924304346741538
51.5117184488593 -0.0921945439297216
51.5117644209059 -0.092019733002774
51.511624848482 -0.0918399604204
51.5116072140005 -0.0915020472387906
51.5115724453545 -0.0914647635137604
51.5115434130498 -0.0911778276577321
51.5113019791371 -0.0907879584631746
51.5112970380043 -0.090788165039124
51.5111670899389 -0.090316165206993
51.5111074161302 -0.0900413270432986
51.5110068236132 -0.0899643780268104
51.5110058122583 -0.089902275879507
51.5111519713431 -0.0894485547270188
51.5111285473141 -0.0893351078083518
51.511065517904 -0.0892738180090989
51.5109670022384 -0.0890374422743487
51.5110602783282 -0.0888804948289082
51.5109675660178 -0.0886582546424478
51.5110318264417 -0.0882213854062597
51.5108307257709 -0.0882217241497827
51.5107459477551 -0.0881829724297912
51.5106776843479 -0.0879164602313679
51.5107393202439 -0.0877598857719299
51.5110679128567 -0.0876776843229656
51.5110525005507 -0.0874657550239948
51.510931668744 -0.0874212662834114
51.5107483351485 -0.0873479074925191
51.5107671974969 -0.0872200962954343
51.5108605372979 -0.0867640663826395
51.5108536819879 -0.0867516395577674
51.5108389705095 -0.0865001142305506
51.5109301716181 -0.0860233777081746
51.5108079569549 -0.0858996961849671
51.5107021400327 -0.0859104289438887
51.510599325223 -0.0863695890026553
8 4
51.5166615611788 -0.0972344513038355
51.5165294337281 -0.0971417979670304
51.5163962808088 -0.0971023080164216
51.5163181177126 -0.0971109132390381
51.5164382348926 -0.0977212455003699
51.5167272341536 -0.0977749220924375
51.5167809319786 -0.0976546788212908
51.5166615611788 -0.0972344513038355
8 4
51.5113201398454 -0.0889001575742119
51.5113174021192 -0.0888976580198369
51.511195265981 -0.0892089775280433
51.511393408779 -0.0894519996903983
51.5114303161501 -0.0894549709188817
51.5114547570231 -0.0893493830830877
51.5114394630502 -0.0890231376629547
51.5113201398454 -0.0889001575742119
