123 8
51.5109549627438 -0.104155533170143
51.5114913970671 -0.104061137121643
51.5118524127378 -0.104343448953117
51.5119896070888 -0.104822323695523
51.5121222874031 -0.105250055861986
51.5123097159385 -0.105349460323613
51.5124832849195 -0.104529841147795
51.5127262012148 -0.104825144236174
51.512807337021 -0.105328813845419
51.5130380403384 -0.105140880717304
51.5130473398064 -0.105109956006181
51.5131279106299 -0.105011074648034
51.5132475057887 -0.104873736518579
51.513473826565 -0.104893100458762
51.5135457949358 -0.104784830792781
51.5135481764693 -0.104781998872874
51.5136392788257 -0.104861992657671
51.5138131706309 -0.104774565361388
51.513829424932 -0.104790170464243
51.5139642380668 -0.104637700609374
51.5140538696992 -0.104315157292041
51.514028034486 -0.104262993695474
51.5139227051557 -0.104220547368534
51.513678144726 -0.104140627723489
51.5136652593424 -0.103777306030978
51.5136634437185 -0.103592720007938
51.513842656519 -0.103328485121388
51.5139718247553 -0.10372215290316
51.5139872145676 -0.103728762461759
51.5141583178686 -0.103552322664787
51.5139388570566 -0.103167751906611
51.5139499107721 -0.103061890084311
51.5138795874375 -0.102988284752225
51.5136872393249 -0.102773826174757
51.5136795814066 -0.10262275518372
51.5137208468627 -0.102461689628864
51.5137389804209 -0.102360049450778
51.5136996758113 -0.102258895020328
51.5136947133122 -0.102141103222241
51.5136883092704 -0.102134239598126
51.5135494452192 -0.102013933015941
51.5135437075486 -0.101953806136707
51.5135423037518 -0.101944833448516
51.5135054119763 -0.101876138748344
51.5135188262845 -0.101544047131861
51.513499044611 -0.101482721805331
51.5135326288672 -0.101413711546068
51.5136035587481 -0.100902765780331
51.5134095757411 -0.100820760849278
51.5133347167528 -0.100605942016878
51.5132048002203 -0.100460908906271
51.5132030946483 -0.100455513739796
51.5132692398087 -0.100265488067358
51.5136807033732 -0.0993826944637315
51.5136721702086 -0.0993443111110376
51.5136337615981 -0.0993152517363006
51.5131090563724 -0.0995118882607711
51.512861578539 -0.0991023696041974
51.5131119749204 -0.098244343290148
51.5132091254603 -0.0981592561447269
51.5133125180818 -0.0975000837918035
51.5132784175345 -0.0974096498420968
51.5129106737495 -0.0973952648428612
51.512399415181 -0.0979219354085395
51.5122425453361 -0.0969025245468179
51.5122330144595 -0.0968858107825272
51.5122482500187 -0.0967166803382826
51.5120901717139 -0.0959225020450003
51.5120750737707 -0.095900673507175
51.5120536169656 -0.0957861884536479
51.5121716054924 -0.0954066101116713
51.5122432726672 -0.0947046854719316
51.5119189085496 -0.094527266461563
51.5119165478914 -0.0944760324184345
51.5118856585854 -0.0940466986137316
51.5120271628748 -0.0939804292236751
51.512114724894 -0.09421276265772
51.5124982518914 -0.0943408935032682
51.5124898099507 -0.0942971610424148
51.512449994103 -0.0941096504942417
51.5123250586286 -0.0938401381705447
51.5123227022074 -0.0936951494928343
51.5121478413934 -0.0935565307921677
51.5120154709061 -0.093310859636087
51.5118049681551 -0.0934240959731722
51.5117932579119 -0.0935056235509203
51.5117262659835 -0.0935156686799023
51.5114011615368 -0.0936246567768754
51.511343137585 -0.093716315720403
51.5112293888574 -0.0935543544971272
51.5109650988926 -0.0935221361132539
51.510871858797 -0.0932558259290198
51.5105946090155 -0.0937592056369697
51.5103267453579 -0.0934020407569693
51.5099198121178 -0.0936314799034346
51.5099522143495 -0.0937223318366386
51.5101306521732 -0.0948889508354668
51.5102425949184 -0.0956207333849583
51.51032144324 -0.096136099777412
51.5103456810021 -0.0962945474108633
51.5103954644666 -0.0966200626169165
51.5104469554033 -0.0969566765837874
51.5104504773901 -0.0969798188293779
51.5104982522188 -0.0972924676305155
51.5105680467485 -0.0977489247218897
51.5106378356642 -0.0982051457693099
51.5106431782452 -0.0989783353985964
51.5106569398306 -0.100954366035298
51.5106579833369 -0.101096552525585
51.510664885738 -0.102095082971532
51.510660927314 -0.102661671686336
51.5106523012055 -0.103912749469272
51.5106469117661 -0.104691731820968
51.510686472656 -0.106812844267563
51.5108480759803 -0.10657111428883
51.5111751151694 -0.10592981176231
51.5113082663574 -0.105657649141881
51.5111485906347 -0.104950026634865
51.5109549627438 -0.104155533170143
51.5129722803961 -0.0997481070344645
51.5131067936694 -0.0995164979095568
51.5132173214258 -0.100107229349049
51.5129722803961 -0.0997481070344645
6 4
51.5119115520157 -0.0927693149334287
51.5118321736746 -0.0927087022275175
51.5115036264878 -0.0929763517339453
51.5116119617451 -0.0931204771969379
51.5117805472389 -0.0933043893564359
51.5119115520157 -0.0927693149334287
