51.5139576902438 -0.104900112459545
51.5138476894721 -0.104952447446281
51.513829424932 -0.104790170464243
51.5138131706309 -0.104774565361388
51.5136392788257 -0.104861992657671
51.5135481764693 -0.104781998872874
51.5135457949358 -0.104784830792781
51.513473826565 -0.104893100458762
51.5132475057887 -0.104873736518579
51.5131279106299 -0.105011074648034
51.5130473398064 -0.105109956006181
51.5130380403384 -0.105140880717304
51.512807337021 -0.105328813845419
51.5127262012148 -0.104825144236174
51.5124832849195 -0.104529841147795
51.5123097159385 -0.105349460323613
51.5121222874031 -0.105250055861986
51.5119896070888 -0.104822323695523
51.5118524127378 -0.104343448953117
51.5114913970671 -0.104061137121643
51.5109549627438 -0.104155533170143
51.5111485906347 -0.104950026634865
51.5113082663574 -0.105657649141881
51.5111751151694 -0.10592981176231
51.5108480759803 -0.10657111428883
51.510686472656 -0.106812844267563
51.5106951318896 -0.107276960343528
51.5107468785507 -0.110056678023589
51.5107590078837 -0.110709103369217
51.510757244657 -0.110817304393821
51.5107554737279 -0.11093061507568
51.5110460039854 -0.111481698455794
51.5111915052993 -0.112026070421098
51.5116815760861 -0.112044546515276
51.5118554100397 -0.112299487557995
51.5120972590129 -0.112289490235828
51.5121491881356 -0.112365649734948
51.5121644319359 -0.112447009356953
51.5122546823566 -0.112541429162795
51.5123510131547 -0.112633815640692
51.5125105725208 -0.112040930516909
51.5125647363408 -0.112110700208704
51.5125975664932 -0.112592136367968
51.5128033286449 -0.112557489849779
51.5128055985082 -0.112318671837301
51.5129169943347 -0.112269031284478
51.5130209999199 -0.112374647625412
51.5131295863324 -0.112066671716857
51.5132431400836 -0.112067324246488
51.51331157131 -0.111973472244341
51.5133215798386 -0.111936221526343
51.5138140818549 -0.111915857805515
51.5137890106839 -0.11181600782784
51.513810603282 -0.111392674306796
51.5138138125984 -0.111379826759335
51.5138101162414 -0.111150281236058
51.5138568299629 -0.111014189708633
51.5138504835419 -0.110782020535969
51.5138576342647 -0.110768296883527
51.5138784995646 -0.110724179426451
51.5139065399362 -0.110472525068837
51.5139003231047 -0.110421447650323
51.5140488366619 -0.110086616427671
51.5140032284348 -0.109856071565654
51.5140610659918 -0.109746492186069
51.5141155402951 -0.109595579799864
51.5141479217362 -0.109546469199902
51.5142039836236 -0.109455024910488
51.5141996810674 -0.109377725202805
51.5141986359186 -0.109312886723981
51.5142169270609 -0.109237384605829
51.514156416175 -0.108896706436316
51.5142243520999 -0.108683086466548
51.5142867012569 -0.108563455168446
51.514283780682 -0.108504992322901
51.5143084499315 -0.108367908540603
51.5142652963786 -0.108133697402102
51.5141993269673 -0.108012133319448
51.5142037399004 -0.107722834444406
51.5142356288164 -0.107609811648091
51.5141808205528 -0.10735540804191
51.5141901491197 -0.107320679210363
51.5142358960131 -0.107163946003637
51.5142331343545 -0.106992824761706
51.514186287861 -0.106864171528099
51.5142053002994 -0.106627384707919
51.5141915388474 -0.106571272899042
51.5141904228098 -0.106218153228927
51.5141910045623 -0.106192936913288
51.5143185639283 -0.105936318051373
51.5142831105611 -0.105806242378467
51.514249667331 -0.105700443916942
51.51427357327 -0.105371596616254
51.5142047415191 -0.105251105882564
51.5141422847415 -0.105135698357098
51.5141412133572 -0.105119462974472
51.5141540062271 -0.105043236756015
51.5142218733895 -0.104486429356646
51.5140538696992 -0.104315157292041
51.5139642380668 -0.104637700609374
51.5139576902438 -0.104900112459545
