51.5409303922108 -0.0767028446630835
51.540451084934 -0.076496785813105
51.5400249524032 -0.0769185339220738
51.539825080597 -0.0767196007493455
51.539688011424 -0.0768254915225258
51.5394638241089 -0.0776496273146381
51.5391347999325 -0.0775788372836995
51.5390009538686 -0.0772176826957612
51.5385955465575 -0.0774230989905972
51.5385397368253 -0.0774461386283092
51.5384189761217 -0.0782182170201059
51.5380680746289 -0.0781509615542819
51.5379226495118 -0.0776316977890661
51.5374926365779 -0.0776687204888271
51.5370815651467 -0.078324129502858
51.5370630711079 -0.0782762819992522
51.5370415103857 -0.0776571732649707
51.5367499649375 -0.0768727732098815
51.5365368885264 -0.0768609488194317
51.5363883138685 -0.0770546998888959
51.5361157402704 -0.0769012892221105
51.535870980655 -0.0773423369163346
51.5357201005972 -0.0773406105127844
51.5356208912238 -0.0770852599708842
51.5356183601893 -0.0770844155413435
51.5354395493189 -0.0771063367284273
51.5353417581437 -0.0771294798753737
51.5352582722043 -0.0777457388384667
51.5351766745676 -0.077851894179352
51.5349398282736 -0.0775031939432999
51.5349212915622 -0.0769975225572295
51.5346740849882 -0.0767628004383177
51.5345193501703 -0.0767946449146451
51.5344546685687 -0.0769784320324482
51.5345074364519 -0.0772250333090521
51.5342298838212 -0.0782874236715628
51.5341071778177 -0.078178106831372
51.5337518635737 -0.0791258237984009
51.5337192573965 -0.0791110284150559
51.5334677234896 -0.0786502511714859
51.5334741254217 -0.0785526174521026
51.5337747080537 -0.0778695814238829
51.5337034550435 -0.077422018765319
51.5336647794191 -0.0773550532657969
51.5329161665957 -0.0779958574922399
51.5328604790132 -0.0778891899704273
51.5323790091631 -0.0778363600001617
51.5323705533234 -0.077825066056288
51.5323452235997 -0.0772449344612026
51.5320951209545 -0.0767183811195761
51.5320822924202 -0.0767035865257446
51.5314985239003 -0.0772489890400473
51.5310729535975 -0.0767947465680783
51.5306663150321 -0.0773363578592366
51.5303790045674 -0.0772601394374543
51.530284621972 -0.0776119397553628
51.5300881658139 -0.077665268256238
51.5300389506518 -0.0781566218362165
51.5298162205063 -0.0783786639276128
51.5296748312988 -0.0791650110889355
51.5294646902555 -0.0791512703173052
51.5293248678841 -0.0792373932826301
51.5287921744624 -0.0791363074036447
51.5285559718035 -0.0789255093382478
51.5284288064457 -0.0789281281778198
51.528378493844 -0.0788916137461356
51.5283452922975 -0.0784946833913607
51.5282834817699 -0.0778935540535174
51.5280683824643 -0.0778350962256306
51.5278137340628 -0.0783422097005634
51.5277736978324 -0.0783403294246127
51.5275891298979 -0.0786364705612089
51.5276029758753 -0.0794819789797574
51.527461760875 -0.0795654219376251
51.527406308724 -0.0798245056191841
51.5273572041008 -0.08020230629026
51.5274240898205 -0.0803616259846273
51.5274294544797 -0.0806894704052182
51.5271392071366 -0.080851208536411
51.5269599770583 -0.0807046962697977
51.5268386269591 -0.0809088971788166
51.52683666368 -0.0809152795435071
51.5269061761086 -0.0812737050862234
51.5269508330128 -0.0812997609344503
51.5271137272453 -0.0819371619597613
51.5268957194284 -0.0822670202931798
51.5269733893671 -0.0825637713898149
51.5269248976603 -0.0828145922271245
51.5270070898228 -0.0832616373565981
51.5270032980418 -0.0832716623757568
51.5267578072203 -0.0833612542999866
51.5265453455538 -0.0833540108061058
51.5265140204306 -0.0836652034780759
51.526315619146 -0.083962846167571
51.5263282624303 -0.0840929458866574
51.5265982909836 -0.0841681436609979
51.5268659463683 -0.0842631733907337
51.5268836791181 -0.0844957600540215
51.5263964462665 -0.0847504877388104
51.5263350008925 -0.0850396449330924
51.5263762444729 -0.0853027416024189
51.5265828907869 -0.085532037751818
51.5267602547405 -0.0855425465530254
51.5268489058172 -0.0856973930844012
51.5273134009212 -0.0857734786987077
51.5273000756732 -0.0859154875753693
51.5272954288472 -0.0865068007138594
51.5272863518279 -0.0865179980311706
51.5270074573884 -0.0863566235030318
51.526914518733 -0.0870246163465246
51.5270648593858 -0.0870759645109726
51.5271001770658 -0.0871799175137424
51.5271935735677 -0.0874219354167087
51.526832397311 -0.0877939010131942
51.5268186002639 -0.0879953596535107
51.5268875166923 -0.0880979053547642
51.5271114554868 -0.0883129416826274
51.5273221973764 -0.0883139804497099
51.5274091977471 -0.0881085022515955
51.5278326076499 -0.0879970981131825
51.527864523208 -0.0886481030213032
51.5280088793436 -0.0886853251845939
51.5281187961577 -0.088815874500198
51.5281076527971 -0.0890478952233818
51.5280577389313 -0.0896041452713568
51.5282444514115 -0.0896035806570408
51.5284626485696 -0.0900845419857109
51.5286048036321 -0.0904228372272742
51.528602554849 -0.0904282804185721
51.5286522416772 -0.0911335908155589
51.528579511233 -0.091277135741554
51.5284453578631 -0.0915630381550536
51.5285044271329 -0.091806507214089
51.5286224165036 -0.0920909008402622
51.5286664634908 -0.092096191599396
51.5290957468462 -0.0923125382743801
51.5291167514098 -0.0924432495528665
51.5291104035438 -0.0925228012756581
51.5287618900912 -0.0932212224036254
51.5288530018405 -0.0935004439339942
51.5288068055984 -0.0937888488779145
51.5289693178532 -0.0944678207206246
51.5289582144924 -0.0949133325801342
51.5289524068362 -0.0952587726374104
51.5290706241024 -0.0953916090585949
51.529690129243 -0.0943458360828756
51.5299722660224 -0.0944916795618717
51.530042467029 -0.0947068795029036
51.530000457106 -0.0952754171884696
51.5293392846953 -0.0959201887883257
51.5295790267282 -0.0964950331108647
51.5297078236677 -0.0967924270998522
51.530451525304 -0.096795647142056
51.5304944100208 -0.0978544497203831
51.5300808956501 -0.0985213240753124
51.5301142666973 -0.0986389251872205
51.530124795412 -0.0987394094509371
51.5305393322475 -0.0990284768319143
51.5306302195636 -0.0991671019283003
51.5305870307915 -0.09967530366465
51.5302480109497 -0.100135432340507
51.5304731422411 -0.100519888062301
51.5305065330497 -0.100549999765431
51.5307303345196 -0.100513700144258
51.530764488582 -0.100474357621674
51.5311625526567 -0.0998297696476864
51.5311272070575 -0.100406122332795
51.531291503913 -0.100820103273936
51.531263569798 -0.100977111782589
51.5312914086548 -0.101175188986055
51.5313587926427 -0.101261542069203
51.5313464852106 -0.102034271638302
51.5315543012012 -0.102254584240631
51.5315520722373 -0.102678114555677
51.5318082621007 -0.103032415333405
51.5318439760296 -0.103222917260978
51.5318808727907 -0.103314226727651
51.5318842832721 -0.103319434450641
51.531879521512 -0.103614328958322
51.5319089249194 -0.1042042837291
51.5319649324199 -0.104248794644728
51.5320982620707 -0.104672166637826
51.5321000876452 -0.104673873980569
51.5327293816837 -0.104868495383261
51.5324860805441 -0.10579598717186
51.5324757474331 -0.105801884521236
51.5324476395811 -0.10580935184373
51.532267811379 -0.105941163000674
51.5320576450309 -0.105986857174128
51.5319761259843 -0.106121719057949
51.5317347639531 -0.106490387293603
51.5317555085665 -0.106784222191197
51.5317775794638 -0.107087869110551
51.5314848514319 -0.107649694727575
51.5314044499659 -0.107675615223044
51.5312776155128 -0.107670889129793
51.5306308859284 -0.108223129214977
51.5309235905253 -0.108908432797388
51.531071738237 -0.108986100492772
51.5309593365764 -0.109748584488999
51.5306968971094 -0.10970810136002
51.5304666333285 -0.110191587525856
51.5305534311628 -0.110596205247504
51.5306869967549 -0.110784439951614
51.530606440813 -0.111213937264648
51.5309191557663 -0.111741635945855
51.5311567814115 -0.111731803562936
51.531142944563 -0.112436117004179
51.5309362231187 -0.112807829373627
51.5308963055731 -0.112835632510407
51.5308062182023 -0.113103377644675
51.5307478881764 -0.113288736677797
51.5313962075106 -0.113689053331378
51.5314742118536 -0.114240860971615
51.5313111792836 -0.114500921799477
51.5313270331771 -0.114989558690956
51.531398375557 -0.115317324161058
51.5312097356275 -0.115600786637199
51.5311608627975 -0.115602804746094
51.5307626271419 -0.116107702592157
51.5306597904012 -0.116136198079525
51.5306456009082 -0.1161539016558
51.5306486178548 -0.116537739484025
51.5309020357845 -0.116822802300387
51.530737517832 -0.117410766317667
51.5308037390756 -0.11754866266677
51.5307288983756 -0.117814817956895
51.5308809735389 -0.118031197477282
51.5307756703899 -0.118410350134315
51.5310607419949 -0.118584159915075
51.5310162073384 -0.119226730688639
51.5310187142701 -0.119242913206117
51.5309991192732 -0.119282355040217
51.5309786105394 -0.119578841404457
51.5309231706474 -0.119844195015674
51.5308200620088 -0.120102596057421
51.5307848138512 -0.120253591672486
51.5305770047181 -0.120227915788638
51.5305424586521 -0.120282475201125
51.530380525167 -0.121100215823184
51.5304047864521 -0.121116334679282
51.530544782521 -0.121460177704967
51.5308026235235 -0.121449563955219
51.5308484749417 -0.121663076635328
51.5308485780969 -0.121663904509165
51.5309028064121 -0.121839151935583
51.530676439814 -0.122406342841834
51.5307389960207 -0.122573996564224
51.5307818169576 -0.122794886022942
51.5315946852122 -0.123390421909413
51.5318280568495 -0.12262025136188
51.5318388357906 -0.122597221322365
51.5318907330123 -0.122525780979859
51.5322419774026 -0.12248695988921
51.5331058745769 -0.123226394543768
51.5331417963685 -0.123297077402524
51.5336487012115 -0.123064382672667
51.5338761176314 -0.123006405501565
51.5344090134598 -0.123398080367194
51.5347035841771 -0.12242989821752
51.5352848815722 -0.122037313445429
51.5356723841433 -0.122421537426876
51.5359787561052 -0.123196560383156
51.5362925515024 -0.123042175532816
51.536808069802 -0.123162446923842
51.5369555594724 -0.123272654380745
51.5380982195621 -0.124787550070874
51.5384751873678 -0.126116628806022
51.5397480827107 -0.124727819492401
51.5399249795925 -0.124647544726385
51.5402897435275 -0.124116053565715
51.5405610955342 -0.123859724720912
51.5410922510901 -0.123018652849483
51.5413737804772 -0.122814210720403
51.5418972438011 -0.12214452946882
51.5417781552578 -0.121208554437677
51.5417782409292 -0.120944467913295
51.5418091299677 -0.120869237985225
51.542050666573 -0.119381080295677
51.5421933170469 -0.119200410656951
51.5422373762515 -0.118701932170515
51.54237224847 -0.118350239308162
51.5426931055334 -0.117935936873964
51.5428940507971 -0.117869976771164
51.5430602913249 -0.117333152864729
51.5430817195187 -0.11706627528577
51.5430324749241 -0.116882695641006
51.5433959777974 -0.115709415700178
51.5429599256845 -0.115382244415893
51.5429766445371 -0.115152659697233
51.5434892509486 -0.114078672967827
51.5432447890582 -0.113803047362446
51.5432333131432 -0.113732296811587
51.5432972747458 -0.113047364504937
51.543557210983 -0.112949095688541
51.543801381064 -0.112574897632772
51.5435989333772 -0.11220645623694
51.5435981801602 -0.112187581096647
51.5437901113384 -0.111863342078408
51.5437630842961 -0.111407378219108
51.5438585697994 -0.111374648933932
51.5440047420831 -0.111072870750363
51.5439008146196 -0.110586915033357
51.5439271437995 -0.11051364695872
51.5439271090235 -0.110494741945753
51.5439735039706 -0.109953807220287
51.5441076661126 -0.109855380134157
51.5441791629337 -0.109706396943084
51.5442419544502 -0.109480245175241
51.5442449183498 -0.109452178632058
51.5442716863649 -0.109311350587591
51.5443380633663 -0.109218465740625
51.5443716722987 -0.109200900841196
51.5444997822954 -0.109050520030504
51.545057236402 -0.109083297905964
51.5450826913859 -0.108961428490483
51.5451517964076 -0.108831446788867
51.5450842738395 -0.108312343587269
51.5452837839073 -0.107533399859035
51.5455357674284 -0.107399394366953
51.5456923378066 -0.106695233972783
51.5456899232022 -0.106579037121725
51.5458647150195 -0.106179722779379
51.545905658449 -0.105942692442256
51.5458682737548 -0.105592736161453
51.5460790540835 -0.104750155014903
51.5460663560597 -0.104720954114064
51.5459965708476 -0.104068518872116
51.5460515632832 -0.103883342962615
51.5459585688237 -0.103285861255635
51.5459629249266 -0.102893620850913
51.546230965576 -0.102969041770128
51.5466666015526 -0.102701199160003
51.5466715090042 -0.102643320854223
51.5465099725531 -0.102027162063858
51.5462773881276 -0.101981783160599
51.5461503699326 -0.101448981042391
51.5465424610844 -0.101318144117638
51.5467358567412 -0.101441733133015
51.5470787069743 -0.10116239547769
51.5471291920411 -0.100965626452402
51.5469331384102 -0.100272539028175
51.5473647434118 -0.0990735900491033
51.5471993790677 -0.0987271792832991
51.5471329212676 -0.0982765189574822
51.5471477862616 -0.0980289083020068
51.5475936949293 -0.0975470069898574
51.547850040525 -0.0969620541735762
51.5476006775825 -0.0961098257934004
51.5476952527026 -0.0957886029812561
51.5477280005685 -0.0957402628080443
51.5481569244888 -0.0954420595835591
51.5482919891009 -0.094204168638025
51.5482706975176 -0.0941220521430133
51.5484701024563 -0.0933313401969948
51.5485287170433 -0.0932594399249413
51.5486494758694 -0.0921825551226353
51.5489534038984 -0.0917389866994797
51.5487622826182 -0.0912087454150286
51.5490476303665 -0.0898779552195714
51.5490819112502 -0.0898521403242373
51.5491295419449 -0.0894039484366545
51.5489541463984 -0.0887856481041692
51.5491606085615 -0.0880495466412745
51.5492440537199 -0.0879513857428557
51.5493689653631 -0.0880201187298061
51.549837254043 -0.0870882170377379
51.5500052577124 -0.0873903741299547
51.5501975684901 -0.0874354681111767
51.5505887661784 -0.0869971109327818
51.5508420011214 -0.0871893770454315
51.5508982680516 -0.0871942714269115
51.5511274276006 -0.0859874142006554
51.5510734957261 -0.0856903372382248
51.551251555464 -0.0852311738131825
51.5508138376193 -0.0845428896027741
51.5511491787564 -0.0838336710310885
51.5514654974312 -0.0836662477371995
51.5515191499526 -0.0832249081125043
51.5511223921821 -0.0829423630764557
51.5507102152322 -0.0833833072679891
51.5506447390201 -0.0833870105882544
51.5506170474396 -0.0834088676295198
51.550210696504 -0.0833755214146048
51.5501101834258 -0.0830560317894276
51.5501714143249 -0.0824954607041389
51.5500930090995 -0.0821481664557628
51.5502568439456 -0.0817490600761894
51.5502405645699 -0.0812592963561289
51.55031019562 -0.0811193642967252
51.5503478031201 -0.0805660853868467
51.5501169147812 -0.0801908428760219
51.54980755368 -0.0802227753311681
51.5496021436294 -0.0796905570510882
51.5495673261156 -0.0796559892822232
51.5495237794739 -0.0787203482370737
51.5496838617767 -0.0783727677038887
51.549446233165 -0.0777950612122818
51.549103014406 -0.0779717380486153
51.5490790650333 -0.0780079484561217
51.548947598171 -0.0786480574641265
51.5488159755301 -0.0787023606910814
51.5486521904231 -0.0789336653332727
51.5484963750658 -0.0789709104316367
51.5484150451673 -0.0789013189410726
51.5481221773866 -0.0783538994074724
51.5482049308743 -0.0776049019127012
51.5481798602675 -0.0775671907348481
51.5475671624391 -0.0775542499129573
51.5473959241754 -0.0771440655209068
51.5470440437905 -0.0770390325437461
51.546891727827 -0.0773555895258373
51.5465518762761 -0.0772878641192424
51.5464637421146 -0.0769787124781815
51.5460335922058 -0.0769086142317716
51.5461608590675 -0.076517369357871
51.5465600082271 -0.0763690148395965
51.5465549322898 -0.0761636233316719
51.5463164995981 -0.0761240930089625
51.5461498973671 -0.0764574229059215
51.546044663335 -0.0760211636640813
51.5459110519543 -0.0757896848979183
51.5457373475883 -0.076484810458941
51.5455382945362 -0.0765058098967007
51.5453282260441 -0.075970167656175
51.5449822007218 -0.0760577760068921
51.5445431248509 -0.0756517855126931
51.5444941841848 -0.0762306852812953
51.5439175554347 -0.0772060395170199
51.5438453807117 -0.0770369020288468
51.5430508834635 -0.0766935802618959
51.5430220023297 -0.0765605523758737
51.5424211055443 -0.0756007612087688
51.5423993919776 -0.0756088115527083
51.5421603901521 -0.0762471853914048
51.5420035007765 -0.0763998159843579
51.541075398314 -0.076593048835657
51.5410678385479 -0.0765870657989615
51.5409303922108 -0.0767028446630835
