51.5898318146523 -0.133641220117249
51.5896437838843 -0.133773548144901
51.5893080117571 -0.133632097344243
51.5884873536617 -0.132983600046238
51.5877728603694 -0.133860927548637
51.5875412816995 -0.133747823900268
51.5874657074523 -0.133670581015742
51.5870684630224 -0.134830887905356
51.587063856085 -0.134886064186036
51.5868361636585 -0.134926929012483
51.5861248191202 -0.134611500630278
51.5859638281085 -0.134278893199676
51.5855984458956 -0.134214476249532
51.5839087293158 -0.135007169289246
51.5837054262261 -0.134840426808084
51.5833012809858 -0.134627879598424
51.5821607840767 -0.135915004324942
51.582121372644 -0.135918402255066
51.5813054699582 -0.135709970483586
51.5801398454871 -0.136349473243779
51.5801366546813 -0.13635234084089
51.579702074914 -0.137988420887877
51.5796484590546 -0.138649165875374
51.5796531670618 -0.139297530943153
51.5796778328217 -0.139844049010117
51.5797332054481 -0.140155714110276
51.5803652841067 -0.141234020231727
51.5805101358741 -0.141598924934754
51.5814410465453 -0.142542389641026
51.58110458066 -0.143469949307974
51.5810930189539 -0.143511953269774
51.5808404722107 -0.145256020359064
51.5810883005757 -0.148625195664016
51.581006020534 -0.148754803693958
51.5806394766164 -0.149459802357159
51.5806895813932 -0.149843815647553
51.5809305585431 -0.150708235739956
51.5824527892777 -0.152876418086968
51.5842082134884 -0.150757373605007
51.5849739794768 -0.152287880199037
51.5851302885864 -0.152954571707769
51.5861841460766 -0.154101897068485
51.5870268429036 -0.153975620987893
51.5872774869474 -0.15447344352298
51.5885811382248 -0.153429974010154
51.5882879486009 -0.152279833222533
51.5893333501056 -0.152426789167716
51.5893333973288 -0.152892418780728
51.5892416422608 -0.153357128889026
51.5892664682468 -0.15337516640971
51.5903305796117 -0.153562932576686
51.5904706302956 -0.153036619246342
51.5906946894515 -0.153050147407471
51.5909832825975 -0.152628738487128
51.5915214820299 -0.152821638469536
51.5916367037977 -0.15264281999152
51.5914112851831 -0.152280228257284
51.5913817275024 -0.151619134484241
51.5914328140832 -0.151552188406438
51.591464446126 -0.151243206515035
51.5920184366549 -0.150988837258207
51.5923047531925 -0.151176593470006
51.5924247545923 -0.152129116169368
51.5925432109246 -0.152504149306322
51.5926847786411 -0.152696956201634
51.5932421575516 -0.153063236321252
51.5932513684009 -0.153265820293306
51.5947257423208 -0.15549267072227
51.5947379642049 -0.155503841580546
51.595580272382 -0.155244132466013
51.5961231259484 -0.155453201899424
51.596798197886 -0.157040233766012
51.5968137354775 -0.157938401797207
51.5981077464917 -0.162482061676926
51.5981889425698 -0.162644025119131
51.5988923775823 -0.162763615776506
51.6004530260295 -0.163701409720184
51.6006356378255 -0.163668803552183
51.6025348860933 -0.162656247349475
51.6027385533433 -0.161683271914134
51.6028364766164 -0.161426549255742
51.6033626071756 -0.160741044766624
51.6064616788399 -0.158672565210511
51.6054845225788 -0.155822896795889
51.6057426067206 -0.154489340641071
51.6063068333071 -0.15421093553465
51.6067260452642 -0.153920544689245
51.6065418759782 -0.151192228405079
51.60635574454 -0.150470479397252
51.6066130515287 -0.149849899392118
51.6069949550645 -0.149394757556611
51.6071636447977 -0.148758834572455
51.6074620397331 -0.148196098684322
51.6078311315397 -0.147909351292706
51.607983298308 -0.146608809566489
51.608258113319 -0.14608487593289
51.6083007407556 -0.145693164847525
51.6095792389024 -0.143200295343625
51.6095772059517 -0.143196805905842
51.6091124067588 -0.142325778951867
51.608350806824 -0.139579410473115
51.6073959300444 -0.138775401747521
51.6068702538288 -0.138466592566917
51.6063043563353 -0.138807420617063
51.6055088175098 -0.138811138283262
51.604429185403 -0.138366043577286
51.603318934266 -0.139510764060076
51.6021672490844 -0.140072296428294
51.6019712843246 -0.140447602840334
51.5997660810195 -0.138995340065336
51.5996657229585 -0.138868602738384
51.5996379889861 -0.138531267107382
51.5993635707371 -0.138363789738321
51.5990659884785 -0.137954514355542
51.5990381163146 -0.137721955165012
51.598691743785 -0.136810263256419
51.5983342246279 -0.13653881758148
51.5981761846282 -0.136335044511446
51.5979907710137 -0.136360611171557
51.5979508494846 -0.136241291351389
51.5977728097053 -0.134524039000281
51.5967563718619 -0.134215572628814
51.5967436620296 -0.13412859458753
51.5967637633354 -0.133820988744679
51.5963791915212 -0.131872149263146
51.5960626504831 -0.131041469945933
51.5959447496698 -0.131157258860432
51.5950101841822 -0.132084503178917
51.5921944399299 -0.131618886110586
51.5919686359908 -0.131179751285729
51.5909162517456 -0.131793099031721
51.5898318146523 -0.133641220117249
51.591929142809 -0.138860938937285
51.5906538439508 -0.139059230176337
51.5906387679108 -0.139015567079546
51.5906388476258 -0.139009255227217
51.5911306851868 -0.136810999610946
51.5921111449587 -0.136926102274476
51.591929142809 -0.138860938937285
