51.6154053464993 -0.128239181427943
51.6150830786449 -0.127467965747031
51.614964021605 -0.126310985226798
51.6149642626275 -0.126309188891693
51.614888689285 -0.126153430084901
51.6146605057897 -0.123748809134125
51.614518623767 -0.123601149387363
51.614493220173 -0.122012546714913
51.6142893624809 -0.121868403908213
51.6140946995595 -0.121517973158848
51.6131246517985 -0.120897195604972
51.6130758900966 -0.120939818764764
51.6129877780035 -0.121343477028531
51.6122404824312 -0.121777797412794
51.6121005799039 -0.12124280033242
51.6111753734687 -0.121485944204728
51.6111544589905 -0.121633995492763
51.610679131956 -0.122334174584451
51.6100922716854 -0.121513508359273
51.6104431233735 -0.120484444616612
51.6105812341403 -0.120250339767279
51.610311791029 -0.119671062181525
51.6102832691733 -0.118682075533337
51.6097755184625 -0.117986321678925
51.6093022948029 -0.118687383298043
51.608426379492 -0.11870192191608
51.6083217660251 -0.119040256666294
51.6082727420184 -0.119436783505767
51.607954958343 -0.119902998314277
51.6073035850196 -0.120207945518322
51.6072851695763 -0.120332304914242
51.6067061906409 -0.121239853996109
51.60630566767 -0.121193280124384
51.6058584280885 -0.121850792414061
51.6054975333137 -0.121657075890052
51.6054455143238 -0.121664699910328
51.6048695200666 -0.122371680699876
51.6046694463815 -0.122385411528538
51.6043968814027 -0.122953528874138
51.6043046108131 -0.123063779213876
51.6032583260796 -0.123263135400498
51.6032121250304 -0.123376007277086
51.6030998832427 -0.123507913177303
51.6020461980265 -0.123660529412122
51.6016845145065 -0.124244065127936
51.6021129031123 -0.12538784542508
51.6021708376877 -0.126561538716446
51.6025203122145 -0.126873859412757
51.6030715583929 -0.126884512151916
51.6034044701367 -0.127685802903267
51.6028867750279 -0.128482431544706
51.6030205466738 -0.129875798214343
51.6025883662641 -0.129816878957014
51.6021560307541 -0.130566505972581
51.6018862824267 -0.131336589526676
51.6024156387004 -0.132592858823584
51.6019548217594 -0.133921302309654
51.601958919711 -0.134586321295027
51.6013788233073 -0.135368137616922
51.6014551096397 -0.138492201134846
51.6021672490844 -0.140072296428294
51.603318934266 -0.139510764060076
51.604429185403 -0.138366043577286
51.6055088175098 -0.138811138283262
51.6063043563353 -0.138807420617063
51.6068702538288 -0.138466592566917
51.6073959300444 -0.138775401747521
51.608350806824 -0.139579410473115
51.6091124067588 -0.142325778951867
51.6095772059517 -0.143196805905842
51.6095792389024 -0.143200295343625
51.6083007407556 -0.145693164847525
51.608258113319 -0.14608487593289
51.607983298308 -0.146608809566489
51.6078311315397 -0.147909351292706
51.6074620397331 -0.148196098684322
51.6071636447977 -0.148758834572455
51.6069949550645 -0.149394757556611
51.6066130515287 -0.149849899392118
51.60635574454 -0.150470479397252
51.6065418759782 -0.151192228405079
51.6067260452642 -0.153920544689245
51.607064257205 -0.154035900724974
51.6086474336984 -0.156958490548622
51.6091151686262 -0.156494552528176
51.6106945131176 -0.15727450729736
51.6107771308466 -0.157211620451829
51.6107816228796 -0.157211438541436
51.6116716300428 -0.156874825494177
51.6119661494643 -0.158084238037806
51.6123104201941 -0.158036005329802
51.6123190488389 -0.158030178058667
51.6127920120452 -0.15819704713001
51.6129777439883 -0.158254551317584
51.6130202086808 -0.158399906629536
51.6131258083407 -0.158552710564636
51.613238843127 -0.160246225000697
51.6132903812025 -0.160356918482553
51.6135910850057 -0.160046917032773
51.6139727310882 -0.159377913330466
51.6139848915772 -0.159373729582012
51.6148294244035 -0.160299216650913
51.6151044529167 -0.159366429046536
51.6157365533029 -0.159540341782974
51.615859597634 -0.160129414112913
51.6160010934961 -0.160289831201786
51.6162334906437 -0.160284840479907
51.6166561099541 -0.159625932589821
51.6169481917102 -0.159798243784533
51.616988637656 -0.160038616449728
51.6181326580899 -0.161713128874846
51.6181895843384 -0.161553733248934
51.617841377409 -0.158792513898804
51.6180491309122 -0.158672150260168
51.6184718194636 -0.158568335138679
51.6186358142599 -0.158208675472781
51.6185443575702 -0.156093538339524
51.6185390945774 -0.156084699842578
51.6187781084841 -0.155030355246887
51.6194215084924 -0.153829645667412
51.6196056495418 -0.15406598192815
51.6205066744939 -0.156072598053576
51.6205924720976 -0.15637248887764
51.6208292273788 -0.156570619199184
51.6210928228113 -0.156571609654335
51.621491068515 -0.155850335726694
51.6217671910414 -0.15437740687711
51.6219967128893 -0.154132371516795
51.6222505197307 -0.153196566818752
51.621674346054 -0.152503982864892
51.6219662296054 -0.151623563741673
51.62221302523 -0.151237020220365
51.6228545719851 -0.151530527983442
51.6229846345237 -0.151803374904664
51.6234845526708 -0.152008786020962
51.6241801229333 -0.151948005834756
51.624278969666 -0.152670847292669
51.6243119271554 -0.152931449254868
51.6247751847468 -0.153749686954808
51.6250073757597 -0.154171832786424
51.6253330691769 -0.15402853497217
51.6266265875221 -0.153512877897997
51.626835109971 -0.153430316160324
51.6268707763089 -0.15339456008131
51.6274586138169 -0.153668745237166
51.6274935656841 -0.153730463212848
51.6294564657011 -0.152803745380413
51.6298593895715 -0.153632623810893
51.6300048378632 -0.153786594585655
51.6304429312743 -0.153313596556621
51.6304629586515 -0.15220388248745
51.6307831769765 -0.151998467213327
51.6308866575459 -0.151713459875852
51.6305714285258 -0.150637145437778
51.6308514186155 -0.150280742636236
51.6313904332555 -0.150451221888516
51.6314896047627 -0.150372250967667
51.631760946063 -0.149700952948113
51.6316877657656 -0.149079055031985
51.6316342936851 -0.149028811241916
51.6307170139326 -0.149481573033574
51.630212960586 -0.14880312881604
51.630177310158 -0.148400836789995
51.6299224716504 -0.147872137361729
51.6298750699509 -0.145677856529166
51.6298713944444 -0.14530857584739
51.6297883246844 -0.145120517989495
51.6293312719381 -0.144732804045623
51.6290703971511 -0.144261206305346
51.6289435075712 -0.144218613132852
51.6280101532788 -0.143846662944184
51.6273102105126 -0.143340712349569
51.6272421987197 -0.143269392680229
51.6270936137531 -0.1433215604986
51.6263668910502 -0.143515500226107
51.6241970991267 -0.143696144450699
51.6241211445873 -0.14249746607687
51.6239310136036 -0.141628528276484
51.6237943870039 -0.141311661264781
51.6236206956923 -0.139954518887776
51.6238835384789 -0.138813229359705
51.6235652530315 -0.137313833816375
51.6231741021864 -0.13688293173627
51.6230179292793 -0.135703778222664
51.6225006293346 -0.135730340759422
51.6215888752569 -0.135163696187374
51.6210790268895 -0.135557531070596
51.6202201183692 -0.135210756859746
51.6196159279615 -0.134034816957198
51.6192928901964 -0.133862978090945
51.6187742712004 -0.131478117065271
51.6186865009215 -0.131368931004347
51.6179534596751 -0.129629427673904
51.6179420003227 -0.12961548750198
51.6178878541928 -0.127769614522049
51.6171881289732 -0.126701501834392
51.61659655848 -0.126648208349065
51.6160641628078 -0.127779636486488
51.6157596424062 -0.128132544217206
51.6154053464993 -0.128239181427943
