51.6063068333071 -0.15421093553465
51.6057426067206 -0.154489340641071
51.6054845225788 -0.155822896795889
51.6064616788399 -0.158672565210511
51.6033626071756 -0.160741044766624
51.6028364766164 -0.161426549255742
51.6027385533433 -0.161683271914134
51.6025348860933 -0.162656247349475
51.6033298106532 -0.163509511795092
51.6038566897964 -0.164232881622705
51.6039415371189 -0.164456039331464
51.6043376050915 -0.165489748684924
51.6050517916675 -0.168433956206779
51.6050343394202 -0.169430180188627
51.6047309520503 -0.170059741832016
51.6039725852026 -0.170371818759109
51.6031613175907 -0.170698631580013
51.6030911174695 -0.170780033858898
51.6028426963716 -0.171429853663915
51.6026368985334 -0.171965203897568
51.6025349254413 -0.172598415891243
51.6023654324338 -0.173046576668108
51.6016174436633 -0.17327506731246
51.6012263446452 -0.173913550350865
51.6017957062249 -0.17495652381514
51.6020121003338 -0.175136437801333
51.6025147746144 -0.174238213579683
51.6028977477832 -0.175609086821611
51.6027046750798 -0.175761246287404
51.60250683527 -0.176902750687102
51.6031324498658 -0.177002232671666
51.6032938109066 -0.177563460701013
51.6036189392626 -0.178030507020098
51.6041087148369 -0.178077697315776
51.6042993491165 -0.178868875258979
51.6043505048505 -0.179425483130061
51.6047994719861 -0.179699118848117
51.6052779036817 -0.179809054118747
51.6054205356129 -0.180027079102031
51.604994860651 -0.181691273321542
51.6054632825 -0.181996663563393
51.6057059595026 -0.18237680157485
51.6058325314629 -0.182266251549624
51.6062588458538 -0.181425973050236
51.6062475916181 -0.181082547743177
51.6069764349009 -0.180441507076984
51.6071023264345 -0.180727963505873
51.6071962285436 -0.181021177388082
51.6072066727409 -0.181068627227254
51.6071196615777 -0.181585664736104
51.6071441519887 -0.181698400585826
51.6074072913887 -0.182140127896857
51.6076781570662 -0.182122997675382
51.6078668826264 -0.18277525106711
51.6078223682516 -0.182948495632053
51.6083679697639 -0.183402419514224
51.6084383602032 -0.183321138674313
51.6085264187216 -0.183010644981554
51.6083426439219 -0.18253870235749
51.6083570493609 -0.182174350513416
51.6084759079399 -0.182024329990819
51.6086961216246 -0.18208590734167
51.6089282286371 -0.182398858652282
51.6091493128661 -0.182243800958275
51.6093129484977 -0.182529721074766
51.6093215793143 -0.183087258281154
51.6090609565339 -0.18319697431106
51.6089634036184 -0.183986184043322
51.6093634662216 -0.184859258792957
51.6094007975434 -0.185145701573704
51.6095172200368 -0.185244895350104
51.6098639067605 -0.185794317038321
51.610416103844 -0.185512348533638
51.6111168019505 -0.185887028378401
51.6111775744033 -0.18617802643764
51.6114431109038 -0.18658983244111
51.6116252594009 -0.187510597405478
51.6114638036117 -0.187912386704869
51.6113298308447 -0.188679617907789
51.6111628981398 -0.18883154393052
51.6111091881901 -0.189242612334243
51.6116232399535 -0.190969717863527
51.6124193903481 -0.191116814752129
51.6124384685584 -0.19214520051052
51.6124059338537 -0.192268318354053
51.6127203251925 -0.194302339313029
51.6126760350907 -0.194362687651257
51.6125658373245 -0.194422197597897
51.6122241011499 -0.194402294585565
51.611774568345 -0.194609714575516
51.6110810208268 -0.194201268660551
51.6104436458971 -0.196235935099831
51.6103556451467 -0.19634766767985
51.6100314071814 -0.198825711820381
51.6114147712193 -0.200011211351038
51.6121412972068 -0.200126923071803
51.6127459265038 -0.201046414301693
51.6129875970797 -0.201206559693972
51.613406821861 -0.202999063588492
51.6141653396484 -0.203995430407229
51.6147842978584 -0.204454870415676
51.6148750783527 -0.204594913542889
51.6155091774968 -0.204763062376566
51.6175906454984 -0.206785776441607
51.6184191872206 -0.207460106373698
51.6186310201469 -0.207509524332774
51.6212484188467 -0.205258849239919
51.6247707451937 -0.206469356789666
51.6248578081037 -0.205325005092527
51.6242203669986 -0.200011926569896
51.6234033166171 -0.196469619619759
51.6247972961616 -0.193127622621219
51.6247674231297 -0.193090810526517
51.6243478559418 -0.192762633280161
51.6238577426881 -0.191321146211924
51.6244618089157 -0.190425778187522
51.6244346175702 -0.190248064203292
51.6239174013349 -0.189435185768031
51.6232477579174 -0.189237071857085
51.6235572639464 -0.188053606670829
51.6234623906698 -0.187410947432313
51.6224265189687 -0.186951953077668
51.6225742852594 -0.186275219025231
51.6232390594547 -0.185669099138171
51.6236546226922 -0.184992383000369
51.6242630977984 -0.184844458289092
51.6246624506942 -0.183532750009216
51.623442331542 -0.182287646123911
51.6236802164026 -0.181818471095863
51.6240051220667 -0.180560355429483
51.6238606487045 -0.180368401310976
51.6239222319273 -0.179736525513054
51.6240058934095 -0.1793865474314
51.6242621153338 -0.178842645000626
51.6243586866004 -0.178762900273007
51.6236203441587 -0.177701720477729
51.6235985104357 -0.177592413121473
51.6232527679171 -0.177384116395825
51.6231506100465 -0.177381896828331
51.6229238567348 -0.176696667196815
51.6228226494339 -0.176715136863374
51.6226678118506 -0.176660833853277
51.6223757095762 -0.176317706410134
51.6223855312574 -0.17575212318662
51.6224548239229 -0.175583181801396
51.6220321756678 -0.174233207443
51.6221010518056 -0.17385845636041
51.6224690145565 -0.173044555420789
51.6224825915755 -0.172917631278351
51.6225290537823 -0.172697192534244
51.6234023630265 -0.170910517134612
51.623273128623 -0.169903474394963
51.6222239431348 -0.168739436877511
51.6212829543718 -0.168558752761709
51.621257901268 -0.168549041564354
51.6209011262989 -0.168095665408317
51.6202600730654 -0.165885124292207
51.6202443402199 -0.165787256991724
51.6200944804687 -0.165349984041672
51.6199976611794 -0.164516093385263
51.619966651544 -0.164470416640844
51.6187913653333 -0.163610388924499
51.6187453784685 -0.163538282139375
51.6197110084154 -0.160927923992659
51.6189585146062 -0.160752533241936
51.6181895843384 -0.161553733248934
51.6181326580899 -0.161713128874846
51.616988637656 -0.160038616449728
51.6169481917102 -0.159798243784533
51.6166561099541 -0.159625932589821
51.6162334906437 -0.160284840479907
51.6160010934961 -0.160289831201786
51.615859597634 -0.160129414112913
51.6157365533029 -0.159540341782974
51.6151044529167 -0.159366429046536
51.6148294244035 -0.160299216650913
51.6139848915772 -0.159373729582012
51.6139727310882 -0.159377913330466
51.6135910850057 -0.160046917032773
51.6132903812025 -0.160356918482553
51.613238843127 -0.160246225000697
51.6131258083407 -0.158552710564636
51.6130202086808 -0.158399906629536
51.6129777439883 -0.158254551317584
51.6127920120452 -0.15819704713001
51.6123190488389 -0.158030178058667
51.6123104201941 -0.158036005329802
51.6119661494643 -0.158084238037806
51.6116716300428 -0.156874825494177
51.6107816228796 -0.157211438541436
51.6107771308466 -0.157211620451829
51.6106945131176 -0.15727450729736
51.6091151686262 -0.156494552528176
51.6086474336984 -0.156958490548622
51.607064257205 -0.154035900724974
51.6067260452642 -0.153920544689245
51.6063068333071 -0.15421093553465
51.6091580128476 -0.182149620071419
51.6089940340239 -0.181713916521161
51.6089864409046 -0.181444271313423
51.6089962326825 -0.181432210434085
51.6094570163995 -0.181778415771275
51.6091580128476 -0.182149620071419
