51.6154635449953 -0.0893369699830274
51.614172386123 -0.0901910166694069
51.6138681637814 -0.0905774960222824
51.6138773580716 -0.0908885348692359
51.6137606321065 -0.0917763758948109
51.6141054227328 -0.0930284611438121
51.6140848930202 -0.0930762439197548
51.6127588675249 -0.0929973668859624
51.6127261114316 -0.093825571935691
51.613244912477 -0.094661523119743
51.6131828806648 -0.0948220337937394
51.6126334597772 -0.0952232634105706
51.6126240624385 -0.0966003175434678
51.6122243943616 -0.0965295072102962
51.6113054941242 -0.0968703030481972
51.6104918270374 -0.0957064802908219
51.6104621058359 -0.0950271667601859
51.6099912267356 -0.0943409644700633
51.608587283193 -0.0953602373760481
51.6083037789167 -0.0951851520050513
51.6074421962568 -0.095008189479141
51.6072489756691 -0.0957266744002618
51.6071371957039 -0.0959904565034811
51.606547772578 -0.0964419904635748
51.606348700281 -0.0965893928441538
51.6062093036045 -0.0994599632673374
51.6066870909523 -0.10063597684682
51.6067604716791 -0.10060409869898
51.6085399569648 -0.101784428296473
51.6088430773493 -0.102934464913346
51.6088537295438 -0.103087393721897
51.6084258251312 -0.103561057667609
51.6081515912067 -0.104354222624646
51.608729525011 -0.105043187285367
51.6091297315202 -0.105988799626541
51.6091264651143 -0.105992507945141
51.6083129117852 -0.106339658691512
51.6080076337106 -0.106624926715273
51.6085502751889 -0.108259550774516
51.6085922576825 -0.108850930816112
51.6083900306137 -0.108954119946468
51.6082707623543 -0.109095299750352
51.6081536248653 -0.109229245691619
51.6083130755671 -0.110634395276507
51.6082192727828 -0.111134719729175
51.6082597240242 -0.11138036292279
51.6083269147148 -0.111421751962015
51.6086777183719 -0.113318152598368
51.6088656633384 -0.113416816528675
51.6089794798038 -0.113288494600417
51.6092358138506 -0.113117229224483
51.6097864581532 -0.113073557957086
51.6100054162983 -0.11313854716418
51.6103039464685 -0.113388863446876
51.6104771599966 -0.113141492870826
51.6106739860201 -0.112953754363984
51.6111690505393 -0.112768887749742
51.6114791096587 -0.112763292326097
51.611706629505 -0.112974997912319
51.6119053111579 -0.112785271123725
51.6126800842255 -0.112597012026027
51.6128808022152 -0.113439932171203
51.6128494729575 -0.114270802390437
51.6127276118769 -0.114267754755983
51.6122636692636 -0.114711289198289
51.6120187256021 -0.114746684256458
51.6119446202745 -0.114784051421433
51.6115940790148 -0.115118199559406
51.6115066769999 -0.115240071504483
51.6114201398947 -0.115477419447219
51.611252058472 -0.115389589345103
51.6111192283201 -0.115263264677939
51.6105584099352 -0.115014865674385
51.6104087121415 -0.11537212104326
51.6097544897969 -0.115515676470046
51.6097307775077 -0.115589773812545
51.6103237475109 -0.116726981999038
51.6103231139166 -0.116872407277048
51.6097968892091 -0.117474582262996
51.6097755184625 -0.117986321678925
51.6102832691733 -0.118682075533337
51.610311791029 -0.119671062181525
51.6105812341403 -0.120250339767279
51.6104431233735 -0.120484444616612
51.6100922716854 -0.121513508359273
51.610679131956 -0.122334174584451
51.6111544589905 -0.121633995492763
51.6111753734687 -0.121485944204728
51.6121005799039 -0.12124280033242
51.6122404824312 -0.121777797412794
51.6129877780035 -0.121343477028531
51.6130758900966 -0.120939818764764
51.6131246517985 -0.120897195604972
51.6140946995595 -0.121517973158848
51.6142893624809 -0.121868403908213
51.614493220173 -0.122012546714913
51.614518623767 -0.123601149387363
51.6146605057897 -0.123748809134125
51.6158209678385 -0.124044902316707
51.615959061227 -0.123753019139854
51.6164914105592 -0.123053992681513
51.6166645602 -0.122998137914424
51.6167970640808 -0.122784129105049
51.6179689967462 -0.122611190148918
51.6184674308404 -0.122225807432536
51.6187714440054 -0.120264002377157
51.618878647058 -0.120036609395626
51.6189983132682 -0.120132783880685
51.6194109230487 -0.120558091540807
51.6197256725514 -0.120980302663566
51.620420214155 -0.122165088613646
51.6211473266603 -0.121980704922259
51.6213020114773 -0.121321473137527
51.6211483849636 -0.12049083043763
51.6212520396807 -0.119901476605928
51.6213949610926 -0.119631023978426
51.6211219181149 -0.119320951809081
51.6210122068103 -0.118544484118981
51.6207873426917 -0.118312707589563
51.6208434186634 -0.117773085027884
51.620408299423 -0.117340621669782
51.6200937695485 -0.117336487681061
51.6204555522167 -0.116066468229773
51.6206228951892 -0.115777844940511
51.6208672265861 -0.116012375192346
51.6218648338112 -0.115010415771099
51.6219786743945 -0.114810710916964
51.6219704780441 -0.114736962651703
51.623345683896 -0.113821254057509
51.6234050615138 -0.113057638750546
51.6235164947172 -0.113015970538711
51.6245150904798 -0.113922728918805
51.6245868305977 -0.114107486036507
51.6244127820744 -0.114991537064009
51.624668743035 -0.115541624362003
51.624786514786 -0.115631564058059
51.6250862987161 -0.115741956782824
51.625319266415 -0.116002233685501
51.6256137182923 -0.116878567187099
51.6257797367055 -0.117039655722119
51.6264007732512 -0.116581403523982
51.6268006177819 -0.116641680206282
51.6272491122664 -0.11628264376497
51.6277573562761 -0.117457156286446
51.6281675346648 -0.117646149874841
51.628358639312 -0.118059956862827
51.6287973598187 -0.11834153272717
51.6304353146145 -0.117461970885261
51.6306017118532 -0.115758121937668
51.6299135301727 -0.115242079638109
51.6287687600122 -0.115191124729872
51.6278124533037 -0.113496973882426
51.6276241789746 -0.113338601432569
51.6274797751992 -0.113006867286861
51.6274546580294 -0.112965500311633
51.6274599745889 -0.11208838652282
51.6273298357483 -0.111878050806844
51.6268100836692 -0.109852462468367
51.6262207387264 -0.109831808441687
51.6262250744967 -0.108521386385933
51.6267832973719 -0.107012677983132
51.6266656832717 -0.106509267548577
51.6266522393333 -0.106472779449913
51.6255977517948 -0.106128344632057
51.6256704114826 -0.10482057205275
51.6256512711364 -0.104698554566022
51.6261953707135 -0.103737661180535
51.6262529204514 -0.10371632091264
51.6265084056588 -0.103393204391342
51.6265041572319 -0.102557246319529
51.6269289083675 -0.102261366194748
51.6272140680664 -0.102283775045636
51.6276374249831 -0.101885019550425
51.6278528950992 -0.101533771044499
51.6275377094214 -0.101061127740492
51.6266598036922 -0.100480121921173
51.6266087743819 -0.100376589547352
51.6266098844824 -0.100372969432153
51.6272809035527 -0.0994076518930073
51.6274518335483 -0.0989877328802585
51.6269615938307 -0.098586520164999
51.6266472085553 -0.0979920078665883
51.6264722497012 -0.098002064937591
51.6258346327217 -0.0983980118802622
51.6255938748041 -0.097970066008752
51.624686328334 -0.0981850321330339
51.6245692268511 -0.09849249244022
51.6238613854416 -0.0986267900849119
51.6236539031363 -0.0982273683497338
51.6234654034714 -0.0970523023467918
51.6243222910424 -0.0959419977049518
51.6244601599191 -0.0959786323756707
51.6246421317374 -0.0958744081814465
51.6256274868472 -0.0959784831798569
51.6256598665784 -0.0959185193406819
51.6252312720548 -0.0930686164576022
51.6254332891047 -0.0927043289248935
51.6255528770955 -0.0923959094140675
51.6247832120357 -0.0918178196701128
51.6244617498646 -0.0912822854938539
51.6244185934034 -0.091027632841474
51.6244609233181 -0.0900651582210838
51.624628600097 -0.0895081404672366
51.6251449900313 -0.0884210283683127
51.626389549394 -0.0877645169618373
51.626701342232 -0.0860393376030683
51.6266660962837 -0.0853608540177728
51.6255596592017 -0.0846408818725569
51.6246760414705 -0.0822065910957578
51.6240528830157 -0.0819105328405927
51.6231251593985 -0.0835911941975274
51.6230852832913 -0.0835495161579164
51.6224951604358 -0.0838010552399725
51.6215367056881 -0.0834016716362483
51.6214586955834 -0.0835792189929507
51.6214188405635 -0.0840730670037848
51.6202479889994 -0.0846396708604109
51.6202737164388 -0.0848390471891765
51.6202205815151 -0.0864926026124819
51.6190607859377 -0.087203257116889
51.6190277743677 -0.0871910672124845
51.61884122674 -0.0870029840102538
51.6182431383815 -0.0871743934790315
51.6181284610121 -0.0871322888940831
51.6172684964365 -0.0864154943994069
51.6169463748746 -0.086568985979246
51.6163214957177 -0.0866024134194445
51.6158280969372 -0.0879630036474996
51.6157817640549 -0.0880325978003967
51.6155094660236 -0.0891978429223306
51.6154718020311 -0.0892643320300587
51.6154635449953 -0.0893369699830274
