215 4
51.6219786743945 -0.114810710916964
51.6218648338112 -0.115010415771099
51.6208672265861 -0.116012375192346
51.6206228951892 -0.115777844940511
51.6204555522167 -0.116066468229773
51.6200937695485 -0.117336487681061
51.620408299423 -0.117340621669782
51.6208434186634 -0.117773085027884
51.6207873426917 -0.118312707589563
51.6210122068103 -0.118544484118981
51.6211219181149 -0.119320951809081
51.6213949610926 -0.119631023978426
51.6212520396807 -0.119901476605928
51.6211483849636 -0.12049083043763
51.6213020114773 -0.121321473137527
51.6211473266603 -0.121980704922259
51.620420214155 -0.122165088613646
51.6197256725514 -0.120980302663566
51.6194109230487 -0.120558091540807
51.6189983132682 -0.120132783880685
51.618878647058 -0.120036609395626
51.6187714440054 -0.120264002377157
51.6184674308404 -0.122225807432536
51.6179689967462 -0.122611190148918
51.6167970640808 -0.122784129105049
51.6166645602 -0.122998137914424
51.6164914105592 -0.123053992681513
51.615959061227 -0.123753019139854
51.6158209678385 -0.124044902316707
51.6146605057897 -0.123748809134125
51.614888689285 -0.126153430084901
51.6149642626275 -0.126309188891693
51.614964021605 -0.126310985226798
51.6150830786449 -0.127467965747031
51.6154053464993 -0.128239181427943
51.6157596424062 -0.128132544217206
51.6160641628078 -0.127779636486488
51.61659655848 -0.126648208349065
51.6171881289732 -0.126701501834392
51.6178878541928 -0.127769614522049
51.6179420003227 -0.12961548750198
51.6179534596751 -0.129629427673904
51.6186865009215 -0.131368931004347
51.6187742712004 -0.131478117065271
51.6192928901964 -0.133862978090945
51.6196159279615 -0.134034816957198
51.6202201183692 -0.135210756859746
51.6210790268895 -0.135557531070596
51.6215888752569 -0.135163696187374
51.6225006293346 -0.135730340759422
51.6230179292793 -0.135703778222664
51.6231741021864 -0.13688293173627
51.6235652530315 -0.137313833816375
51.6238835384789 -0.138813229359705
51.6236206956923 -0.139954518887776
51.6237943870039 -0.141311661264781
51.6239310136036 -0.141628528276484
51.6241211445873 -0.14249746607687
51.6241970991267 -0.143696144450699
51.6263668910502 -0.143515500226107
51.6270936137531 -0.1433215604986
51.6272421987197 -0.143269392680229
51.6273102105126 -0.143340712349569
51.6280101532788 -0.143846662944184
51.6289435075712 -0.144218613132852
51.6290703971511 -0.144261206305346
51.6293312719381 -0.144732804045623
51.6297883246844 -0.145120517989495
51.6298713944444 -0.14530857584739
51.6298750699509 -0.145677856529166
51.6299224716504 -0.147872137361729
51.630177310158 -0.148400836789995
51.630212960586 -0.14880312881604
51.6307170139326 -0.149481573033574
51.6316342936851 -0.149028811241916
51.6312696489959 -0.148314897616461
51.6316704475103 -0.147388247275556
51.6312448609696 -0.146311081517693
51.6309842791414 -0.146136567551725
51.6306985375552 -0.145797722164956
51.6317720844147 -0.145028754133522
51.6320255861761 -0.145164714377946
51.6325483641552 -0.144460717949269
51.6327878316161 -0.144470841985883
51.6329059731523 -0.144079409209466
51.6328894085183 -0.143452452351246
51.6332820092761 -0.142601000167437
51.6336221542043 -0.14290044991514
51.6339301666351 -0.143549949019716
51.6339738094891 -0.143956352684667
51.6343075997097 -0.144621849526717
51.6344210934141 -0.144527859601985
51.6357953533759 -0.145346917922395
51.6358524120611 -0.145407858074611
51.6358918182633 -0.145409825045252
51.636011482018 -0.14554136902397
51.6360642444203 -0.145768578582252
51.6361090241421 -0.146765697972929
51.6362513424806 -0.146948629300836
51.6382964904279 -0.147323296561076
51.6387151958003 -0.147776778974048
51.6389679659751 -0.150358729880771
51.638991798752 -0.150490619729784
51.6396889405352 -0.150335709504158
51.6420049259871 -0.147390694257416
51.6422665505746 -0.147568788547735
51.6433780341891 -0.147465692634487
51.6438877759575 -0.146675319756114
51.6447264443144 -0.146733240641875
51.6449915406752 -0.14624276212223
51.6459135068811 -0.146668507806499
51.6461617950848 -0.145529195384765
51.6453291626516 -0.145050963529429
51.6464537999875 -0.143493667685441
51.6456169420529 -0.142970475770395
51.6455494184018 -0.141810574400984
51.6464705759679 -0.141332077673491
51.6463712665839 -0.139948572246969
51.6463740082079 -0.139945718986939
51.6465969156039 -0.137691664397053
51.6468002107865 -0.137699660929945
51.647333322502 -0.137440172280866
51.6473875833346 -0.137335812179171
51.6467749565406 -0.13576823769642
51.647235717067 -0.135294909299318
51.6472663701298 -0.135311766671575
51.6495418008695 -0.134657394277541
51.6499210137254 -0.134636345068942
51.6520055900639 -0.136421945402332
51.6527674392673 -0.136810853044085
51.6538772354435 -0.132533174068051
51.6544362870823 -0.131130485555199
51.6510080968741 -0.127916811280425
51.6501992898635 -0.1267105957338
51.6499175154996 -0.126668935976961
51.6491069430007 -0.127533418129831
51.6487386719218 -0.127090574564788
51.6488189178737 -0.125888408321975
51.648749769543 -0.125487469648307
51.6481797578048 -0.125005058853387
51.6479414875663 -0.125334650931886
51.6471909529154 -0.125887851659279
51.6471741798099 -0.1258676871473
51.6468918214813 -0.125344581200795
51.6468555924579 -0.123993648404137
51.646816093151 -0.123822709935322
51.645952516252 -0.12391711443827
51.6456793485251 -0.123654647056842
51.6456284552517 -0.12333330895561
51.6452306831233 -0.122974933842898
51.6447978707042 -0.122038835318555
51.645931076037 -0.121305440900594
51.6459370639221 -0.12128076244969
51.6455358369922 -0.119943172192618
51.6455067091733 -0.119718542175947
51.6459486349597 -0.118808588802685
51.6450451880419 -0.117839688154985
51.644722457504 -0.117828623068848
51.6445718031703 -0.117908033515563
51.6443233519427 -0.11768534265933
51.6443529953244 -0.116131195800381
51.6441982379301 -0.11593799943388
51.643422633136 -0.116057739530996
51.6432952366758 -0.117306899559514
51.6415495196196 -0.119192165173202
51.6410300098141 -0.117515477867499
51.6409357731244 -0.117429889824172
51.6397206725311 -0.117090920431483
51.639526581568 -0.116709669224939
51.6394772044877 -0.11618146021301
51.6398865479883 -0.114100654491482
51.6396424795455 -0.11380990425473
51.6396142301713 -0.113802973635513
51.6394012159337 -0.113912024447267
51.6393131794001 -0.113994321448151
51.6389762152665 -0.114597176022799
51.6389749408091 -0.114685762584426
51.6384198459511 -0.115465660433475
51.638062186827 -0.114919626251787
51.6374681108454 -0.115320903434329
51.6377175173613 -0.116527242568812
51.6371081957493 -0.117166597185322
51.6370130731736 -0.1175471758911
51.6360558566705 -0.118080923352156
51.6360235668341 -0.118068676956449
51.6357646242425 -0.117836451751411
51.6356230976518 -0.117789885634994
51.6352700275476 -0.11711452062939
51.6351580454216 -0.116981900945518
51.6332241037119 -0.113220976987287
51.6330945993133 -0.11322897216754
51.6329311459434 -0.113138297413089
51.6306017118532 -0.115758121937668
51.6304353146145 -0.117461970885261
51.6287973598187 -0.11834153272717
51.628358639312 -0.118059956862827
51.6281675346648 -0.117646149874841
51.6277573562761 -0.117457156286446
51.6272491122664 -0.11628264376497
51.6268006177819 -0.116641680206282
51.6264007732512 -0.116581403523982
51.6257797367055 -0.117039655722119
51.6256137182923 -0.116878567187099
51.625319266415 -0.116002233685501
51.6250862987161 -0.115741956782824
51.624786514786 -0.115631564058059
51.624668743035 -0.115541624362003
51.6244127820744 -0.114991537064009
51.6245868305977 -0.114107486036507
51.6245150904798 -0.113922728918805
51.6235164947172 -0.113015970538711
51.6234050615138 -0.113057638750546
51.623345683896 -0.113821254057509
51.6219704780441 -0.114736962651703
51.6219786743945 -0.114810710916964
11 4
51.658292458642 -0.133217357880694
51.6596980631151 -0.133809294204825
51.6643005688304 -0.13586599124096
51.664835630464 -0.126070823444677
51.664740308382 -0.125984384363613
51.6596926233981 -0.121351704581588
51.6594520964648 -0.121517102912077
51.6575746284745 -0.124601942360307
51.6558908436064 -0.128450250137854
51.6557485943164 -0.128995494088466
51.658292458642 -0.133217357880694
