51.5769170829648 -0.0541289858569208
51.5769159684424 -0.0608013482723259
51.5771748882204 -0.061650788086157
51.5769275180825 -0.0626599225254798
51.5767780690023 -0.0627285120998754
51.5766591011153 -0.0633856619718234
51.5769615210113 -0.0639249457982039
51.5769527926176 -0.0646820089282097
51.5768986936464 -0.0648304332930445
51.5768744485861 -0.0648757293718082
51.5768749016299 -0.0650831188622062
51.5766867049437 -0.065604336087367
51.5766263461926 -0.0661039392792256
51.5767021734299 -0.0665211291299299
51.5760430152913 -0.0669676011675668
51.576028012714 -0.0671756425166607
51.5762267633746 -0.0675785713725851
51.5762885326395 -0.0676391370689166
51.5765081218423 -0.0683468827563519
51.576378007668 -0.0687547177726655
51.5755478993027 -0.068898068212639
51.5756495029585 -0.0695766567429125
51.5761129715786 -0.0700927265373088
51.576002806637 -0.0706043027895127
51.5756160376603 -0.0711060494312375
51.575565125065 -0.0712191051917983
51.575919901669 -0.0717353881321834
51.5758167352896 -0.0724162261281069
51.5755981117441 -0.0726960629729849
51.5756160810174 -0.0727665789576242
51.5754867242757 -0.0739662493962937
51.5749278112036 -0.0740368773199618
51.5749262077344 -0.0740432515715514
51.57475009195 -0.0742238259350606
51.5744925724284 -0.0748345333172357
51.5745925839671 -0.0759992567028127
51.5749027888416 -0.0761340618757831
51.5749977038542 -0.0761219627416879
51.5751846060266 -0.0765443408937892
51.5750444976139 -0.0775784507769944
51.5750217747664 -0.077623673893214
51.5752576724428 -0.078441658862123
51.5754112314673 -0.0785137167014143
51.5752627374952 -0.0800857793497336
51.5751927805293 -0.0801672610550355
51.5751898823936 -0.080435231037939
51.5757214941247 -0.0812291184242997
51.5758066358436 -0.0815484775715512
51.5755789236398 -0.0818620894451073
51.5754460919461 -0.0820569967548231
51.5753727670315 -0.0824660809045798
51.5754314510872 -0.0826629213549888
51.57507605933 -0.0834156166204085
51.5753017802016 -0.0839816802699998
51.5753113540677 -0.0843753754088566
51.5748459557589 -0.0846953914942177
51.5747874067163 -0.0848150573557978
51.5752971969688 -0.0860862255984647
51.5752330200482 -0.0864397058496661
51.575258601129 -0.0865640476549934
51.5752456413451 -0.087031868217801
51.5759471754586 -0.0878845041264433
51.5765491882867 -0.0868670657116009
51.5766348200067 -0.0869527155887473
51.5768278737592 -0.0877825704581765
51.5769574211515 -0.0878710202097709
51.5774782622653 -0.0877751442092951
51.5774963065631 -0.0877239323069171
51.5776686732044 -0.0877202672008844
51.5780771748968 -0.0868984554725421
51.5780675844291 -0.0868285303738008
51.5780654828298 -0.0866996247718587
51.5786961092578 -0.0864395430509254
51.5789063905413 -0.0865723205298915
51.5792732585108 -0.0865992756766921
51.5800120296241 -0.0886944736989962
51.5801335095351 -0.0888616936897862
51.580138982752 -0.0888831226908494
51.5801647693619 -0.0895558385323355
51.5795138190736 -0.0907053242270972
51.579490411409 -0.0907640211040164
51.579478253405 -0.0908953134696225
51.579924620092 -0.0924056741106721
51.5806270612164 -0.0927965830281114
51.5810425322108 -0.0926501858418848
51.5809393442592 -0.0937190100816845
51.5811230385414 -0.0940197861402776
51.5811518123069 -0.0942748020682105
51.580945353409 -0.0945152619998276
51.5810842502704 -0.0957228348486864
51.5811331708025 -0.095751493293849
51.5811540556632 -0.0957532383649176
51.5813180143532 -0.0960513976525164
51.5811836711534 -0.0972964604876153
51.5811887599284 -0.0972998181122413
51.5813758470735 -0.0972947406788187
51.5814969528896 -0.0974285630495036
51.5816385805874 -0.0980298223346444
51.5818514299734 -0.0981499393265097
51.5819412226788 -0.0988091837174212
51.5821150946445 -0.0988984425308884
51.5823346332372 -0.0994649263384066
51.5828599319281 -0.0993329240333295
51.5828746110451 -0.0993567086439961
51.583552044765 -0.0993040434137605
51.5837874874438 -0.0997480142915399
51.5840732336091 -0.0996232681450112
51.5840390331083 -0.0983499420361768
51.5841142675935 -0.0982882462160487
51.5842386446471 -0.098363268605118
51.5846389770094 -0.0989411532936625
51.5846739420904 -0.0991128608796107
51.5846641182139 -0.0992278824003528
51.5852524590007 -0.099802339738544
51.585410110789 -0.0995061939583884
51.5855500815537 -0.0986902018936583
51.5856885660627 -0.0987592829372773
51.5861311646871 -0.0992604433702267
51.5867720652881 -0.0988393803875632
51.5868091359816 -0.0989579247837136
51.5867819080726 -0.0993749193567935
51.5868517426258 -0.0999846050126367
51.5870126178489 -0.100287348559641
51.5872045786846 -0.10022792394931
51.5873923707193 -0.10039969480493
51.5879309270251 -0.100609088861823
51.5879438835788 -0.100631996139543
51.5879739255542 -0.101772061487629
51.5880406597547 -0.101840575202802
51.5882276792633 -0.102298284430402
51.5883111030192 -0.102375982888949
51.5887102854523 -0.102800577227446
51.5887604794176 -0.102891445246451
51.5892825258263 -0.1031809533657
51.589282795341 -0.103180942139761
51.5898300317364 -0.103254680190946
51.5899632705931 -0.103366493024105
51.5901336274089 -0.103472118499372
51.5901557334627 -0.103493813422436
51.5906294095334 -0.103465991951223
51.5907300703987 -0.103230760662301
51.5904817395316 -0.102294575984218
51.5904893348259 -0.102286165402065
51.5905686143601 -0.102152047016382
51.5910527448167 -0.102287087034234
51.5912986483003 -0.101894268914599
51.5912966393092 -0.10169223566743
51.5911185820506 -0.101483020410929
51.5911047764214 -0.10131314233661
51.591596119081 -0.0998994904988353
51.5916023634488 -0.0998964921697591
51.5917321110976 -0.0990041589667948
51.5909856834918 -0.0985769293188999
51.5911604550158 -0.0976565363582056
51.5906064895378 -0.0972455740467132
51.5900598516897 -0.0975861038583464
51.5897874159983 -0.0975613005298119
51.5897569331866 -0.0968344770966306
51.5900612807087 -0.0957562077474522
51.5893368697779 -0.0954400110145055
51.5889354847085 -0.0943442588182436
51.5888593749129 -0.0943131641865624
51.5889162419724 -0.0915887720884958
51.5888828169108 -0.0912139308929777
51.5890149628751 -0.0902465381156115
51.5889632235317 -0.0902270450530973
51.5874118854308 -0.0888106280449764
51.5871995762922 -0.088001262218062
51.5873150071243 -0.0875047354057453
51.5875666622367 -0.0870375956427601
51.587630796637 -0.0868192319637292
51.5879064927987 -0.0864648615836895
51.5879340265462 -0.0851545614489124
51.5880658902853 -0.0849000183843531
51.5882609206524 -0.0848583709024741
51.5882869698607 -0.0848735818335413
51.5889226791468 -0.0839283205600757
51.5888711622388 -0.0833169074195125
51.5889582236017 -0.0832312338373752
51.5890661934075 -0.0830551716470177
51.5891933536261 -0.0818913272734094
51.5891540604775 -0.0815663719551371
51.5895810027852 -0.0811161943411356
51.5896056156927 -0.08106552240967
51.5896869281078 -0.0802491312749241
51.5897615079594 -0.0801260062614935
51.5896520232415 -0.0792861153931886
51.5893998298718 -0.0789494293084082
51.5894016379165 -0.0783899224117478
51.5898187033236 -0.0782541273975882
51.5897618560039 -0.0774508208223726
51.589420204913 -0.0771304193607282
51.5895942100653 -0.0766177966827758
51.5899800009346 -0.0761810903200182
51.5899656558395 -0.0759750614760846
51.5898876332377 -0.0756192472131993
51.5897938692926 -0.0754274070972803
51.5897882005931 -0.0751858990666385
51.5896586294741 -0.07451017557464
51.5896743184677 -0.0744472602509408
51.5898286420509 -0.0742918294650714
51.5907526124344 -0.0742527553577085
51.5907461455962 -0.0738586778739526
51.5906581492997 -0.0732461757161111
51.5909366641514 -0.0727921874732589
51.5912794858467 -0.0725863924236541
51.5911512737607 -0.071507314484121
51.5907994181022 -0.0717540894039978
51.5907703179241 -0.0720567093703592
51.5903129655206 -0.0720435775901922
51.590284010007 -0.0719555308639104
51.5895963366088 -0.0720080951532983
51.589471459539 -0.0717778256120413
51.5891943164774 -0.0716857687097627
51.5889050376402 -0.0713038018613917
51.5888440948549 -0.071151172441817
51.5888656962042 -0.0710050451563675
51.5890823586714 -0.0704093020257706
51.5889551349741 -0.0693970139526125
51.5882887594268 -0.0696949747583857
51.5881302820644 -0.0690674099220539
51.5885646827464 -0.0680791689773123
51.5886384289766 -0.0680372379812111
51.5888131984518 -0.0671148673804433
51.5887742549659 -0.0666771940969023
51.5886443750971 -0.0665040499620284
51.5883778549928 -0.0663204022184266
51.5882736915828 -0.0648659350718299
51.5881566709873 -0.0646877285130604
51.5881079233059 -0.0645282837028753
51.588225505078 -0.0641245528744469
51.5882064036745 -0.0629668954428453
51.5881387931401 -0.0629120442297147
51.5877520527953 -0.0603813861197913
51.5865155035436 -0.0613507459449607
51.5863360038204 -0.0612654321168585
51.5860303767772 -0.0608265261844536
51.5858946922125 -0.0604876246343348
51.5851042565366 -0.0597182783716412
51.5847149800449 -0.0599676568467677
51.5839562310731 -0.0608489009611708
51.5837236454583 -0.0608588031581958
51.5831003382376 -0.0615041997198592
51.5817512622528 -0.0594506475442728
51.5797277401148 -0.0581530839877637
51.578831991937 -0.05458210000136
51.5769170829648 -0.0541289858569208
