51.5622797212756 -0.089380389129223
51.5638378900021 -0.0900120668714522
51.5642347963569 -0.0907799881939323
51.5638546271814 -0.0915877155111572
51.5638998519404 -0.09199159774507
51.5640134426341 -0.0921825340270734
51.5643287942552 -0.0922811588425539
51.5646809310574 -0.0917118148409913
51.5655308442885 -0.091883586606029
51.5656022791294 -0.0917155910004692
51.5660606607524 -0.0914880883975278
51.5673312966747 -0.0906150576356033
51.5673455129527 -0.0905992338830161
51.5676582268119 -0.0906627495147532
51.5680814912489 -0.0905755370731585
51.5680829151128 -0.0905746446136324
51.568336766485 -0.0902527766084172
51.5691005221768 -0.0899141733192259
51.5692151221028 -0.0898300137861818
51.5701801366281 -0.0895893245738762
51.570190051351 -0.0895798666429515
51.5711009478547 -0.08712103449575
51.5711075767344 -0.0862594611479272
51.5713034141396 -0.085484646034735
51.5713086015095 -0.085411374133645
51.5716051820456 -0.085152621942535
51.5722556369348 -0.0848131959814486
51.5725954340634 -0.0847953445242942
51.5734874902657 -0.0833904609944472
51.573771614716 -0.0845493401974739
51.5738591264017 -0.0845627954681103
51.5739958005655 -0.0844983890949068
51.5745770985151 -0.0849231342062702
51.5743214111802 -0.0861235256530378
51.5752330200482 -0.0864397058496661
51.5752971969688 -0.0860862255984647
51.5747874067163 -0.0848150573557978
51.5748459557589 -0.0846953914942177
51.5753113540677 -0.0843753754088566
51.5753017802016 -0.0839816802699998
51.57507605933 -0.0834156166204085
51.5754314510872 -0.0826629213549888
51.5753727670315 -0.0824660809045798
51.5754460919461 -0.0820569967548231
51.5755789236398 -0.0818620894451073
51.5758066358436 -0.0815484775715512
51.5757214941247 -0.0812291184242997
51.5751898823936 -0.080435231037939
51.5751927805293 -0.0801672610550355
51.5752627374952 -0.0800857793497336
51.5754112314673 -0.0785137167014143
51.5752576724428 -0.078441658862123
51.5750217747664 -0.077623673893214
51.5750444976139 -0.0775784507769944
51.5751846060266 -0.0765443408937892
51.5749977038542 -0.0761219627416879
51.5749027888416 -0.0761340618757831
51.5745925839671 -0.0759992567028127
51.5744925724284 -0.0748345333172357
51.57475009195 -0.0742238259350606
51.5749262077344 -0.0740432515715514
51.5749278112036 -0.0740368773199618
51.5754867242757 -0.0739662493962937
51.5756160810174 -0.0727665789576242
51.5755981117441 -0.0726960629729849
51.5758167352896 -0.0724162261281069
51.575919901669 -0.0717353881321834
51.575565125065 -0.0712191051917983
51.5756160376603 -0.0711060494312375
51.576002806637 -0.0706043027895127
51.5761129715786 -0.0700927265373088
51.5756495029585 -0.0695766567429125
51.5755478993027 -0.068898068212639
51.576378007668 -0.0687547177726655
51.5765081218423 -0.0683468827563519
51.5762885326395 -0.0676391370689166
51.5762267633746 -0.0675785713725851
51.576028012714 -0.0671756425166607
51.5760430152913 -0.0669676011675668
51.5767021734299 -0.0665211291299299
51.5766263461926 -0.0661039392792256
51.5766867049437 -0.065604336087367
51.5768749016299 -0.0650831188622062
51.5768744485861 -0.0648757293718082
51.5768986936464 -0.0648304332930445
51.5769527926176 -0.0646820089282097
51.5769615210113 -0.0639249457982039
51.5766591011153 -0.0633856619718234
51.5767780690023 -0.0627285120998754
51.5769275180825 -0.0626599225254798
51.5771748882204 -0.061650788086157
51.5769159684424 -0.0608013482723259
51.5769170829648 -0.0541289858569208
51.5767068260999 -0.0540270628694634
51.5761078207655 -0.0559630872534055
51.573671760519 -0.0609042047691845
51.5738008695266 -0.061405595992814
51.5737235516833 -0.0624831008887106
51.5732391160202 -0.0634435690602642
51.5732155001932 -0.0636141274096235
51.5725514471745 -0.0641446978168692
51.5724857691502 -0.0643432164812754
51.5729242469334 -0.0655503723251264
51.5721629118221 -0.0666099923223982
51.5715348932619 -0.0656292241936302
51.5713790026934 -0.0652363040031705
51.5705776175133 -0.0660639178198666
51.5701595747896 -0.0657687478662755
51.5700422573769 -0.0654634344082163
51.5699591870628 -0.0645091945614283
51.5703112262454 -0.0639856108407142
51.5701195177764 -0.0631549632445666
51.5699861684386 -0.0629081611490017
51.5698716422764 -0.0629085082952173
51.5695154042779 -0.0626927185355479
51.5687356175278 -0.0633463176718951
51.5685854044009 -0.0629982787542131
51.568853707149 -0.0620480482441399
51.56828733068 -0.061481432854066
51.5681698665636 -0.0615161725292259
51.567980788028 -0.0617108822862797
51.5676606170023 -0.0616813128977421
51.5674021117678 -0.0620051999849676
51.5670058372691 -0.0616298084465171
51.5668422823077 -0.0607195128805007
51.5666379622198 -0.0606011484829075
51.5664326389536 -0.0602807011012771
51.5664235379353 -0.0602413531236506
51.5660355105106 -0.0600062526220587
51.5658813876288 -0.06013463476296
51.5657474105362 -0.0610141443004615
51.5659972100839 -0.0612244384789583
51.5660190449719 -0.061501297473584
51.565487683149 -0.0614707198896923
51.5653545465203 -0.0620696620308944
51.5652692989284 -0.0621553725363045
51.5655665887112 -0.0633746227382582
51.5655453104937 -0.063392657930292
51.5646472645781 -0.0633902490021778
51.5644570674367 -0.0639041602787201
51.5645231760159 -0.0641295231646367
51.5644780833478 -0.0644641775507704
51.5638283360163 -0.0657208756706233
51.5635699942582 -0.0652809785649344
51.5633143828576 -0.0650230979637648
51.5627152994904 -0.0658141448183344
51.5622902546551 -0.0653506420715363
51.5620469086594 -0.0654277048604019
51.5620250682641 -0.0653898519756252
51.5613059145282 -0.0650380532293425
51.5612051955778 -0.0642839947145147
51.5613203043501 -0.0640356065308652
51.5611789289362 -0.0631444575977136
51.5611145119238 -0.0630434666479978
51.5603623157271 -0.0631683295661724
51.5599532626445 -0.0627429731373999
51.5599369639782 -0.0626814543748617
51.5598248675564 -0.0624968485993405
51.5597972604036 -0.0624745886614866
51.5596442750808 -0.0624161439643275
51.5590083830055 -0.0638083440804067
51.5586778482599 -0.0635212065836187
51.558245024657 -0.0641067289844687
51.55828157778 -0.0645622889539285
51.5581159883977 -0.064862402413117
51.5580088046875 -0.0655097360587013
51.5575959088864 -0.0656959199662449
51.5576024589577 -0.0660932748581019
51.5580062388202 -0.0665594240081364
51.5577209265482 -0.0676471452368635
51.5575743563035 -0.0676669173406108
51.5573417809597 -0.0673936877176064
51.5567381067498 -0.0677212724926809
51.5562368695544 -0.0669707055378708
51.5562205344565 -0.0668741041480474
51.5560785496074 -0.0667574962038118
51.5552381897298 -0.0668624698173495
51.5552427118727 -0.0669732479124252
51.5548992154948 -0.0682292836611458
51.5547883240088 -0.0682483733598196
51.5543462322116 -0.0679119595176916
51.5542430219259 -0.0679334597702541
51.5540593720374 -0.0684803767910966
51.5540689909861 -0.0686278063104281
51.5540043727726 -0.0689785485736691
51.5542844961059 -0.0697158641580466
51.5542902452716 -0.0698959280342272
51.5540951821347 -0.0701484790296771
51.5540735920127 -0.070153079832209
51.5537300161303 -0.0707337507013682
51.5539907775261 -0.071748654066806
51.5538652068424 -0.0718045117745452
51.5533470887459 -0.0718083437834149
51.5531136315454 -0.0719841276434957
51.5531427693075 -0.0728493236378858
51.5531850950645 -0.0730124952017265
51.5530975311256 -0.0734120048003072
51.5529392063091 -0.0738767037193283
51.5529031261639 -0.0739241357357095
51.552890310742 -0.0739211090869168
51.5527264717033 -0.0738856898422628
51.5524852787672 -0.0743078563497817
51.5522817366032 -0.0753811212467624
51.5519758507449 -0.0748576571329945
51.5519397796187 -0.0745824299325178
51.5518906556296 -0.0744266842378572
51.5518390977167 -0.0743855709831699
51.551680052216 -0.07440667763866
51.5513872927791 -0.0749023656719243
51.5513798571773 -0.0750792884174352
51.5512459346425 -0.0753166136555211
51.5511591605067 -0.0752166899005832
51.5510118362346 -0.0742537676503859
51.550667071403 -0.074193522072078
51.5504718946418 -0.0743684989757079
51.5503503077785 -0.0745521408491708
51.5503499364641 -0.0748965657279758
51.5503037674797 -0.0751400528511763
51.5503030780276 -0.0751418658381289
51.54997281109 -0.0754118512757318
51.5498295707731 -0.0758101092901897
51.5495470485422 -0.0760861595348728
51.5492686022879 -0.0756624104379534
51.5489470783857 -0.0761312114821615
51.5488214083655 -0.0759454055787141
51.5484360998009 -0.0760112513932393
51.5482176162178 -0.0758177096080123
51.5480504872429 -0.0758283285889106
51.5479229960715 -0.0754054784950286
51.5478368106892 -0.0751386931139286
51.5478274541027 -0.0751327852964511
51.5474517939116 -0.0755237083947196
51.5475952883269 -0.0763523431744991
51.5471880166767 -0.0761423886783468
51.5469832581352 -0.076692692930718
51.5470440437905 -0.0770390325437461
51.5473959241754 -0.0771440655209068
51.5475671624391 -0.0775542499129573
51.5481798602675 -0.0775671907348481
51.5482049308743 -0.0776049019127012
51.5481221773866 -0.0783538994074724
51.5484150451673 -0.0789013189410726
51.5484963750658 -0.0789709104316367
51.5486521904231 -0.0789336653332727
51.5488159755301 -0.0787023606910814
51.548947598171 -0.0786480574641265
51.5490790650333 -0.0780079484561217
51.549103014406 -0.0779717380486153
51.549446233165 -0.0777950612122818
51.5496838617767 -0.0783727677038887
51.5495237794739 -0.0787203482370737
51.5495673261156 -0.0796559892822232
51.5496021436294 -0.0796905570510882
51.54980755368 -0.0802227753311681
51.5501169147812 -0.0801908428760219
51.5503478031201 -0.0805660853868467
51.55031019562 -0.0811193642967252
51.5502405645699 -0.0812592963561289
51.5502568439456 -0.0817490600761894
51.5500930090995 -0.0821481664557628
51.5501714143249 -0.0824954607041389
51.5501101834258 -0.0830560317894276
51.550210696504 -0.0833755214146048
51.5506170474396 -0.0834088676295198
51.5506447390201 -0.0833870105882544
51.5507102152322 -0.0833833072679891
51.5511223921821 -0.0829423630764557
51.5515191499526 -0.0832249081125043
51.5514654974312 -0.0836662477371995
51.5511491787564 -0.0838336710310885
51.5508138376193 -0.0845428896027741
51.551251555464 -0.0852311738131825
51.5510734957261 -0.0856903372382248
51.5511274276006 -0.0859874142006554
51.5515238502124 -0.0865089275073672
51.5519206198484 -0.0861037346520043
51.5521327635408 -0.0867529909125156
51.5519414383617 -0.0871873816719272
51.5519793443045 -0.0874391122596618
51.5525831393676 -0.0880422211759206
51.5525900440822 -0.0880356282949971
51.5526785327194 -0.0879876753711958
51.5527453500992 -0.0879173203343908
51.5531524732006 -0.0881526240213518
51.5534074600025 -0.0890209709716491
51.5535558442689 -0.0891013361594895
51.5537080816494 -0.0888442425165064
51.5540454231579 -0.0889680679811446
51.5542285976441 -0.0893851102672052
51.5540901136894 -0.0900950104061054
51.5544157159524 -0.0903482646047264
51.5547154615047 -0.0896261325345722
51.5548348145105 -0.0896130441017002
51.5550662088007 -0.0900378290715157
51.5550829887479 -0.0903175818250686
51.5557793999741 -0.0906742535845107
51.5557801710384 -0.0907382108808409
51.5559261994275 -0.0912153495955542
51.5564952914786 -0.0910292877140255
51.5565980878724 -0.0910484151561388
51.5569211206223 -0.091237805985632
51.5570736003984 -0.0917579833846527
51.5576075044956 -0.0907130705153168
51.5579795297198 -0.0905984088110389
51.5581035913333 -0.0906481658367864
51.5589559922375 -0.089680150823244
51.5593911534415 -0.0896113624388428
51.5594074196074 -0.0895999753637465
51.5600071494954 -0.0902302616276384
51.5598723105354 -0.0912142777262629
51.5601579387798 -0.0924204969104606
51.5603242273823 -0.0924576695571727
51.5604142699964 -0.0922176634360477
51.5605098912764 -0.0904085637209295
51.561376205325 -0.0903947554828992
51.5622208364838 -0.0895956706146231
51.5622797212756 -0.089380389129223
51.5665004967061 -0.0614492930658527
51.5667090048107 -0.0617777005643794
51.5665653483374 -0.0623113156838148
51.5661121225572 -0.0621835413288388
51.5660509025654 -0.0620040057702788
51.5660761853921 -0.0617603567959993
51.5665004967061 -0.0614492930658527
51.5731328509152 -0.071763144691193
51.5730361272311 -0.071676095268717
51.5727634106934 -0.0717878214498025
51.5726567492083 -0.072255897198494
51.5721032546171 -0.0718409812492399
51.5722790292735 -0.0711092928926489
51.5722685702568 -0.0708996114410297
51.5723435933251 -0.0703939686711314
51.5722255052939 -0.0701230477271476
51.5720701378686 -0.0700998823230377
51.5717635058292 -0.0698602706809033
51.5714464467182 -0.0691945570341778
51.5717746567865 -0.0683744287666099
51.5718441997498 -0.06830651657915
51.5720914328546 -0.0676628097354037
51.572215053759 -0.0675159775263804
51.5722670181382 -0.0672432059540404
51.5724669074855 -0.0672130722951347
51.5732711878804 -0.0673683814842539
51.5732618871972 -0.0682121471147972
51.573042157145 -0.0687409521773576
51.5736510493879 -0.0696099245276218
51.5736204967137 -0.0697528130816117
51.5737407697066 -0.0706649885607318
51.573676027446 -0.0708390709649074
51.5736641977965 -0.0709397586887212
51.5737190979194 -0.0716436216721939
51.5733868380662 -0.0723827842697888
51.5731328509152 -0.071763144691193
