51.593291389642 -0.0499607408679635
51.5928289000273 -0.0498442506618308
51.5919771276662 -0.0500674972452429
51.5918224457013 -0.0500587658534719
51.5905756722606 -0.0494390335402558
51.5901426436527 -0.0489640831548248
51.5870847051297 -0.048260506455173
51.5847700414531 -0.0473781710560358
51.5832206491195 -0.0479092169392068
51.5825550195808 -0.0504068518075015
51.5823579819182 -0.0507707677041057
51.581310129761 -0.0523473477731564
51.578831991937 -0.05458210000136
51.5797277401148 -0.0581530839877637
51.5817512622528 -0.0594506475442728
51.5831003382376 -0.0615041997198592
51.5837236454583 -0.0608588031581958
51.5839562310731 -0.0608489009611708
51.5847149800449 -0.0599676568467677
51.5851042565366 -0.0597182783716412
51.5858946922125 -0.0604876246343348
51.5860303767772 -0.0608265261844536
51.5863360038204 -0.0612654321168585
51.5865155035436 -0.0613507459449607
51.5877520527953 -0.0603813861197913
51.5881387931401 -0.0629120442297147
51.5882064036745 -0.0629668954428453
51.588225505078 -0.0641245528744469
51.5881079233059 -0.0645282837028753
51.5881566709873 -0.0646877285130604
51.5882736915828 -0.0648659350718299
51.5883778549928 -0.0663204022184266
51.5886443750971 -0.0665040499620284
51.5887742549659 -0.0666771940969023
51.5888131984518 -0.0671148673804433
51.5886384289766 -0.0680372379812111
51.5885646827464 -0.0680791689773123
51.5881302820644 -0.0690674099220539
51.5882887594268 -0.0696949747583857
51.5889551349741 -0.0693970139526125
51.5890823586714 -0.0704093020257706
51.5888656962042 -0.0710050451563675
51.5888440948549 -0.071151172441817
51.5889050376402 -0.0713038018613917
51.5891943164774 -0.0716857687097627
51.589471459539 -0.0717778256120413
51.5895963366088 -0.0720080951532983
51.590284010007 -0.0719555308639104
51.5903129655206 -0.0720435775901922
51.5907703179241 -0.0720567093703592
51.5907994181022 -0.0717540894039978
51.5911512737607 -0.071507314484121
51.5912794858467 -0.0725863924236541
51.5909366641514 -0.0727921874732589
51.5906581492997 -0.0732461757161111
51.5907461455962 -0.0738586778739526
51.5907526124344 -0.0742527553577085
51.5898286420509 -0.0742918294650714
51.5896743184677 -0.0744472602509408
51.5896586294741 -0.07451017557464
51.5897882005931 -0.0751858990666385
51.5897938692926 -0.0754274070972803
51.5898876332377 -0.0756192472131993
51.5899656558395 -0.0759750614760846
51.5899800009346 -0.0761810903200182
51.5895942100653 -0.0766177966827758
51.589420204913 -0.0771304193607282
51.5897618560039 -0.0774508208223726
51.5898187033236 -0.0782541273975882
51.5894016379165 -0.0783899224117478
51.5893998298718 -0.0789494293084082
51.5896520232415 -0.0792861153931886
51.5897615079594 -0.0801260062614935
51.5896869281078 -0.0802491312749241
51.5896056156927 -0.08106552240967
51.5895810027852 -0.0811161943411356
51.5891540604775 -0.0815663719551371
51.5891933536261 -0.0818913272734094
51.5890661934075 -0.0830551716470177
51.5889582236017 -0.0832312338373752
51.5888711622388 -0.0833169074195125
51.5889226791468 -0.0839283205600757
51.5882869698607 -0.0848735818335413
51.5882609206524 -0.0848583709024741
51.5880658902853 -0.0849000183843531
51.5879340265462 -0.0851545614489124
51.5879064927987 -0.0864648615836895
51.587630796637 -0.0868192319637292
51.5875666622367 -0.0870375956427601
51.5873150071243 -0.0875047354057453
51.5871995762922 -0.088001262218062
51.5874118854308 -0.0888106280449764
51.5889632235317 -0.0902270450530973
51.5890149628751 -0.0902465381156115
51.5888828169108 -0.0912139308929777
51.5889162419724 -0.0915887720884958
51.5888593749129 -0.0943131641865624
51.5889354847085 -0.0943442588182436
51.5893368697779 -0.0954400110145055
51.5900612807087 -0.0957562077474522
51.5897569331866 -0.0968344770966306
51.5897874159983 -0.0975613005298119
51.5900598516897 -0.0975861038583464
51.5906064895378 -0.0972455740467132
51.5909859705686 -0.095783363667184
51.5916336650077 -0.0955379709588655
51.5919152277084 -0.0949397137602629
51.5918333039316 -0.0945172379477413
51.5924263232858 -0.0925830926985216
51.5924895671089 -0.0924973565199931
51.5928937520535 -0.0926356480436595
51.5935428435496 -0.0919677926001859
51.5935566013561 -0.0919735251128388
51.5942647425446 -0.0909512915896114
51.5945358336006 -0.0912305041416512
51.5952746572966 -0.091199529768743
51.5953424841894 -0.0918490424882686
51.5958362019444 -0.0923021469389758
51.5965170807221 -0.0922736165972865
51.5965639985587 -0.0936009216254471
51.5965859209516 -0.0936333366258845
51.5972012757787 -0.0933675685537575
51.597466841114 -0.0923664378604066
51.5974709627353 -0.092144358399842
51.5979184235475 -0.0920912008542831
51.5981551170166 -0.0928041556425906
51.5986308067936 -0.0927842268844918
51.5984982403257 -0.091575099534806
51.5985882348891 -0.0915533500314135
51.5992786409567 -0.0922436079723865
51.5992780589911 -0.0922797055466338
51.599783712156 -0.093185355879663
51.6001746847385 -0.0927041850001795
51.6004600168455 -0.0929251042577493
51.6012821575505 -0.0916650702533297
51.6013106115008 -0.0916457804302254
51.6015724348402 -0.092311775538102
51.6016413564187 -0.0931563532338897
51.6017874338202 -0.0933938305201066
51.6017933516817 -0.0934260860173173
51.6029000900685 -0.0941288716459546
51.6029346258101 -0.0948385885803816
51.6035848199851 -0.0949467498289516
51.6036545290468 -0.0950764703735604
51.6049341053075 -0.0948081163302669
51.6051368572286 -0.0945497038521229
51.6053454245385 -0.0944335714451276
51.6057280384841 -0.0958354402430436
51.606348700281 -0.0965893928441538
51.606547772578 -0.0964419904635748
51.6071371957039 -0.0959904565034811
51.6072489756691 -0.0957266744002618
51.6074421962568 -0.095008189479141
51.6083037789167 -0.0951851520050513
51.608587283193 -0.0953602373760481
51.6099912267356 -0.0943409644700633
51.6098682926015 -0.0938289434104421
51.6098994661175 -0.0934512219100911
51.6089121575841 -0.0912359271206858
51.6092047033797 -0.0906675554027497
51.6086167430611 -0.0895224030799593
51.6086947843411 -0.0889044455273949
51.6086703035034 -0.0886211152094271
51.6085665350005 -0.0885091346515528
51.6086154453954 -0.0868209366993664
51.6085172127786 -0.0865082007734632
51.6084427978241 -0.0864102329673113
51.608445783992 -0.0858269848220858
51.6084131909755 -0.0857136842082297
51.6083665019223 -0.0846867010796864
51.6076593627494 -0.0837009866781922
51.6076676782134 -0.0836817035205703
51.6086320710656 -0.0827708705582666
51.6086360384413 -0.0820892196239901
51.6084236709293 -0.0807180613092334
51.6081586297615 -0.0804584586282318
51.6084177215732 -0.0784147571636985
51.6091562747634 -0.0774835676004695
51.6091762571879 -0.0773149402893974
51.6087064491033 -0.076744399555347
51.6084377136972 -0.0759966370409531
51.6086795856707 -0.0744094569579664
51.6087156691457 -0.074340293574527
51.6088259241949 -0.0742769222219553
51.6088537308703 -0.0735554380085835
51.608975334508 -0.072929292575211
51.6094814090402 -0.0719897511573463
51.6092897973946 -0.071686475393695
51.6088790367117 -0.0703399516617389
51.6088441455046 -0.0702846306008794
51.6082473816456 -0.069616668364203
51.6083462401321 -0.0688551418395057
51.6081584498565 -0.0680580309883512
51.6086834676948 -0.0673704507759704
51.609002122422 -0.0669696718686922
51.6090570407478 -0.0665160280139569
51.6087658293904 -0.0659904036329338
51.6088764746843 -0.06513273859251
51.6087900697959 -0.0647066571909274
51.6082819231753 -0.0647861389098448
51.6079473575808 -0.0644013407818432
51.6077939892939 -0.0633058141560436
51.6079337693414 -0.0633377318240613
51.6084254357068 -0.0632129719659627
51.6085252567122 -0.0630733317679542
51.6085747233211 -0.0619908295569463
51.6087957144672 -0.0613169582726876
51.6087957064561 -0.061240271851191
51.6081773814349 -0.0607232652863014
51.6083453293274 -0.0587554943917425
51.6086917573421 -0.0581224601969187
51.6089075283635 -0.0580961052343908
51.6088674065318 -0.0556724146181729
51.6091925692325 -0.0555149109216367
51.6092446994264 -0.0551995027086877
51.609220535876 -0.0545876304410033
51.6091731516523 -0.0543973420942939
51.6091797702491 -0.0543736003661662
51.6094485265119 -0.0524520556029598
51.6093907641684 -0.0511059406777937
51.6081344001021 -0.0504061062696986
51.6077491482786 -0.0489432072451002
51.6077206943533 -0.0486862699268677
51.6082705200326 -0.0466001494800538
51.6075014004135 -0.0448595311513656
51.6061803032783 -0.0419078067384414
51.6049688011314 -0.0408344888301201
51.6037169767401 -0.0426139954933007
51.6036950461611 -0.0426628030786975
51.6022149402673 -0.0450143451425184
51.6021069267698 -0.0452599650263509
51.6011267539678 -0.0459347371853615
51.5997119076399 -0.0459232060226442
51.5995970514207 -0.0458605132080936
51.5992293823518 -0.0457860534695165
51.5981342986876 -0.0459575906745287
51.595255720226 -0.047459069875894
51.594881401737 -0.0478224892432
51.593291389642 -0.0499607408679635
