51.6088670766897 -0.0345628890053902
51.6072750374416 -0.0350775845737562
51.6051564152234 -0.0349722330203687
51.6049881489665 -0.0370852380046934
51.6050971330045 -0.0394696673031946
51.6049688011314 -0.0408344888301201
51.6061803032783 -0.0419078067384414
51.6075014004135 -0.0448595311513656
51.6082705200326 -0.0466001494800538
51.6077206943533 -0.0486862699268677
51.6077491482786 -0.0489432072451002
51.6081344001021 -0.0504061062696986
51.6093907641684 -0.0511059406777937
51.6094485265119 -0.0524520556029598
51.6091797702491 -0.0543736003661662
51.6091731516523 -0.0543973420942939
51.609220535876 -0.0545876304410033
51.6092446994264 -0.0551995027086877
51.6091925692325 -0.0555149109216367
51.6088674065318 -0.0556724146181729
51.6089075283635 -0.0580961052343908
51.6086917573421 -0.0581224601969187
51.6083453293274 -0.0587554943917425
51.6081773814349 -0.0607232652863014
51.6087957064561 -0.061240271851191
51.6087957144672 -0.0613169582726876
51.6085747233211 -0.0619908295569463
51.6085252567122 -0.0630733317679542
51.6084254357068 -0.0632129719659627
51.6079337693414 -0.0633377318240613
51.6077939892939 -0.0633058141560436
51.6079473575808 -0.0644013407818432
51.6082819231753 -0.0647861389098448
51.6087900697959 -0.0647066571909274
51.6088764746843 -0.06513273859251
51.6087658293904 -0.0659904036329338
51.6090570407478 -0.0665160280139569
51.609002122422 -0.0669696718686922
51.6086834676948 -0.0673704507759704
51.6081584498565 -0.0680580309883512
51.6083462401321 -0.0688551418395057
51.6082473816456 -0.069616668364203
51.6088441455046 -0.0702846306008794
51.6088790367117 -0.0703399516617389
51.6092897973946 -0.071686475393695
51.6094814090402 -0.0719897511573463
51.608975334508 -0.072929292575211
51.6088537308703 -0.0735554380085835
51.6088259241949 -0.0742769222219553
51.6087156691457 -0.074340293574527
51.6086795856707 -0.0744094569579664
51.6084377136972 -0.0759966370409531
51.6087064491033 -0.076744399555347
51.6091762571879 -0.0773149402893974
51.6091562747634 -0.0774835676004695
51.6084177215732 -0.0784147571636985
51.6081586297615 -0.0804584586282318
51.6084236709293 -0.0807180613092334
51.6086360384413 -0.0820892196239901
51.6086320710656 -0.0827708705582666
51.6076676782134 -0.0836817035205703
51.6076593627494 -0.0837009866781922
51.6083665019223 -0.0846867010796864
51.6084131909755 -0.0857136842082297
51.608445783992 -0.0858269848220858
51.6084427978241 -0.0864102329673113
51.6085172127786 -0.0865082007734632
51.6086154453954 -0.0868209366993664
51.6085665350005 -0.0885091346515528
51.6086703035034 -0.0886211152094271
51.6086947843411 -0.0889044455273949
51.6086167430611 -0.0895224030799593
51.6092047033797 -0.0906675554027497
51.6089121575841 -0.0912359271206858
51.6098994661175 -0.0934512219100911
51.6098682926015 -0.0938289434104421
51.6099912267356 -0.0943409644700633
51.6104621058359 -0.0950271667601859
51.6104918270374 -0.0957064802908219
51.6113054941242 -0.0968703030481972
51.6122243943616 -0.0965295072102962
51.6126240624385 -0.0966003175434678
51.6126334597772 -0.0952232634105706
51.6131828806648 -0.0948220337937394
51.613244912477 -0.094661523119743
51.6127261114316 -0.093825571935691
51.6127588675249 -0.0929973668859624
51.6140848930202 -0.0930762439197548
51.6141054227328 -0.0930284611438121
51.6137606321065 -0.0917763758948109
51.6138773580716 -0.0908885348692359
51.6138681637814 -0.0905774960222824
51.614172386123 -0.0901910166694069
51.6154635449953 -0.0893369699830274
51.6154718020311 -0.0892643320300587
51.6155094660236 -0.0891978429223306
51.6157817640549 -0.0880325978003967
51.6158280969372 -0.0879630036474996
51.6163214957177 -0.0866024134194445
51.6169463748746 -0.086568985979246
51.6172684964365 -0.0864154943994069
51.6181284610121 -0.0871322888940831
51.6182431383815 -0.0871743934790315
51.61884122674 -0.0870029840102538
51.6190277743677 -0.0871910672124845
51.6190607859377 -0.087203257116889
51.6202205815151 -0.0864926026124819
51.6202737164388 -0.0848390471891765
51.6202479889994 -0.0846396708604109
51.6214188405635 -0.0840730670037848
51.6214586955834 -0.0835792189929507
51.6215367056881 -0.0834016716362483
51.621548283645 -0.0824811636020618
51.621638077718 -0.0820620342127844
51.6214627433987 -0.0818509764503068
51.6212604423561 -0.0802432881267612
51.6215758384522 -0.0797505508716261
51.6217404386595 -0.0792062857815949
51.6209004705382 -0.0789122966946214
51.6210655823175 -0.0775319770614526
51.6209446655436 -0.0771036448143057
51.6209394986958 -0.076618131087511
51.6206909302261 -0.0765907646801815
51.6201514878373 -0.0759842060245023
51.6201150522235 -0.0755822084225492
51.6201727592286 -0.075044374810906
51.6201681388757 -0.0750093142500176
51.620189440326 -0.074729460809241
51.6197062264016 -0.0738849560154855
51.6196884544644 -0.0737989985173086
51.619680382584 -0.0735645801516288
51.6197149759898 -0.0732074609377325
51.6197242816243 -0.073166451198199
51.619893060718 -0.0726978786852621
51.6198807964693 -0.0725422481434802
51.6198892877307 -0.0723585815924853
51.6198565856501 -0.0718453033519216
51.6188783957096 -0.0693236240452241
51.6186774014256 -0.0691334881065063
51.6185188178488 -0.0691005575679342
51.6187374845574 -0.0668521065253575
51.6181273809803 -0.065261088083502
51.618048780484 -0.0652102390909454
51.6180038520264 -0.0650424283354966
51.6184114569596 -0.0635597547699498
51.6184082583121 -0.0635184427495187
51.6182461732804 -0.063436848545163
51.6178787693943 -0.0625658892204743
51.6177545840565 -0.0613930183865245
51.6178102638631 -0.0612371225758469
51.6183229140189 -0.0611746597153641
51.6187601201252 -0.0606919928605813
51.6188596076374 -0.0603473488950946
51.6188063090745 -0.059646306090765
51.6187663123468 -0.0594836472771178
51.6184766467217 -0.0591403585778352
51.6181390483312 -0.0583123442346423
51.6181486042663 -0.0582541712251806
51.617990102017 -0.0577427197608262
51.6183428114718 -0.0563598714339041
51.618411641969 -0.0562982122476081
51.6183039622069 -0.0558216337326911
51.617773674095 -0.0550308271966774
51.6177464725918 -0.0548920448992915
51.6182219896397 -0.0546884122040592
51.6184349716395 -0.0547650594558798
51.619305338956 -0.0531415804114434
51.6195123172603 -0.0533115016468797
51.6208594157131 -0.0539057422801396
51.6211046202593 -0.053892511805256
51.6212154577638 -0.0529161772632951
51.6211063729135 -0.051949375715219
51.6206816745002 -0.0510980604101515
51.6203181789584 -0.049423475101558
51.6203076095483 -0.0488848402166142
51.621163853709 -0.0473737505051572
51.6210876386599 -0.0465589661905634
51.6210576912517 -0.0464880709366973
51.6212106301826 -0.0444915050585859
51.6204579464934 -0.0416896490498469
51.6189360204213 -0.0413055444635549
51.6187594690872 -0.0411822497672683
51.6179268188123 -0.0351357456546242
51.61623169456 -0.035990722730592
51.6139302867399 -0.0358462876643466
51.6135056800096 -0.0360496863014717
51.6122655062759 -0.0354632365199817
51.6120964570076 -0.035498521098252
51.6119030689477 -0.0354761461326898
51.6118038889593 -0.0354533955083122
51.6101391025483 -0.033631378482014
51.6093966622057 -0.0339126974578809
51.6088670766897 -0.0345628890053902
