51.5695659313956 -0.118527200817131
51.5693060649514 -0.118910439128985
51.5690574468186 -0.11892427049524
51.5688488591198 -0.118720988487778
51.5682816625851 -0.119044687494207
51.5682299567757 -0.119587905343649
51.5683192725151 -0.120039645093352
51.5681424094713 -0.120374350565088
51.5682022822177 -0.121429777750533
51.567986341214 -0.121704698279305
51.567673575232 -0.121502014176656
51.5675622585591 -0.121641038521587
51.5673342326959 -0.121941673612873
51.5672563683258 -0.121974624513162
51.5669319308348 -0.121885204702357
51.5668562611404 -0.12180813834702
51.566808808653 -0.121539441496026
51.5668376616541 -0.1212696222246
51.5668733203464 -0.120857830836311
51.5663276954314 -0.120653933089176
51.5660337103428 -0.120692227797329
51.5659945527321 -0.120397141282986
51.565925545194 -0.120292679977292
51.565266859863 -0.120214323617555
51.5652420865621 -0.120025954639951
51.5652430309878 -0.120023179513601
51.5656783668102 -0.119824039264335
51.5656670817422 -0.119534943697606
51.5657223687033 -0.119013260312116
51.5654799645064 -0.118949268127628
51.5651083910235 -0.119267603446377
51.5647916721027 -0.119138273572158
51.5647485151204 -0.119171579579568
51.5644330490913 -0.118739084688506
51.564035738287 -0.11885386357394
51.5640208320383 -0.11886613692271
51.5638385979264 -0.118865568411336
51.563836627705 -0.118854824330469
51.5637360041756 -0.118684938458254
51.5633763032823 -0.118336364290375
51.5634326888115 -0.119442261420445
51.5635373570215 -0.119556069988568
51.5635381633737 -0.119561508862757
51.5631676592 -0.120294589647247
51.5630594963308 -0.120265622721937
51.5625839984459 -0.120724420475144
51.5624526076233 -0.120631579095131
51.5622182741453 -0.121413979136074
51.5622290967593 -0.121713778338218
51.5623761990289 -0.122091827465369
51.562329646892 -0.122193906523771
51.5618486063141 -0.122424748870685
51.5619116447344 -0.123291358473847
51.5617201587373 -0.123600435313681
51.5616059075431 -0.123539237431878
51.5615618794055 -0.123551874647445
51.5612408172877 -0.123454225948048
51.5610192812964 -0.124048593833184
51.5608919060063 -0.124071797391769
51.5607871023141 -0.124370992937619
51.5603519282307 -0.124586356663237
51.5602211214373 -0.124473619756373
51.5601939814069 -0.124322360422274
51.5598792690241 -0.123817757883694
51.5599355269752 -0.123282546165409
51.5595976498056 -0.123089126988368
51.5591664115121 -0.123308736133058
51.5590792372371 -0.123456608440133
51.5591950196514 -0.124108317436748
51.5589146070011 -0.124320876868248
51.5583643193206 -0.124775409725823
51.5583849471119 -0.125605042346072
51.5583879839846 -0.125609437437176
51.5583974318868 -0.125632481368507
51.5581907889631 -0.127543391213225
51.5584804243016 -0.127818274849352
51.558566138061 -0.127961653832816
51.55839660363 -0.128362683387696
51.5578823461988 -0.128918451260201
51.5582031994592 -0.12969686535911
51.5584038334962 -0.129768923096251
51.5584619428128 -0.129725978668294
51.5588615256769 -0.129702330412276
51.5592270938931 -0.130094016659622
51.5592567317129 -0.130171187891956
51.5586061504693 -0.131080691909087
51.5583175448687 -0.130909465389384
51.5582440467769 -0.130945783363486
51.5580773228701 -0.130925617867062
51.5577709612938 -0.131490911795592
51.5579511918035 -0.131789094389589
51.5578617693526 -0.132202998422653
51.5583215265342 -0.132633182898682
51.5584135914474 -0.132317416655634
51.5588202534795 -0.13182925083011
51.5590001029309 -0.131900267362786
51.5594912620301 -0.132371637499785
51.5595394304707 -0.132539999035223
51.5595031831304 -0.132793060600572
51.5590610092575 -0.134134820286832
51.5592439747087 -0.134724213563671
51.5591261263881 -0.135115020918763
51.5590726678349 -0.13545073692932
51.5586198788711 -0.13593362218645
51.5581906396256 -0.135907043744047
51.5579411439625 -0.135435756767998
51.5579334721943 -0.135360302761448
51.5577833427118 -0.13504362807638
51.5577698408576 -0.135059524189164
51.5570121575775 -0.135646809864981
51.556963406672 -0.135418888185104
51.5565685630743 -0.134745296079296
51.556463834296 -0.134717228662746
51.5564504789831 -0.134674480582941
51.5563231210769 -0.133540003177882
51.5560652835271 -0.133483000271504
51.5556439480989 -0.133749900873155
51.555363752449 -0.133361143098329
51.5547682722271 -0.133830819175125
51.554819509241 -0.134418409668926
51.555019224739 -0.134783462812641
51.5550038773878 -0.134886852237012
51.5547492836456 -0.135271440177533
51.5541063965392 -0.135077821139476
51.554208887707 -0.13472193858449
51.5541820583778 -0.13447065624683
51.5543271772683 -0.13403108091876
51.5545945715026 -0.133790235021526
51.5547021569047 -0.133760498264255
51.5545694571934 -0.133059212266242
51.5543400845895 -0.132847621912902
51.5543010322657 -0.132704120069063
51.5538991256368 -0.132751263775024
51.5536513814661 -0.132283533922878
51.5536645075822 -0.132119819392782
51.5534520521036 -0.131847245711169
51.5531548335104 -0.132027117004809
51.5531000362733 -0.132278167761451
51.553035654535 -0.13242411779616
51.5529332917053 -0.132499550256471
51.5528536350508 -0.132713796961798
51.5526969129812 -0.132904082052128
51.5526698336661 -0.133213578844638
51.5527162467004 -0.133322522547306
51.5526560094286 -0.133893002556481
51.5524938565674 -0.134137618320892
51.5523909106119 -0.134396935982412
51.5526112606941 -0.134945944270914
51.5531209665534 -0.134724101547043
51.5533276469625 -0.135188047591731
51.5537188079009 -0.135426330688815
51.5540068453681 -0.135154918474135
51.5540605909313 -0.135142729893194
51.5543892549684 -0.136098492814125
51.5546522984147 -0.136222970494962
51.5547656009209 -0.136524838303945
51.5547259106736 -0.13672579761578
51.554732207492 -0.136856251297544
51.5551507012108 -0.137621639897193
51.5553697165231 -0.137413473018759
51.5559109347253 -0.137749371304921
51.5559132705788 -0.137749275900231
51.5559388156114 -0.138146679655131
51.5565489162398 -0.138727651356959
51.5567721852373 -0.138419160762629
51.5573303026103 -0.138857157769639
51.5574166021354 -0.138822947529627
51.5574220905118 -0.138811899641985
51.5581572011912 -0.138716113242278
51.5584697923591 -0.138932322483705
51.5584849581487 -0.139508829688701
51.5587492546504 -0.139536820632645
51.5594237279992 -0.139200029696148
51.5594749436789 -0.139306063546295
51.5597857809743 -0.139564819368101
51.5594377426709 -0.140299493773426
51.5594680510055 -0.140391037327562
51.5597054266937 -0.140399434791029
51.5599263153779 -0.13972501921143
51.5601192606915 -0.139817183035301
51.5602711866176 -0.139862370472533
51.5606413951912 -0.139760667634215
51.5606734569342 -0.139775655700919
51.5609928125188 -0.140152193679933
51.5614298256171 -0.14019288929338
51.5614978209003 -0.140092810909826
51.5617303891969 -0.139865992059109
51.5620334359519 -0.139695772212529
51.5622703056667 -0.139836703741623
51.5625016875801 -0.139909341661566
51.5627031288711 -0.140112151459035
51.5627581551172 -0.14038493534618
51.5624626986571 -0.141425842721237
51.5628409492086 -0.141843187346022
51.5626262026742 -0.142213569967546
51.5626050501202 -0.14304677255305
51.5624514242463 -0.143428100196632
51.5626033428985 -0.143688851691336
51.5633924995479 -0.143360982506005
51.5635144430784 -0.143448803681963
51.5636420195261 -0.143648336754645
51.5634299081746 -0.144384646624152
51.5629314070401 -0.144690794884347
51.5629145106725 -0.144793429206599
51.5630622013869 -0.145685550592674
51.5634871778209 -0.146256157879143
51.5640294224542 -0.145947410907829
51.5641387721786 -0.145721934011067
51.5649502138653 -0.144932438502472
51.5651508259884 -0.144890012257002
51.5655791725413 -0.144553277446321
51.5656772147701 -0.144573674068495
51.5661481828856 -0.144618505293583
51.5662362105664 -0.144596839005331
51.567646433101 -0.145107628991832
51.5678264487696 -0.144945165089988
51.5678865599292 -0.144505382709219
51.5690117656836 -0.142382531736481
51.5689949069867 -0.1422091607406
51.5688546414972 -0.141844277419184
51.5683646004563 -0.141117471266965
51.5688117404384 -0.140492351808688
51.568736814219 -0.139905541726162
51.5683397920865 -0.139313919155162
51.5684077453624 -0.1390695127046
51.5691904126566 -0.138707400426148
51.5693101520172 -0.138066711104734
51.5694962527835 -0.137823775440688
51.570371098772 -0.138053107667332
51.5704388240085 -0.137788828424743
51.5705048606103 -0.137497490533677
51.5705002321167 -0.137398452494245
51.5705421389206 -0.137240760038608
51.5712539162534 -0.136168214863675
51.5711409769151 -0.135917504881262
51.571219096542 -0.135311916721912
51.5715228979995 -0.134997275521769
51.5716352387711 -0.134310919606117
51.5716277099154 -0.134221873526687
51.572255109559 -0.133498116665871
51.5724286597345 -0.133478395689105
51.5724855758026 -0.133366005293594
51.5728087369806 -0.133279711209171
51.573279937026 -0.132807670316606
51.5733581897494 -0.132414787788005
51.5735370742841 -0.132108921337546
51.5734607116645 -0.131699886655613
51.5736485188509 -0.131000402722135
51.5736390259562 -0.130692261997826
51.5731261601955 -0.130252475114558
51.5734420487663 -0.129467417534098
51.5738402354888 -0.129581837230335
51.5740575076044 -0.129180618527401
51.5739672693547 -0.128634962164402
51.574396451608 -0.128004072217623
51.5735410424529 -0.127765905864809
51.5735864600255 -0.126910793345879
51.5740469415628 -0.126878299269248
51.5741286156885 -0.124804089758757
51.5740083445001 -0.12453489381289
51.5740647920453 -0.124224989051351
51.5738560761562 -0.123349630972603
51.5737466198178 -0.123042990224896
51.5739757025245 -0.122167686813037
51.5739783685893 -0.122042164859382
51.5733173006452 -0.1214497361309
51.5732090860459 -0.121484895579942
51.5730339661594 -0.121232372280895
51.5726661852906 -0.121237660682386
51.5725932434258 -0.121151311762344
51.572362838091 -0.120607066961416
51.5723048537142 -0.12057340680303
51.5722266421263 -0.120410652405649
51.5721470261032 -0.120367890386686
51.5717100453534 -0.11980778711083
51.571660515666 -0.119656583512728
51.5715514601266 -0.119515808404592
51.5714265267071 -0.118620046167361
51.5710298619044 -0.118623692138768
51.5708459911866 -0.118504214154753
51.570917171531 -0.117645341348671
51.5704937311141 -0.116999888195985
51.5699668322961 -0.117588106294688
51.5698511489086 -0.117566710082509
51.5698496502509 -0.117568556629222
51.5695659313956 -0.118527200817131
