51.5331417963685 -0.123297077402524
51.5331058745769 -0.123226394543768
51.5322419774026 -0.12248695988921
51.5318907330123 -0.122525780979859
51.5318388357906 -0.122597221322365
51.5318280568495 -0.12262025136188
51.5315946852122 -0.123390421909413
51.5307818169576 -0.122794886022942
51.5304191738529 -0.123363038475132
51.5302995917169 -0.123541866755861
51.5303521025537 -0.124318206313754
51.530445565651 -0.125041630786149
51.5305877525141 -0.125174514405334
51.5306193804422 -0.126203135744792
51.530923335949 -0.127447751599861
51.5313710932164 -0.12748525008874
51.5322052634802 -0.127580716555965
51.5323535802839 -0.12736564316809
51.5332267802387 -0.126949510701801
51.5337221600954 -0.126563258737514
51.533773587913 -0.126569231255155
51.5342693886442 -0.127183354174078
51.5345755600614 -0.128635199047065
51.5350352707594 -0.129196741816975
51.5355722625004 -0.128995324873724
51.5358766305479 -0.129021601153799
51.5369400705021 -0.129705242901861
51.5376291583301 -0.128933564684641
51.53813800268 -0.131094623023136
51.5391045881757 -0.13076111720995
51.5394361660353 -0.130435784991498
51.5395486653762 -0.13079345326815
51.5396975665568 -0.1310378687663
51.540617654984 -0.131470660023556
51.5410808492927 -0.131247059614049
51.5412392549568 -0.131755293781274
51.5413255465126 -0.131794088722953
51.542003958558 -0.131835744718902
51.5421903535905 -0.131668542546935
51.5425595405184 -0.130938685933555
51.5412238252951 -0.130425540766677
51.5411714137026 -0.130019382624694
51.540743171699 -0.128786941885761
51.5408091854431 -0.128698507158709
51.5410319292347 -0.12806573604778
51.5410991161619 -0.125877343047396
51.5399249795925 -0.124647544726385
51.5397480827107 -0.124727819492401
51.5384751873678 -0.126116628806022
51.5380982195621 -0.124787550070874
51.5369555594724 -0.123272654380745
51.536808069802 -0.123162446923842
51.5362925515024 -0.123042175532816
51.5359787561052 -0.123196560383156
51.5356723841433 -0.122421537426876
51.5352848815722 -0.122037313445429
51.5347035841771 -0.12242989821752
51.5344090134598 -0.123398080367194
51.5338761176314 -0.123006405501565
51.5336487012115 -0.123064382672667
51.5331417963685 -0.123297077402524
