51.5855892158774 -0.16003970555071
51.585435519453 -0.160024372534144
51.5844906122211 -0.161344439724745
51.5838750901956 -0.160943460981934
51.5837975466119 -0.160108510217442
51.58350227853 -0.160077116921331
51.5833951379319 -0.159975049019166
51.5831298512591 -0.158851717731257
51.5831435829017 -0.158638253475209
51.5829732976848 -0.15853969452694
51.5825181327209 -0.157868797460477
51.5824459102551 -0.157860888414703
51.5824425112268 -0.157861977940732
51.5823941729598 -0.157817876580945
51.5817845430812 -0.1567510014929
51.581734798597 -0.156771936396149
51.5812458841945 -0.156459813687945
51.5808327599253 -0.157310037754039
51.5808142506819 -0.157889027454048
51.5810848482928 -0.15843919271499
51.5800706251187 -0.160858926282608
51.5800500101523 -0.161270196657082
51.5796704241636 -0.163449551599585
51.5796703151661 -0.163517267582835
51.5780019168962 -0.164294336592061
51.5772659835944 -0.16499964095017
51.5769053410049 -0.165156720718834
51.5767854468557 -0.167966700690518
51.5765020020487 -0.169032611167811
51.5760442918541 -0.169860027756964
51.5749888060762 -0.168875074479665
51.5743835826743 -0.169051819245043
51.5735889987894 -0.168661707391977
51.5728585268928 -0.169194363595408
51.5726791106764 -0.169691304804108
51.5735463496552 -0.172130523273367
51.5721340928342 -0.173409228609686
51.5716161311874 -0.173278410065263
51.57144820343 -0.173613524782995
51.5714217160761 -0.17470764936958
51.5724611466307 -0.176114501145338
51.5729291337878 -0.175661956718959
51.5729639256424 -0.175609995881398
51.5743564373777 -0.174435882972559
51.5746915469846 -0.174763356930794
51.5756359272452 -0.177175298143189
51.5759403128354 -0.178517952957527
51.5759869686572 -0.178517872640811
51.5773576358358 -0.179664564614556
51.5787713246248 -0.17930225331649
51.5788154124709 -0.179310487252931
51.5788816080713 -0.179405182759076
51.5790195766851 -0.180052736212704
51.5793404671375 -0.18076879160451
51.5797004453273 -0.181043112543644
51.5797045780747 -0.181042947533746
51.5801170692007 -0.180164070531931
51.5804222949931 -0.179933626426103
51.5804919204845 -0.179727825675394
51.5809745734527 -0.179593938783388
51.5815969218278 -0.180456733057214
51.5818742848063 -0.18040055077607
51.5820082117848 -0.180665941764742
51.583099886514 -0.180918198196333
51.583128215978 -0.180849350273865
51.5840310203268 -0.180765570525663
51.5840331169238 -0.18186968172032
51.5841444465677 -0.181918436498542
51.5846641282115 -0.182909905741111
51.5850492781054 -0.182644609491858
51.5851010578354 -0.182348457549934
51.5848766290221 -0.181730445972512
51.5848792730328 -0.18108885290025
51.5850744688257 -0.181055826780459
51.5855008208367 -0.181007261025226
51.5855720383533 -0.180962047071857
51.5856834814706 -0.181070304902147
51.5863928570115 -0.180884156794765
51.5864092767324 -0.180847319391373
51.5864346772614 -0.180856302409856
51.5872373460293 -0.181724632590509
51.5876387101625 -0.180498754048974
51.5876525548619 -0.180475586829175
51.5880057895307 -0.180471472396889
51.5882688918663 -0.18075959023408
51.5884732700476 -0.182444896417666
51.5886308432974 -0.182554061217737
51.5899622647157 -0.184263963577232
51.5903439307229 -0.184365989066504
51.5899453621112 -0.186642094189399
51.5913407072461 -0.189090351547735
51.5917580497898 -0.18876069993607
51.5919251369771 -0.188490634627455
51.5926013732309 -0.185599762651541
51.5926888855005 -0.185643175336523
51.592699971316 -0.185650827987045
51.5933323134546 -0.185924294365137
51.5945943769289 -0.185138584848796
51.5948483307286 -0.184260419845403
51.5947186483912 -0.183292795818378
51.5947198078191 -0.183274774504018
51.5949847777567 -0.182801252517623
51.5956862517962 -0.182813015854631
51.5960725462691 -0.181019919270502
51.5970197136851 -0.181014458084437
51.5971976890289 -0.179934380264683
51.5971936380018 -0.17988763784644
51.5976269377971 -0.178490551676787
51.5981056997805 -0.17811770183992
51.5982832161982 -0.177606066161178
51.5982917020899 -0.177498343804621
51.5985543345897 -0.176893174185249
51.5995150513599 -0.176538853603512
51.6000940947108 -0.175926341109839
51.6001216351211 -0.175934166661846
51.6010448803501 -0.173991192326343
51.6012263446452 -0.173913550350865
51.6016174436633 -0.17327506731246
51.6023654324338 -0.173046576668108
51.6025349254413 -0.172598415891243
51.6026368985334 -0.171965203897568
51.6028426963716 -0.171429853663915
51.6030911174695 -0.170780033858898
51.6031613175907 -0.170698631580013
51.6039725852026 -0.170371818759109
51.6047309520503 -0.170059741832016
51.6050343394202 -0.169430180188627
51.6050517916675 -0.168433956206779
51.6043376050915 -0.165489748684924
51.6039415371189 -0.164456039331464
51.6038566897964 -0.164232881622705
51.6033298106532 -0.163509511795092
51.6025348860933 -0.162656247349475
51.6006356378255 -0.163668803552183
51.6004530260295 -0.163701409720184
51.5988923775823 -0.162763615776506
51.5981889425698 -0.162644025119131
51.5981077464917 -0.162482061676926
51.5968137354775 -0.157938401797207
51.596798197886 -0.157040233766012
51.5961231259484 -0.155453201899424
51.595580272382 -0.155244132466013
51.5947379642049 -0.155503841580546
51.5947257423208 -0.15549267072227
51.5932513684009 -0.153265820293306
51.5932421575516 -0.153063236321252
51.5926847786411 -0.152696956201634
51.5925432109246 -0.152504149306322
51.5924247545923 -0.152129116169368
51.5923047531925 -0.151176593470006
51.5920184366549 -0.150988837258207
51.591464446126 -0.151243206515035
51.5914328140832 -0.151552188406438
51.5913817275024 -0.151619134484241
51.5914112851831 -0.152280228257284
51.5916367037977 -0.15264281999152
51.5915214820299 -0.152821638469536
51.5909832825975 -0.152628738487128
51.5906946894515 -0.153050147407471
51.5904706302956 -0.153036619246342
51.5903305796117 -0.153562932576686
51.5892664682468 -0.15337516640971
51.5892416422608 -0.153357128889026
51.5893333973288 -0.152892418780728
51.5893333501056 -0.152426789167716
51.5882879486009 -0.152279833222533
51.5885811382248 -0.153429974010154
51.5872774869474 -0.15447344352298
51.5873268069446 -0.154694252629629
51.5872893824374 -0.155092823311167
51.5872219755829 -0.155311219740128
51.5865361348578 -0.156420643849027
51.5867813862736 -0.15729134337572
51.586634626193 -0.15848545113888
51.585935775663 -0.158927769080823
51.5855892158774 -0.16003970555071
