51.6229846345237 -0.151803374904664
51.6228545719851 -0.151530527983442
51.62221302523 -0.151237020220365
51.6219662296054 -0.151623563741673
51.621674346054 -0.152503982864892
51.6222505197307 -0.153196566818752
51.6219967128893 -0.154132371516795
51.6217671910414 -0.15437740687711
51.621491068515 -0.155850335726694
51.6210928228113 -0.156571609654335
51.6208292273788 -0.156570619199184
51.6205924720976 -0.15637248887764
51.6205066744939 -0.156072598053576
51.6196056495418 -0.15406598192815
51.6194215084924 -0.153829645667412
51.6187781084841 -0.155030355246887
51.6185390945774 -0.156084699842578
51.6185443575702 -0.156093538339524
51.6186358142599 -0.158208675472781
51.6184718194636 -0.158568335138679
51.6180491309122 -0.158672150260168
51.617841377409 -0.158792513898804
51.6181895843384 -0.161553733248934
51.6189585146062 -0.160752533241936
51.6197110084154 -0.160927923992659
51.6187453784685 -0.163538282139375
51.6187913653333 -0.163610388924499
51.619966651544 -0.164470416640844
51.6199976611794 -0.164516093385263
51.6200944804687 -0.165349984041672
51.6202443402199 -0.165787256991724
51.6202600730654 -0.165885124292207
51.6209011262989 -0.168095665408317
51.621257901268 -0.168549041564354
51.6212829543718 -0.168558752761709
51.6222239431348 -0.168739436877511
51.623273128623 -0.169903474394963
51.6234023630265 -0.170910517134612
51.6225290537823 -0.172697192534244
51.6224825915755 -0.172917631278351
51.6224690145565 -0.173044555420789
51.6221010518056 -0.17385845636041
51.6220321756678 -0.174233207443
51.6224548239229 -0.175583181801396
51.6223855312574 -0.17575212318662
51.6223757095762 -0.176317706410134
51.6226678118506 -0.176660833853277
51.6228226494339 -0.176715136863374
51.6229238567348 -0.176696667196815
51.6231506100465 -0.177381896828331
51.6232527679171 -0.177384116395825
51.6235985104357 -0.177592413121473
51.6236203441587 -0.177701720477729
51.6243586866004 -0.178762900273007
51.6242621153338 -0.178842645000626
51.6240058934095 -0.1793865474314
51.6239222319273 -0.179736525513054
51.6238606487045 -0.180368401310976
51.6240051220667 -0.180560355429483
51.6236802164026 -0.181818471095863
51.623442331542 -0.182287646123911
51.6246624506942 -0.183532750009216
51.6242630977984 -0.184844458289092
51.6236546226922 -0.184992383000369
51.6232390594547 -0.185669099138171
51.6225742852594 -0.186275219025231
51.6224265189687 -0.186951953077668
51.6234623906698 -0.187410947432313
51.6235572639464 -0.188053606670829
51.6232477579174 -0.189237071857085
51.6239174013349 -0.189435185768031
51.6244346175702 -0.190248064203292
51.6244618089157 -0.190425778187522
51.6238577426881 -0.191321146211924
51.6243478559418 -0.192762633280161
51.6247674231297 -0.193090810526517
51.6247972961616 -0.193127622621219
51.6234033166171 -0.196469619619759
51.6242203669986 -0.200011926569896
51.6248578081037 -0.205325005092527
51.6247707451937 -0.206469356789666
51.6250646418937 -0.206959378477015
51.6254045971503 -0.209177571807596
51.625519915058 -0.209806989744449
51.6265705211502 -0.213523849940368
51.6267064669526 -0.214902366333685
51.6252787499447 -0.222250664082981
51.625299089279 -0.223374596074836
51.6248553000908 -0.225403602162628
51.6252105305804 -0.227299105314809
51.6256550475694 -0.229251555360538
51.6275424393654 -0.232461879096441
51.6279851440668 -0.233588406459316
51.632364787372 -0.235326033024285
51.6347262284888 -0.230537959719875
51.6347334793698 -0.230422584252091
51.634699614851 -0.230048598321614
51.6355359125128 -0.224290464951828
51.6362974698469 -0.223009782216387
51.6366831499604 -0.21965244696991
51.6369655985671 -0.218875488839805
51.6381927231302 -0.216692301596886
51.6383365573136 -0.21520128753688
51.6383106463171 -0.213414759387643
51.6391628340725 -0.210980035238366
51.6392089306451 -0.210783996531997
51.639302489875 -0.21003928013841
51.6393319803326 -0.20968577303649
51.6392258863708 -0.205709415740914
51.6397616274115 -0.205100702904587
51.6400470922499 -0.204509606214895
51.6410037688845 -0.201266982622287
51.6410051131909 -0.200973316550753
51.6409022821201 -0.198464522856173
51.6408055936912 -0.197928199828418
51.6401681877233 -0.196280596083024
51.6397871361289 -0.193720592787802
51.6388350343871 -0.192785637744303
51.6373227147432 -0.191823316337069
51.6367235568285 -0.191140825080921
51.636449572134 -0.190360455698149
51.6365226458156 -0.188290184257656
51.6366741511053 -0.186748780999664
51.6368666179997 -0.186626362794093
51.6394773689021 -0.18391911027415
51.6395971606795 -0.18299835977131
51.639537481089 -0.181901517239706
51.6396711795733 -0.181461720436988
51.6396082259798 -0.181181477623374
51.6397673191429 -0.180367577551796
51.6396680231903 -0.180143960678952
51.6397676936602 -0.178959470733524
51.6397643467125 -0.178952336163985
51.639821318331 -0.177849865238518
51.6392690420804 -0.177766310275501
51.6388556770449 -0.176138172445963
51.6387915232292 -0.176047685766003
51.6387942505884 -0.174643922668326
51.6392099109306 -0.17430121944228
51.6390825767187 -0.172767189568135
51.6385772533244 -0.171669229778298
51.6385042063072 -0.171354262184193
51.6385299420125 -0.171327012851638
51.6387199953125 -0.169493070783364
51.6386495282322 -0.169378540205518
51.6386946931001 -0.169144487408094
51.6386135530045 -0.168224659245915
51.6377985242841 -0.168373197223354
51.6376784977294 -0.168481815184587
51.6375733639674 -0.168386796644342
51.6371773685019 -0.167436312749083
51.6375091245699 -0.166097011537921
51.6368935039508 -0.165285406203715
51.6368150567294 -0.165057419845899
51.6357539923134 -0.164412880699245
51.6356952892065 -0.164234622867201
51.6346380732367 -0.163744493624115
51.6343638174812 -0.162585097078086
51.6335172660236 -0.162218275312096
51.6330155073516 -0.161210847891454
51.6328281630307 -0.161165049345355
51.6321766140999 -0.160248655182104
51.6315857992265 -0.160150563201143
51.631525779281 -0.160095210352475
51.6313520672417 -0.159192871211233
51.630193290644 -0.158711423495403
51.6303415162657 -0.157690401985426
51.630392915622 -0.157643167830626
51.6306749964751 -0.156038670582668
51.6309883985948 -0.156034182032941
51.6313185640755 -0.15470493205702
51.6312388895816 -0.154297264712308
51.6313209778714 -0.153754840568727
51.6316049058262 -0.153356712340412
51.6316068823094 -0.153356632072595
51.6322835989514 -0.15251459624223
51.6323104197704 -0.152385193775966
51.6329831252119 -0.151231739978392
51.6325414038757 -0.151028457939417
51.631941781757 -0.151193661766734
51.6318329826036 -0.151608991646715
51.6315794264183 -0.1518117051078
51.6312193741697 -0.151439742589836
51.6313904332555 -0.150451221888516
51.6308514186155 -0.150280742636236
51.6305714285258 -0.150637145437778
51.6308866575459 -0.151713459875852
51.6307831769765 -0.151998467213327
51.6304629586515 -0.15220388248745
51.6304429312743 -0.153313596556621
51.6300048378632 -0.153786594585655
51.6298593895715 -0.153632623810893
51.6294564657011 -0.152803745380413
51.6274935656841 -0.153730463212848
51.6274586138169 -0.153668745237166
51.6268707763089 -0.15339456008131
51.626835109971 -0.153430316160324
51.6266265875221 -0.153512877897997
51.6253330691769 -0.15402853497217
51.6250073757597 -0.154171832786424
51.6247751847468 -0.153749686954808
51.6243119271554 -0.152931449254868
51.624278969666 -0.152670847292669
51.6241801229333 -0.151948005834756
51.6234845526708 -0.152008786020962
51.6229846345237 -0.151803374904664
