51.6312846455546 -0.0818538878048311
51.6307928481576 -0.0813444781187123
51.6307384510159 -0.0811734305437909
51.6284085314741 -0.0800833043555732
51.6283546963553 -0.0801171466310645
51.6278301325878 -0.0830930805562145
51.6274166517115 -0.0836524194283338
51.6266660962837 -0.0853608540177728
51.626701342232 -0.0860393376030683
51.626389549394 -0.0877645169618373
51.6251449900313 -0.0884210283683127
51.624628600097 -0.0895081404672366
51.6244609233181 -0.0900651582210838
51.6244185934034 -0.091027632841474
51.6244617498646 -0.0912822854938539
51.6247832120357 -0.0918178196701128
51.6255528770955 -0.0923959094140675
51.6254332891047 -0.0927043289248935
51.6252312720548 -0.0930686164576022
51.6256598665784 -0.0959185193406819
51.6256274868472 -0.0959784831798569
51.6246421317374 -0.0958744081814465
51.6244601599191 -0.0959786323756707
51.6243222910424 -0.0959419977049518
51.6234654034714 -0.0970523023467918
51.6236539031363 -0.0982273683497338
51.6238613854416 -0.0986267900849119
51.6245692268511 -0.09849249244022
51.624686328334 -0.0981850321330339
51.6255938748041 -0.097970066008752
51.6258346327217 -0.0983980118802622
51.6264722497012 -0.098002064937591
51.6266472085553 -0.0979920078665883
51.6269615938307 -0.098586520164999
51.6274518335483 -0.0989877328802585
51.6272809035527 -0.0994076518930073
51.6266098844824 -0.100372969432153
51.6266087743819 -0.100376589547352
51.6266598036922 -0.100480121921173
51.6275377094214 -0.101061127740492
51.6278528950992 -0.101533771044499
51.6276374249831 -0.101885019550425
51.6272140680664 -0.102283775045636
51.6269289083675 -0.102261366194748
51.6265041572319 -0.102557246319529
51.6265084056588 -0.103393204391342
51.6262529204514 -0.10371632091264
51.6261953707135 -0.103737661180535
51.6256512711364 -0.104698554566022
51.6256704114826 -0.10482057205275
51.6255977517948 -0.106128344632057
51.6266522393333 -0.106472779449913
51.6266656832717 -0.106509267548577
51.6267832973719 -0.107012677983132
51.6262250744967 -0.108521386385933
51.6262207387264 -0.109831808441687
51.6268100836692 -0.109852462468367
51.6273298357483 -0.111878050806844
51.6274599745889 -0.11208838652282
51.6274546580294 -0.112965500311633
51.6274797751992 -0.113006867286861
51.6276241789746 -0.113338601432569
51.6278124533037 -0.113496973882426
51.6287687600122 -0.115191124729872
51.6299135301727 -0.115242079638109
51.6306017118532 -0.115758121937668
51.6329311459434 -0.113138297413089
51.6330945993133 -0.11322897216754
51.6332241037119 -0.113220976987287
51.6351580454216 -0.116981900945518
51.6352700275476 -0.11711452062939
51.6356230976518 -0.117789885634994
51.6357646242425 -0.117836451751411
51.6360235668341 -0.118068676956449
51.6360558566705 -0.118080923352156
51.6370130731736 -0.1175471758911
51.6371081957493 -0.117166597185322
51.6377175173613 -0.116527242568812
51.6374681108454 -0.115320903434329
51.638062186827 -0.114919626251787
51.6384198459511 -0.115465660433475
51.6389749408091 -0.114685762584426
51.6389762152665 -0.114597176022799
51.6393131794001 -0.113994321448151
51.6394012159337 -0.113912024447267
51.6396142301713 -0.113802973635513
51.6396424795455 -0.11380990425473
51.6398865479883 -0.114100654491482
51.6394772044877 -0.11618146021301
51.639526581568 -0.116709669224939
51.6397206725311 -0.117090920431483
51.6409357731244 -0.117429889824172
51.6410300098141 -0.117515477867499
51.6415495196196 -0.119192165173202
51.6432952366758 -0.117306899559514
51.643422633136 -0.116057739530996
51.6441982379301 -0.11593799943388
51.6443529953244 -0.116131195800381
51.6443233519427 -0.11768534265933
51.6445718031703 -0.117908033515563
51.644722457504 -0.117828623068848
51.6450451880419 -0.117839688154985
51.6459486349597 -0.118808588802685
51.6459610691979 -0.118799135959
51.6463592299328 -0.118917204639245
51.6468153903687 -0.118458319626013
51.6469008174513 -0.117422226180702
51.6469223947767 -0.117366272155806
51.6467813947777 -0.116825565195526
51.6468626160665 -0.116144554927975
51.6474868589557 -0.11597601982195
51.6472397594076 -0.114779221691422
51.6480405515794 -0.114279884590143
51.6481717283078 -0.114107349194176
51.6481606723632 -0.11394512570701
51.6479188029654 -0.113198129238823
51.6482037711636 -0.112392192248292
51.6477785240234 -0.111786424256709
51.6478864723154 -0.11044401856537
51.6476280331374 -0.1103445231308
51.6475749070709 -0.109183180723655
51.6480428228911 -0.108418353893481
51.6483166233089 -0.108868666603321
51.6492212932834 -0.10869181016472
51.64965238285 -0.108096534550544
51.6503440051343 -0.105350155119312
51.6501676913618 -0.103850511394321
51.649858786735 -0.10365470723404
51.6491591261434 -0.100129719694999
51.6479827271759 -0.0980531912424524
51.6475395370908 -0.0979370668517282
51.646602011865 -0.0968398309791779
51.6468736326953 -0.0945473872655396
51.6476603633226 -0.0939678394066417
51.6478012896116 -0.0924378474540961
51.6471550919919 -0.0919834895815695
51.6471201434908 -0.0911772821726221
51.6488369836111 -0.0886883654833452
51.6490154699414 -0.0879563396344046
51.6468198733454 -0.0874199351744449
51.6453567098766 -0.0880171992651026
51.6450589928676 -0.0877261894743836
51.6448680977892 -0.0856492904807374
51.6446145384181 -0.0851116589304655
51.6448280075877 -0.0832525053268864
51.6449574283504 -0.0830908108862152
51.6450524045324 -0.0823667585341258
51.6448307621655 -0.0819678240472028
51.6446645274983 -0.0818899887743728
51.6444832463483 -0.0821017812940222
51.6437904073883 -0.0817334662796728
51.6435208276758 -0.0823293706611395
51.6429416065485 -0.0815860099430761
51.6424946459761 -0.0820050374102047
51.6422886482225 -0.0826685488390232
51.6417920122501 -0.0825946431384355
51.6417656711713 -0.0826166081801741
51.6406992383952 -0.0821340625514345
51.6405410016822 -0.0832671743876195
51.6398618713173 -0.0838485939783089
51.6395789464212 -0.0830105580916087
51.6388070962944 -0.0830060499572106
51.6385720707841 -0.0826077309086595
51.6385937889766 -0.0823357336329667
51.6378668084248 -0.0816384849882631
51.6375839062908 -0.0817380013972597
51.6373774910932 -0.081693449874933
51.6372654364393 -0.0818119695193689
51.6369020186069 -0.0816494095639476
51.6364274742242 -0.0818437518450294
51.6361665873354 -0.0827407603376806
51.6360078339868 -0.0826751314496735
51.6355393656783 -0.0827572030451361
51.6354919392551 -0.0828477303725255
51.6349593480065 -0.0829722980812118
51.6345507205591 -0.0819680895509109
51.6343978564273 -0.081998844148682
51.6341085770398 -0.0822748343376464
51.6338046765638 -0.0821070303757239
51.6335318225952 -0.0817816028336753
51.6331579336404 -0.0818200140347293
51.6327297552919 -0.0805718451101713
51.6327237676973 -0.0805685236417401
51.6323129391804 -0.0806734347066963
51.6321663989278 -0.080810555084721
51.6320536311292 -0.0812759080182323
51.6317812110824 -0.0816152734990725
51.6312846455546 -0.0818538878048311
