232 8
51.5945358336006 -0.0912305041416512
51.5942647425446 -0.0909512915896114
51.5935566013561 -0.0919735251128388
51.5935428435496 -0.0919677926001859
51.5928937520535 -0.0926356480436595
51.5924895671089 -0.0924973565199931
51.5924263232858 -0.0925830926985216
51.5918333039316 -0.0945172379477413
51.5919152277084 -0.0949397137602629
51.5916336650077 -0.0955379709588655
51.5909859705686 -0.095783363667184
51.5906064895378 -0.0972455740467132
51.5911604550158 -0.0976565363582056
51.5909856834918 -0.0985769293188999
51.5917321110976 -0.0990041589667948
51.5916023634488 -0.0998964921697591
51.591596119081 -0.0998994904988353
51.5911047764214 -0.10131314233661
51.5911185820506 -0.101483020410929
51.5912966393092 -0.10169223566743
51.5912986483003 -0.101894268914599
51.5910527448167 -0.102287087034234
51.5905686143601 -0.102152047016382
51.5904893348259 -0.102286165402065
51.5904817395316 -0.102294575984218
51.5907300703987 -0.103230760662301
51.5906294095334 -0.103465991951223
51.5908069634367 -0.104083867343413
51.5907549205638 -0.104340403235294
51.591318570523 -0.105352758484106
51.5915086255516 -0.105308783717105
51.5915088052282 -0.105308776240944
51.5916186170065 -0.105339440888289
51.5918250607624 -0.106015651939036
51.5921641416626 -0.10632103692344
51.5924130175472 -0.105844187570638
51.5926640197271 -0.106134192764151
51.5927706020956 -0.106471750631879
51.5926791064499 -0.106623517153787
51.5922509081144 -0.106700839609788
51.5921670332094 -0.106979535032991
51.592173060174 -0.107682183731064
51.5927892611514 -0.107472545345636
51.5931449775718 -0.107705952844889
51.5931135068374 -0.108564446441171
51.5931330932499 -0.108680884350368
51.5933937279333 -0.10910049874839
51.5933924547925 -0.109825134388422
51.593359848411 -0.10996635720551
51.5933392057985 -0.110225287579902
51.5934588687962 -0.110521725091661
51.5936509704887 -0.111632595251199
51.5936278410242 -0.111686883674418
51.5927594879024 -0.112534959002738
51.5923891518873 -0.112275100915259
51.5919315315721 -0.112088381759925
51.5917184643686 -0.112182919594432
51.591164638809 -0.11311897331222
51.591021435273 -0.113773628766831
51.5911443520661 -0.114183601138667
51.5918454550886 -0.115066839175623
51.5925023255994 -0.116588892191461
51.5926642789794 -0.117191299174396
51.5928093017534 -0.117595858030447
51.5937155025613 -0.118275719704756
51.5940311041711 -0.11873919086731
51.5944568423046 -0.119590594984902
51.5943705594499 -0.121281552331398
51.5943860888368 -0.121577797716301
51.5946596875708 -0.123811501654619
51.5946493861624 -0.123886921855868
51.5946435926035 -0.12517839599125
51.5932253603835 -0.127132576049637
51.592595422549 -0.129008295776954
51.592006033468 -0.130745052501749
51.5919686359908 -0.131179751285729
51.5921944399299 -0.131618886110586
51.5950101841822 -0.132084503178917
51.5959447496698 -0.131157258860432
51.5960626504831 -0.131041469945933
51.5963791915212 -0.131872149263146
51.5967637633354 -0.133820988744679
51.5967436620296 -0.13412859458753
51.5967563718619 -0.134215572628814
51.5977728097053 -0.134524039000281
51.5979508494846 -0.136241291351389
51.5979907710137 -0.136360611171557
51.5981761846282 -0.136335044511446
51.5983342246279 -0.13653881758148
51.598691743785 -0.136810263256419
51.5990381163146 -0.137721955165012
51.5990659884785 -0.137954514355542
51.5993635707371 -0.138363789738321
51.5996379889861 -0.138531267107382
51.5996657229585 -0.138868602738384
51.5997660810195 -0.138995340065336
51.6019712843246 -0.140447602840334
51.6021672490844 -0.140072296428294
51.6014551096397 -0.138492201134846
51.6013788233073 -0.135368137616922
51.601958919711 -0.134586321295027
51.6019548217594 -0.133921302309654
51.6024156387004 -0.132592858823584
51.6018862824267 -0.131336589526676
51.6021560307541 -0.130566505972581
51.6025883662641 -0.129816878957014
51.6030205466738 -0.129875798214343
51.6028867750279 -0.128482431544706
51.6034044701367 -0.127685802903267
51.6030715583929 -0.126884512151916
51.6025203122145 -0.126873859412757
51.6021708376877 -0.126561538716446
51.6021129031123 -0.12538784542508
51.6016845145065 -0.124244065127936
51.6020461980265 -0.123660529412122
51.6030998832427 -0.123507913177303
51.6032121250304 -0.123376007277086
51.6032583260796 -0.123263135400498
51.6043046108131 -0.123063779213876
51.6043968814027 -0.122953528874138
51.6046694463815 -0.122385411528538
51.6048695200666 -0.122371680699876
51.6054455143238 -0.121664699910328
51.6054975333137 -0.121657075890052
51.6058584280885 -0.121850792414061
51.60630566767 -0.121193280124384
51.6067061906409 -0.121239853996109
51.6072851695763 -0.120332304914242
51.6073035850196 -0.120207945518322
51.607954958343 -0.119902998314277
51.6082727420184 -0.119436783505767
51.6083217660251 -0.119040256666294
51.608426379492 -0.11870192191608
51.6093022948029 -0.118687383298043
51.6097755184625 -0.117986321678925
51.6097968892091 -0.117474582262996
51.6103231139166 -0.116872407277048
51.6103237475109 -0.116726981999038
51.6097307775077 -0.115589773812545
51.6097544897969 -0.115515676470046
51.6104087121415 -0.11537212104326
51.6105584099352 -0.115014865674385
51.6111192283201 -0.115263264677939
51.611252058472 -0.115389589345103
51.6114201398947 -0.115477419447219
51.6115066769999 -0.115240071504483
51.6115940790148 -0.115118199559406
51.6119446202745 -0.114784051421433
51.6120187256021 -0.114746684256458
51.6122636692636 -0.114711289198289
51.6127276118769 -0.114267754755983
51.6128494729575 -0.114270802390437
51.6128808022152 -0.113439932171203
51.6126800842255 -0.112597012026027
51.6119053111579 -0.112785271123725
51.611706629505 -0.112974997912319
51.6114791096587 -0.112763292326097
51.6111690505393 -0.112768887749742
51.6106739860201 -0.112953754363984
51.6104771599966 -0.113141492870826
51.6103039464685 -0.113388863446876
51.6100054162983 -0.11313854716418
51.6097864581532 -0.113073557957086
51.6092358138506 -0.113117229224483
51.6089794798038 -0.113288494600417
51.6088656633384 -0.113416816528675
51.6086777183719 -0.113318152598368
51.6083269147148 -0.111421751962015
51.6082597240242 -0.11138036292279
51.6082192727828 -0.111134719729175
51.6083130755671 -0.110634395276507
51.6081536248653 -0.109229245691619
51.6082707623543 -0.109095299750352
51.6083900306137 -0.108954119946468
51.6085922576825 -0.108850930816112
51.6085502751889 -0.108259550774516
51.6080076337106 -0.106624926715273
51.6083129117852 -0.106339658691512
51.6091264651143 -0.105992507945141
51.6091297315202 -0.105988799626541
51.608729525011 -0.105043187285367
51.6081515912067 -0.104354222624646
51.6084258251312 -0.103561057667609
51.6088537295438 -0.103087393721897
51.6088430773493 -0.102934464913346
51.6085399569648 -0.101784428296473
51.6067604716791 -0.10060409869898
51.6066870909523 -0.10063597684682
51.6062093036045 -0.0994599632673374
51.606348700281 -0.0965893928441538
51.6057280384841 -0.0958354402430436
51.6053454245385 -0.0944335714451276
51.6051368572286 -0.0945497038521229
51.6049341053075 -0.0948081163302669
51.6036545290468 -0.0950764703735604
51.6035848199851 -0.0949467498289516
51.6029346258101 -0.0948385885803816
51.6029000900685 -0.0941288716459546
51.6017933516817 -0.0934260860173173
51.6017874338202 -0.0933938305201066
51.6016413564187 -0.0931563532338897
51.6015724348402 -0.092311775538102
51.6013106115008 -0.0916457804302254
51.6012821575505 -0.0916650702533297
51.6004600168455 -0.0929251042577493
51.6001746847385 -0.0927041850001795
51.599783712156 -0.093185355879663
51.5992780589911 -0.0922797055466338
51.5992786409567 -0.0922436079723865
51.5985882348891 -0.0915533500314135
51.5984982403257 -0.091575099534806
51.5986308067936 -0.0927842268844918
51.5981551170166 -0.0928041556425906
51.5979184235475 -0.0920912008542831
51.5974709627353 -0.092144358399842
51.597466841114 -0.0923664378604066
51.5972012757787 -0.0933675685537575
51.5965859209516 -0.0936333366258845
51.5965639985587 -0.0936009216254471
51.5965170807221 -0.0922736165972865
51.5958362019444 -0.0923021469389758
51.5953424841894 -0.0918490424882686
51.5952746572966 -0.091199529768743
51.5945358336006 -0.0912305041416512
51.5990601288294 -0.12078301209119
51.6001686300064 -0.12125252294687
51.6002800013694 -0.121897731840127
51.6001903870546 -0.122173946752321
51.5995812105941 -0.122211695243738
51.5989114087383 -0.12162930123785
51.5987740952565 -0.121250549188625
51.5990601288294 -0.12078301209119
7 4
51.5906388476258 -0.139009255227217
51.5906387679108 -0.139015567079546
51.5906538439508 -0.139059230176337
51.591929142809 -0.138860938937285
51.5921111449587 -0.136926102274476
51.5911306851868 -0.136810999610946
51.5906388476258 -0.139009255227217
