174 4
51.5975307645993 -0.208550150343078
51.5975664060663 -0.208541128891098
51.5983674321178 -0.209185927734072
51.5986578359974 -0.209147003893615
51.5992982703693 -0.208776203735874
51.5993971754214 -0.208647783880473
51.599633104006 -0.208190862634462
51.5998689286464 -0.208304324541539
51.600486413155 -0.208202874227377
51.6009578385429 -0.207520104916093
51.6011438042605 -0.207571000970021
51.6016427098539 -0.207940318258537
51.6022735888667 -0.207020630468013
51.6025897355314 -0.207095687098923
51.6031848808336 -0.205785305390344
51.6032795286298 -0.205155188621633
51.6030869714836 -0.204573426089241
51.6032259408444 -0.20423766652916
51.6046034216863 -0.204142600622017
51.6037760466479 -0.202412628227031
51.6040132921073 -0.20185544478186
51.6040919321148 -0.201771969695398
51.6046668917847 -0.201999292852658
51.6063189099791 -0.201991779950552
51.6067095241753 -0.202285933650193
51.6074820886838 -0.202496421550076
51.6077243452441 -0.201626663980615
51.6082192120677 -0.200692730931305
51.6098602848219 -0.198881188300835
51.6100314071814 -0.198825711820381
51.6103556451467 -0.19634766767985
51.6104436458971 -0.196235935099831
51.6110810208268 -0.194201268660551
51.611774568345 -0.194609714575516
51.6122241011499 -0.194402294585565
51.6125658373245 -0.194422197597897
51.6126760350907 -0.194362687651257
51.6127203251925 -0.194302339313029
51.6124059338537 -0.192268318354053
51.6124384685584 -0.19214520051052
51.6124193903481 -0.191116814752129
51.6116232399535 -0.190969717863527
51.6111091881901 -0.189242612334243
51.6111628981398 -0.18883154393052
51.6113298308447 -0.188679617907789
51.6114638036117 -0.187912386704869
51.6116252594009 -0.187510597405478
51.6114431109038 -0.18658983244111
51.6111775744033 -0.18617802643764
51.6111168019505 -0.185887028378401
51.610416103844 -0.185512348533638
51.6098639067605 -0.185794317038321
51.6095172200368 -0.185244895350104
51.6094007975434 -0.185145701573704
51.6093634662216 -0.184859258792957
51.6089634036184 -0.183986184043322
51.6090609565339 -0.18319697431106
51.6093215793143 -0.183087258281154
51.6093129484977 -0.182529721074766
51.6091493128661 -0.182243800958275
51.6089282286371 -0.182398858652282
51.6086961216246 -0.18208590734167
51.6084759079399 -0.182024329990819
51.6083570493609 -0.182174350513416
51.6083426439219 -0.18253870235749
51.6085264187216 -0.183010644981554
51.6084383602032 -0.183321138674313
51.6083679697639 -0.183402419514224
51.6078223682516 -0.182948495632053
51.6078668826264 -0.18277525106711
51.6076781570662 -0.182122997675382
51.6074072913887 -0.182140127896857
51.6071441519887 -0.181698400585826
51.6071196615777 -0.181585664736104
51.6072066727409 -0.181068627227254
51.6071962285436 -0.181021177388082
51.6071023264345 -0.180727963505873
51.6069764349009 -0.180441507076984
51.6062475916181 -0.181082547743177
51.6062588458538 -0.181425973050236
51.6058325314629 -0.182266251549624
51.6057059595026 -0.18237680157485
51.6054632825 -0.181996663563393
51.604994860651 -0.181691273321542
51.6054205356129 -0.180027079102031
51.6052779036817 -0.179809054118747
51.6047994719861 -0.179699118848117
51.6043505048505 -0.179425483130061
51.6042993491165 -0.178868875258979
51.6041087148369 -0.178077697315776
51.6036189392626 -0.178030507020098
51.6032938109066 -0.177563460701013
51.6031324498658 -0.177002232671666
51.60250683527 -0.176902750687102
51.6027046750798 -0.175761246287404
51.6028977477832 -0.175609086821611
51.6025147746144 -0.174238213579683
51.6020121003338 -0.175136437801333
51.6017957062249 -0.17495652381514
51.6012263446452 -0.173913550350865
51.6010448803501 -0.173991192326343
51.6001216351211 -0.175934166661846
51.6000940947108 -0.175926341109839
51.5995150513599 -0.176538853603512
51.5985543345897 -0.176893174185249
51.5982917020899 -0.177498343804621
51.5982832161982 -0.177606066161178
51.5981056997805 -0.17811770183992
51.5976269377971 -0.178490551676787
51.5971936380018 -0.17988763784644
51.5971976890289 -0.179934380264683
51.5970197136851 -0.181014458084437
51.5960725462691 -0.181019919270502
51.5956862517962 -0.182813015854631
51.5949847777567 -0.182801252517623
51.5947198078191 -0.183274774504018
51.5947186483912 -0.183292795818378
51.5948483307286 -0.184260419845403
51.5945943769289 -0.185138584848796
51.5933323134546 -0.185924294365137
51.592699971316 -0.185650827987045
51.5926888855005 -0.185643175336523
51.5926013732309 -0.185599762651541
51.5919251369771 -0.188490634627455
51.5917580497898 -0.18876069993607
51.5913407072461 -0.189090351547735
51.5910049007912 -0.189769679945631
51.5906054250489 -0.190144670844635
51.5904736164624 -0.190434983463861
51.5901201489511 -0.190937162488354
51.5901030235327 -0.191185063739284
51.5902914724312 -0.192721376676291
51.5902748763476 -0.192776193194344
51.5902594664179 -0.193421937996123
51.5899705783084 -0.194353599919924
51.5900339491694 -0.194914207166003
51.5891798918261 -0.196619889903664
51.5893094538756 -0.196849359127445
51.5892956906047 -0.198540663972157
51.5895756373277 -0.199542861877247
51.5895671448327 -0.199710072598412
51.5897505559755 -0.200860477114943
51.5897250058833 -0.200923737501546
51.5892103625745 -0.201441237275095
51.5886839495692 -0.204049608527095
51.5888123959204 -0.204354006516483
51.5880193354017 -0.206771670538591
51.5880380735375 -0.206856628774241
51.5892380388025 -0.207669697531246
51.5891170796827 -0.209209643226624
51.5898471496438 -0.210070899395917
51.5898791406361 -0.21042969878078
51.5898516502849 -0.210985206578189
51.5900301872245 -0.211333251670806
51.5902267383243 -0.21154204356448
51.5906022136044 -0.211640613162058
51.5914778145583 -0.211221756161384
51.5917339172251 -0.210973037213085
51.5919404184121 -0.210985278920509
51.5922562744398 -0.211666714501088
51.5929920804634 -0.212002778803166
51.5933059289401 -0.21327901933554
51.5938287844311 -0.213651921321348
51.5938888207657 -0.213580048154316
51.5943376435068 -0.212585727324598
51.5940128855368 -0.211018843774485
51.5941047759591 -0.21092547876908
51.5952945914711 -0.210602671284925
51.5955390462274 -0.210262246887081
51.5955857740304 -0.210249220170165
51.5959810978368 -0.209609657138043
51.5969645229568 -0.209193729534671
51.5971051143644 -0.209193199506687
51.5975307645993 -0.208550150343078
6 4
51.6094570163995 -0.181778415771275
51.6089962326825 -0.181432210434085
51.6089864409046 -0.181444271313423
51.6089940340239 -0.181713916521161
51.6091580128476 -0.182149620071419
51.6094570163995 -0.181778415771275
