288 4
51.573771614716 -0.0845493401974739
51.5734874902657 -0.0833904609944472
51.5725954340634 -0.0847953445242942
51.5722556369348 -0.0848131959814486
51.5716051820456 -0.085152621942535
51.5713086015095 -0.085411374133645
51.5713034141396 -0.085484646034735
51.5711075767344 -0.0862594611479272
51.5711009478547 -0.08712103449575
51.570190051351 -0.0895798666429515
51.5701801366281 -0.0895893245738762
51.5692151221028 -0.0898300137861818
51.5691005221768 -0.0899141733192259
51.568336766485 -0.0902527766084172
51.5680829151128 -0.0905746446136324
51.5680814912489 -0.0905755370731585
51.5676582268119 -0.0906627495147532
51.5673455129527 -0.0905992338830161
51.5673312966747 -0.0906150576356033
51.5660606607524 -0.0914880883975278
51.5656022791294 -0.0917155910004692
51.5655308442885 -0.091883586606029
51.5646809310574 -0.0917118148409913
51.5643287942552 -0.0922811588425539
51.5640134426341 -0.0921825340270734
51.5638998519404 -0.09199159774507
51.5638546271814 -0.0915877155111572
51.5642347963569 -0.0907799881939323
51.5638378900021 -0.0900120668714522
51.5622797212756 -0.089380389129223
51.5622208364838 -0.0895956706146231
51.561376205325 -0.0903947554828992
51.5605098912764 -0.0904085637209295
51.5604142699964 -0.0922176634360477
51.5605204560317 -0.0922628225730148
51.5607912718385 -0.0925085461091795
51.5604755504951 -0.0931393557224504
51.5604698188801 -0.0935390361339385
51.5606635856256 -0.0936517882673585
51.5609777896642 -0.0935691797993713
51.561435636217 -0.0949467951877759
51.561427412503 -0.0949552277703894
51.5613036368079 -0.0952219805754488
51.5616455895005 -0.0963339576463298
51.5613710574174 -0.096534678619242
51.5614792178064 -0.0971506290503241
51.5613915181392 -0.097419320082661
51.5612301325745 -0.097628991135542
51.5611640274814 -0.0979266360634616
51.5609700792101 -0.0981961877455628
51.5606275459034 -0.0981618264285917
51.5605968825583 -0.0981946280291501
51.5605596129176 -0.0989292847086264
51.5605691706579 -0.0990586628920955
51.5605108605468 -0.0997156870854248
51.5601455797665 -0.0998698485847296
51.5601381141641 -0.0998918088414275
51.5604676390876 -0.101177384680001
51.5604531808088 -0.101233894254284
51.5600711571528 -0.101386837437893
51.5598382277141 -0.101792404619367
51.559556943082 -0.102043086301714
51.5595565589346 -0.102063799496199
51.5604004438214 -0.103103512561074
51.5598897805803 -0.103729742524478
51.5594192506669 -0.102923451307231
51.5589798568026 -0.103520536255317
51.5589977142347 -0.103596395872976
51.5592633684133 -0.103980373551455
51.5598886822875 -0.103739661082192
51.5599209714735 -0.104085534062647
51.5603930572701 -0.104654710733166
51.5603422388353 -0.105137387416062
51.5596160737608 -0.106208973807055
51.5594798093002 -0.106611448831192
51.5594628960058 -0.106878121503861
51.5597781170923 -0.107069744161626
51.5602330046726 -0.107443037513772
51.5614655160372 -0.106779609564604
51.5615579393186 -0.106540478880009
51.5618823614129 -0.106182508234858
51.5620823543788 -0.106275192993774
51.5626464997823 -0.106778380444126
51.5627214515994 -0.10715581285069
51.5624251581972 -0.108098715770224
51.5622255163267 -0.108356690989364
51.5618745028399 -0.108247781598404
51.5617691610158 -0.109163706267487
51.5612179164352 -0.109231654888496
51.5611922485404 -0.109212021603968
51.5608104599207 -0.109235113342829
51.5608235222083 -0.109817082563607
51.5615004928188 -0.110483229811859
51.5616642438439 -0.110145509944067
51.5620312786444 -0.109870612750838
51.5620497549995 -0.109873534263795
51.562094054408 -0.109911309726943
51.5622413421732 -0.110471553595364
51.5622472067288 -0.110478447878309
51.5627584071267 -0.110424781993646
51.5628632836789 -0.110500731072127
51.5625128177079 -0.111045449910338
51.5628668996773 -0.111702651126516
51.5629023972834 -0.111679530250467
51.5634487708683 -0.112051841005083
51.5637355953458 -0.111786575728675
51.5639587871816 -0.111857509465702
51.5640270883731 -0.112068452985232
51.5646170715297 -0.112279323598628
51.564685098961 -0.11289249485133
51.5650513555568 -0.112825938532736
51.5650983244556 -0.112884427392167
51.5655274360246 -0.112846793481282
51.5656397378421 -0.113200109786244
51.565430865537 -0.113622753215575
51.5654451338374 -0.114202829026931
51.5651802649334 -0.114229134157785
51.5649619059108 -0.114660250410405
51.5646453507009 -0.114983479553234
51.5647142156615 -0.115543325096564
51.5644899760554 -0.115877243615649
51.5641459137139 -0.115932031575805
51.5640704008654 -0.116184138254156
51.5638225805419 -0.116404464360831
51.563676909913 -0.116721564331553
51.563648303005 -0.117263775834792
51.5636682119775 -0.117456858187261
51.5636687643645 -0.117457668092872
51.5636000372012 -0.117723883445639
51.5637360041756 -0.118684938458254
51.563836627705 -0.118854824330469
51.5638385979264 -0.118865568411336
51.5640208320383 -0.11886613692271
51.564035738287 -0.11885386357394
51.5644330490913 -0.118739084688506
51.5647485151204 -0.119171579579568
51.5647916721027 -0.119138273572158
51.5651083910235 -0.119267603446377
51.5654799645064 -0.118949268127628
51.5657223687033 -0.119013260312116
51.5656670817422 -0.119534943697606
51.5656783668102 -0.119824039264335
51.5652430309878 -0.120023179513601
51.5652420865621 -0.120025954639951
51.565266859863 -0.120214323617555
51.565925545194 -0.120292679977292
51.5659945527321 -0.120397141282986
51.5660337103428 -0.120692227797329
51.5663276954314 -0.120653933089176
51.5668733203464 -0.120857830836311
51.5668376616541 -0.1212696222246
51.566808808653 -0.121539441496026
51.5668562611404 -0.12180813834702
51.5669319308348 -0.121885204702357
51.5672563683258 -0.121974624513162
51.5673342326959 -0.121941673612873
51.5675622585591 -0.121641038521587
51.567673575232 -0.121502014176656
51.567986341214 -0.121704698279305
51.5682022822177 -0.121429777750533
51.5681424094713 -0.120374350565088
51.5683192725151 -0.120039645093352
51.5682299567757 -0.119587905343649
51.5682816625851 -0.119044687494207
51.5688488591198 -0.118720988487778
51.5690574468186 -0.11892427049524
51.5693060649514 -0.118910439128985
51.5695659313956 -0.118527200817131
51.5698496502509 -0.117568556629222
51.5698511489086 -0.117566710082509
51.5699668322961 -0.117588106294688
51.5704937311141 -0.116999888195985
51.570917171531 -0.117645341348671
51.5708459911866 -0.118504214154753
51.5710298619044 -0.118623692138768
51.5714265267071 -0.118620046167361
51.5715514601266 -0.119515808404592
51.571660515666 -0.119656583512728
51.5717100453534 -0.11980778711083
51.5721470261032 -0.120367890386686
51.5722266421263 -0.120410652405649
51.5723048537142 -0.12057340680303
51.572362838091 -0.120607066961416
51.5725932434258 -0.121151311762344
51.5726661852906 -0.121237660682386
51.5730339661594 -0.121232372280895
51.5732090860459 -0.121484895579942
51.5733173006452 -0.1214497361309
51.5735971195916 -0.120818640764269
51.5741035458803 -0.121044890964775
51.5743399951085 -0.120445199071959
51.5743078805527 -0.119607779629958
51.5749255570174 -0.119219608779192
51.5749311422986 -0.119220330141222
51.5752179395846 -0.118666372652175
51.5752910029306 -0.11836207239128
51.5755953777534 -0.117699215962228
51.5755612682475 -0.117147673946086
51.5754964857855 -0.116981741063669
51.5754761069913 -0.116423326580399
51.5765198144059 -0.116271060477359
51.5766193307026 -0.115610219170394
51.5764650603271 -0.115050191265759
51.5765277614765 -0.114537947710594
51.57681791007 -0.114361727975723
51.5768630263209 -0.113382083236309
51.5770976156043 -0.113054890019146
51.5774460199072 -0.112940384293617
51.5776732460035 -0.112742362864713
51.5773283588328 -0.111952119752551
51.5771693493176 -0.111802587546351
51.577100488833 -0.111690968157201
51.5773232888474 -0.1104585768128
51.5773583781976 -0.110410118150374
51.5778176964806 -0.110651789768322
51.5779976647049 -0.110366467140441
51.5780054640541 -0.110253453010053
51.5778092395608 -0.109250355923264
51.5782932084084 -0.109035469850739
51.5782839187457 -0.108988970130469
51.5781857886402 -0.107703105007529
51.5782090282808 -0.107666916285423
51.5782726259666 -0.107619174273196
51.5784395298608 -0.106964650495225
51.5786625307456 -0.106059676520011
51.5793854741379 -0.106286663299684
51.5802956476446 -0.1080168624862
51.5806348951239 -0.108154384095695
51.58065727149 -0.108170591443118
51.5808248684508 -0.107631322183292
51.5813713479542 -0.104933952041844
51.5812597439113 -0.104764489073667
51.5817383674516 -0.102422503731289
51.5817619372348 -0.102417951642351
51.5816347772325 -0.100675867262429
51.5820644472556 -0.100578573003544
51.5822398956933 -0.100404287742277
51.5822177819039 -0.100154458689835
51.5822562984749 -0.0997071643713651
51.5823346332372 -0.0994649263384066
51.5821150946445 -0.0988984425308884
51.5819412226788 -0.0988091837174212
51.5818514299734 -0.0981499393265097
51.5816385805874 -0.0980298223346444
51.5814969528896 -0.0974285630495036
51.5813758470735 -0.0972947406788187
51.5811887599284 -0.0972998181122413
51.5811836711534 -0.0972964604876153
51.5813180143532 -0.0960513976525164
51.5811540556632 -0.0957532383649176
51.5811331708025 -0.095751493293849
51.5810842502704 -0.0957228348486864
51.580945353409 -0.0945152619998276
51.5811518123069 -0.0942748020682105
51.5811230385414 -0.0940197861402776
51.5809393442592 -0.0937190100816845
51.5810425322108 -0.0926501858418848
51.5806270612164 -0.0927965830281114
51.579924620092 -0.0924056741106721
51.579478253405 -0.0908953134696225
51.579490411409 -0.0907640211040164
51.5795138190736 -0.0907053242270972
51.5801647693619 -0.0895558385323355
51.580138982752 -0.0888831226908494
51.5801335095351 -0.0888616936897862
51.5800120296241 -0.0886944736989962
51.5792732585108 -0.0865992756766921
51.5789063905413 -0.0865723205298915
51.5786961092578 -0.0864395430509254
51.5780654828298 -0.0866996247718587
51.5780675844291 -0.0868285303738008
51.5780771748968 -0.0868984554725421
51.5776686732044 -0.0877202672008844
51.5774963065631 -0.0877239323069171
51.5774782622653 -0.0877751442092951
51.5769574211515 -0.0878710202097709
51.5768278737592 -0.0877825704581765
51.5766348200067 -0.0869527155887473
51.5765491882867 -0.0868670657116009
51.5759471754586 -0.0878845041264433
51.5752456413451 -0.087031868217801
51.575258601129 -0.0865640476549934
51.5752330200482 -0.0864397058496661
51.5743214111802 -0.0861235256530378
51.5745770985151 -0.0849231342062702
51.5739958005655 -0.0844983890949068
51.5738591264017 -0.0845627954681103
51.573771614716 -0.0845493401974739
7 4
51.5594199209027 -0.101336404859223
51.5591923416175 -0.100800385258337
51.5588639260983 -0.100632909535718
51.5586601232296 -0.101271582273832
51.5589732674439 -0.101712088584931
51.5594615016297 -0.101883861511793
51.5594199209027 -0.101336404859223
