51.5515238502124 -0.0865089275073672
51.5511274276006 -0.0859874142006554
51.5508982680516 -0.0871942714269115
51.5508420011214 -0.0871893770454315
51.5505887661784 -0.0869971109327818
51.5501975684901 -0.0874354681111767
51.5500052577124 -0.0873903741299547
51.549837254043 -0.0870882170377379
51.5493689653631 -0.0880201187298061
51.5492440537199 -0.0879513857428557
51.5491606085615 -0.0880495466412745
51.5489541463984 -0.0887856481041692
51.5491295419449 -0.0894039484366545
51.5490819112502 -0.0898521403242373
51.5490476303665 -0.0898779552195714
51.5487622826182 -0.0912087454150286
51.5489534038984 -0.0917389866994797
51.5486494758694 -0.0921825551226353
51.5485287170433 -0.0932594399249413
51.5484701024563 -0.0933313401969948
51.5482706975176 -0.0941220521430133
51.5482919891009 -0.094204168638025
51.5481569244888 -0.0954420595835591
51.5477280005685 -0.0957402628080443
51.5476952527026 -0.0957886029812561
51.5476006775825 -0.0961098257934004
51.547850040525 -0.0969620541735762
51.5475936949293 -0.0975470069898574
51.5471477862616 -0.0980289083020068
51.5471329212676 -0.0982765189574822
51.5471993790677 -0.0987271792832991
51.5473647434118 -0.0990735900491033
51.5469331384102 -0.100272539028175
51.5471291920411 -0.100965626452402
51.5470787069743 -0.10116239547769
51.5467358567412 -0.101441733133015
51.5465424610844 -0.101318144117638
51.5461503699326 -0.101448981042391
51.5462773881276 -0.101981783160599
51.5465099725531 -0.102027162063858
51.5466715090042 -0.102643320854223
51.5466666015526 -0.102701199160003
51.546230965576 -0.102969041770128
51.5459629249266 -0.102893620850913
51.5459585688237 -0.103285861255635
51.5460515632832 -0.103883342962615
51.5459965708476 -0.104068518872116
51.5460663560597 -0.104720954114064
51.5460790540835 -0.104750155014903
51.5461986704361 -0.104725444729608
51.5463075633743 -0.104509964894015
51.5463609966788 -0.104456372998832
51.5468039011975 -0.104181939175581
51.547103035893 -0.104295675800189
51.5471973870716 -0.104281883976794
51.5472028849459 -0.104499749515237
51.5472219590734 -0.105046094808552
51.547358100054 -0.10519289062358
51.548105675268 -0.105614320226912
51.5481278978068 -0.105765733099452
51.5484401575125 -0.106080032383637
51.5485364403547 -0.106280577411931
51.548917300877 -0.106478464720199
51.5489546460835 -0.106597738597146
51.5489000414244 -0.107821448733217
51.5493460274974 -0.107631695795913
51.549493315671 -0.107416398353671
51.5495166297325 -0.10741269558941
51.5499628640854 -0.107812433396504
51.5499550061116 -0.108083312173897
51.5498820342342 -0.108430624698545
51.5499739794176 -0.108886572377747
51.5504442366661 -0.108579509353356
51.5506702995259 -0.108543969405291
51.5506953135351 -0.108556489487687
51.5507234750301 -0.10865272206028
51.5505940834819 -0.109387342307469
51.5506733519454 -0.109503101021871
51.5510782203228 -0.10935014502669
51.5512389904445 -0.109603098458792
51.5513835615471 -0.109559286210786
51.5514461080113 -0.109223099844077
51.5510360936955 -0.108950750540623
51.5510098110025 -0.108842784369779
51.5514364053296 -0.108565353874438
51.5516439787328 -0.108587427777911
51.5516763567466 -0.108426601349884
51.551970571247 -0.107672395552696
51.55192726335 -0.107473202000955
51.5525747431367 -0.106561006268528
51.552657452577 -0.105965174799708
51.5530640669306 -0.105753592891412
51.5532158575856 -0.105984439262917
51.5532769817671 -0.106034111927615
51.5538988349122 -0.106564539349715
51.5540924513776 -0.106841467837561
51.5542723446817 -0.107192827326599
51.5544444654012 -0.107636449681237
51.5545426680146 -0.107950647436701
51.5547248710897 -0.10816668779557
51.5548443890282 -0.108336566272313
51.5550982409665 -0.108753377595788
51.5551781391952 -0.108718544952753
51.5558905410932 -0.109211972155039
51.5559552898949 -0.109257933442099
51.5560547489324 -0.109298887278958
51.556358172269 -0.109422492106878
51.5570347554542 -0.109322238043917
51.5573673645076 -0.108869305038934
51.5578255251655 -0.108285907258996
51.5579182753302 -0.108328923095834
51.5582344616608 -0.108201377690847
51.5592033746858 -0.107336144566065
51.5593679849111 -0.106968657601858
51.5594628960058 -0.106878121503861
51.5594798093002 -0.106611448831192
51.5596160737608 -0.106208973807055
51.5603422388353 -0.105137387416062
51.5603930572701 -0.104654710733166
51.5599209714735 -0.104085534062647
51.5598886822875 -0.103739661082192
51.5592633684133 -0.103980373551455
51.5589977142347 -0.103596395872976
51.5589798568026 -0.103520536255317
51.5594192506669 -0.102923451307231
51.5598897805803 -0.103729742524478
51.5604004438214 -0.103103512561074
51.5595565589346 -0.102063799496199
51.559556943082 -0.102043086301714
51.5598382277141 -0.101792404619367
51.5600711571528 -0.101386837437893
51.5604531808088 -0.101233894254284
51.5604676390876 -0.101177384680001
51.5601381141641 -0.0998918088414275
51.5601455797665 -0.0998698485847296
51.5605108605468 -0.0997156870854248
51.5605691706579 -0.0990586628920955
51.5605596129176 -0.0989292847086264
51.5605968825583 -0.0981946280291501
51.5606275459034 -0.0981618264285917
51.5609700792101 -0.0981961877455628
51.5611640274814 -0.0979266360634616
51.5612301325745 -0.097628991135542
51.5613915181392 -0.097419320082661
51.5614792178064 -0.0971506290503241
51.5613710574174 -0.096534678619242
51.5616455895005 -0.0963339576463298
51.5613036368079 -0.0952219805754488
51.561427412503 -0.0949552277703894
51.561435636217 -0.0949467951877759
51.5609777896642 -0.0935691797993713
51.5606635856256 -0.0936517882673585
51.5604698188801 -0.0935390361339385
51.5604755504951 -0.0931393557224504
51.5607912718385 -0.0925085461091795
51.5605204560317 -0.0922628225730148
51.5604142699964 -0.0922176634360477
51.5603242273823 -0.0924576695571727
51.5601579387798 -0.0924204969104606
51.5598723105354 -0.0912142777262629
51.5600071494954 -0.0902302616276384
51.5594074196074 -0.0895999753637465
51.5593911534415 -0.0896113624388428
51.5589559922375 -0.089680150823244
51.5581035913333 -0.0906481658367864
51.5579795297198 -0.0905984088110389
51.5576075044956 -0.0907130705153168
51.5570736003984 -0.0917579833846527
51.5569211206223 -0.091237805985632
51.5565980878724 -0.0910484151561388
51.5564952914786 -0.0910292877140255
51.5559261994275 -0.0912153495955542
51.5557801710384 -0.0907382108808409
51.5557793999741 -0.0906742535845107
51.5550829887479 -0.0903175818250686
51.5550662088007 -0.0900378290715157
51.5548348145105 -0.0896130441017002
51.5547154615047 -0.0896261325345722
51.5544157159524 -0.0903482646047264
51.5540901136894 -0.0900950104061054
51.5542285976441 -0.0893851102672052
51.5540454231579 -0.0889680679811446
51.5537080816494 -0.0888442425165064
51.5535558442689 -0.0891013361594895
51.5534074600025 -0.0890209709716491
51.5531524732006 -0.0881526240213518
51.5527453500992 -0.0879173203343908
51.5526785327194 -0.0879876753711958
51.5525900440822 -0.0880356282949971
51.5525831393676 -0.0880422211759206
51.5519793443045 -0.0874391122596618
51.5519414383617 -0.0871873816719272
51.5521327635408 -0.0867529909125156
51.5519206198484 -0.0861037346520043
51.5515238502124 -0.0865089275073672
51.5591923416175 -0.100800385258337
51.5594199209027 -0.101336404859223
51.5594615016297 -0.101883861511793
51.5589732674439 -0.101712088584931
51.5586601232296 -0.101271582273832
51.5588639260983 -0.100632909535718
51.5591923416175 -0.100800385258337
