51.5678264487696 -0.144945165089988
51.567646433101 -0.145107628991832
51.5662362105664 -0.144596839005331
51.5661481828856 -0.144618505293583
51.5656772147701 -0.144573674068495
51.5655791725413 -0.144553277446321
51.5651508259884 -0.144890012257002
51.5649502138653 -0.144932438502472
51.5641387721786 -0.145721934011067
51.5640294224542 -0.145947410907829
51.5634871778209 -0.146256157879143
51.5630622013869 -0.145685550592674
51.5621627091911 -0.146114337343412
51.5628452290909 -0.147219172081027
51.5628429310296 -0.147227354585409
51.5620368143422 -0.147592004022306
51.5619200977129 -0.147504794820324
51.5616016544402 -0.147970355911718
51.5620130109716 -0.149074438558939
51.5618564706557 -0.149215213506451
51.5612674910789 -0.14921747654208
51.5612119249914 -0.149308114604789
51.5613583940471 -0.149993763386499
51.5618096713128 -0.150249520409341
51.5619463632136 -0.150703020797521
51.561811919166 -0.150791386248001
51.5612037577352 -0.150637508012106
51.5607171950167 -0.151040509232532
51.5604265419627 -0.151593286597139
51.5605587185827 -0.152325544208649
51.559905824594 -0.157015422362399
51.5603386633967 -0.157426146249638
51.5613345534901 -0.159018050143258
51.5613536788233 -0.159045231787868
51.5623311549744 -0.160209469927475
51.5636182503927 -0.162677908016332
51.5642963783415 -0.166024065737765
51.5643067850247 -0.166039944661443
51.5647726753968 -0.166686673246085
51.5649055219213 -0.166771503484544
51.5660628984932 -0.166675344184778
51.5677640135115 -0.164787033875795
51.5693062418243 -0.163466899313245
51.5708310968017 -0.164300042327372
51.5720245573958 -0.165890809940415
51.5728585268928 -0.169194363595408
51.5735889987894 -0.168661707391977
51.5743835826743 -0.169051819245043
51.5749888060762 -0.168875074479665
51.5760442918541 -0.169860027756964
51.5765020020487 -0.169032611167811
51.5767854468557 -0.167966700690518
51.5769053410049 -0.165156720718834
51.5772659835944 -0.16499964095017
51.5780019168962 -0.164294336592061
51.5796703151661 -0.163517267582835
51.5796704241636 -0.163449551599585
51.5800500101523 -0.161270196657082
51.5800706251187 -0.160858926282608
51.5810848482928 -0.15843919271499
51.5808142506819 -0.157889027454048
51.5808327599253 -0.157310037754039
51.5812458841945 -0.156459813687945
51.581734798597 -0.156771936396149
51.5817845430812 -0.1567510014929
51.5823941729598 -0.157817876580945
51.5824425112268 -0.157861977940732
51.5824459102551 -0.157860888414703
51.5825181327209 -0.157868797460477
51.5829732976848 -0.15853969452694
51.5831435829017 -0.158638253475209
51.5831298512591 -0.158851717731257
51.5833951379319 -0.159975049019166
51.58350227853 -0.160077116921331
51.5837975466119 -0.160108510217442
51.5838750901956 -0.160943460981934
51.5844906122211 -0.161344439724745
51.585435519453 -0.160024372534144
51.5855892158774 -0.16003970555071
51.585935775663 -0.158927769080823
51.586634626193 -0.15848545113888
51.5867813862736 -0.15729134337572
51.5865361348578 -0.156420643849027
51.5872219755829 -0.155311219740128
51.5872893824374 -0.155092823311167
51.5873268069446 -0.154694252629629
51.5872774869474 -0.15447344352298
51.5870268429036 -0.153975620987893
51.5861841460766 -0.154101897068485
51.5851302885864 -0.152954571707769
51.5849739794768 -0.152287880199037
51.5842082134884 -0.150757373605007
51.5824527892777 -0.152876418086968
51.5809305585431 -0.150708235739956
51.5806895813932 -0.149843815647553
51.5806394766164 -0.149459802357159
51.581006020534 -0.148754803693958
51.5810883005757 -0.148625195664016
51.5808404722107 -0.145256020359064
51.5810930189539 -0.143511953269774
51.58110458066 -0.143469949307974
51.5814410465453 -0.142542389641026
51.5805101358741 -0.141598924934754
51.5803652841067 -0.141234020231727
51.5797332054481 -0.140155714110276
51.5796778328217 -0.139844049010117
51.5796531670618 -0.139297530943153
51.5796484590546 -0.138649165875374
51.579702074914 -0.137988420887877
51.5801366546813 -0.13635234084089
51.5801398454871 -0.136349473243779
51.5813054699582 -0.135709970483586
51.5808761589054 -0.134072304837749
51.58032599813 -0.133558968247644
51.5801295104086 -0.132402458182574
51.5802629375506 -0.131725810814256
51.5798730295001 -0.131549613129256
51.5792026152258 -0.132162591110929
51.5791068131286 -0.132192699050226
51.5786308205522 -0.132866231719961
51.5784004555768 -0.133004667027904
51.577895782152 -0.132570661674346
51.5773875908075 -0.13258792210571
51.5766577012821 -0.133344889649005
51.5761623597686 -0.132243086208929
51.5761570094558 -0.131099551190224
51.5760332671006 -0.130493007991113
51.5764221942247 -0.130065809137869
51.5764586412019 -0.129949722854631
51.5761701216479 -0.128954889326971
51.5757276909973 -0.129020059751712
51.5756779371655 -0.129107776475109
51.575636942826 -0.129372786921289
51.5749774756885 -0.129910444914499
51.5747371068009 -0.129099526723772
51.5747467804264 -0.129029640115742
51.5745513560348 -0.127875031131934
51.5745884981875 -0.127746306546226
51.5743281218819 -0.127057120327897
51.5740469415628 -0.126878299269248
51.5735864600255 -0.126910793345879
51.5735410424529 -0.127765905864809
51.574396451608 -0.128004072217623
51.5739672693547 -0.128634962164402
51.5740575076044 -0.129180618527401
51.5738402354888 -0.129581837230335
51.5734420487663 -0.129467417534098
51.5731261601955 -0.130252475114558
51.5736390259562 -0.130692261997826
51.5736485188509 -0.131000402722135
51.5734607116645 -0.131699886655613
51.5735370742841 -0.132108921337546
51.5733581897494 -0.132414787788005
51.573279937026 -0.132807670316606
51.5728087369806 -0.133279711209171
51.5724855758026 -0.133366005293594
51.5724286597345 -0.133478395689105
51.572255109559 -0.133498116665871
51.5716277099154 -0.134221873526687
51.5716352387711 -0.134310919606117
51.5715228979995 -0.134997275521769
51.571219096542 -0.135311916721912
51.5711409769151 -0.135917504881262
51.5712539162534 -0.136168214863675
51.5705421389206 -0.137240760038608
51.5705002321167 -0.137398452494245
51.5705048606103 -0.137497490533677
51.5704388240085 -0.137788828424743
51.570371098772 -0.138053107667332
51.5694962527835 -0.137823775440688
51.5693101520172 -0.138066711104734
51.5691904126566 -0.138707400426148
51.5684077453624 -0.1390695127046
51.5683397920865 -0.139313919155162
51.568736814219 -0.139905541726162
51.5688117404384 -0.140492351808688
51.5683646004563 -0.141117471266965
51.5688546414972 -0.141844277419184
51.5689949069867 -0.1422091607406
51.5690117656836 -0.142382531736481
51.5678865599292 -0.144505382709219
51.5678264487696 -0.144945165089988
