51.5513835615471 -0.109559286210786
51.5512389904445 -0.109603098458792
51.5510782203228 -0.10935014502669
51.5506733519454 -0.109503101021871
51.5505940834819 -0.109387342307469
51.5507234750301 -0.10865272206028
51.5506953135351 -0.108556489487687
51.5506702995259 -0.108543969405291
51.5504442366661 -0.108579509353356
51.5499739794176 -0.108886572377747
51.5498820342342 -0.108430624698545
51.5499550061116 -0.108083312173897
51.5499628640854 -0.107812433396504
51.5495166297325 -0.10741269558941
51.549493315671 -0.107416398353671
51.5493460274974 -0.107631695795913
51.5489000414244 -0.107821448733217
51.5489546460835 -0.106597738597146
51.548917300877 -0.106478464720199
51.5485364403547 -0.106280577411931
51.5484401575125 -0.106080032383637
51.5481278978068 -0.105765733099452
51.548105675268 -0.105614320226912
51.547358100054 -0.10519289062358
51.5472219590734 -0.105046094808552
51.5472028849459 -0.104499749515237
51.5471973870716 -0.104281883976794
51.547103035893 -0.104295675800189
51.5468039011975 -0.104181939175581
51.5463609966788 -0.104456372998832
51.5463075633743 -0.104509964894015
51.5461986704361 -0.104725444729608
51.5460790540835 -0.104750155014903
51.5458682737548 -0.105592736161453
51.545905658449 -0.105942692442256
51.5458647150195 -0.106179722779379
51.5456899232022 -0.106579037121725
51.5456923378066 -0.106695233972783
51.5455357674284 -0.107399394366953
51.5452837839073 -0.107533399859035
51.5450842738395 -0.108312343587269
51.5451517964076 -0.108831446788867
51.5450826913859 -0.108961428490483
51.545057236402 -0.109083297905964
51.5444997822954 -0.109050520030504
51.5443716722987 -0.109200900841196
51.5443380633663 -0.109218465740625
51.5442716863649 -0.109311350587591
51.5442449183498 -0.109452178632058
51.5442419544502 -0.109480245175241
51.5441791629337 -0.109706396943084
51.5441076661126 -0.109855380134157
51.5439735039706 -0.109953807220287
51.5439271090235 -0.110494741945753
51.5439271437995 -0.11051364695872
51.5439008146196 -0.110586915033357
51.5440047420831 -0.111072870750363
51.5438585697994 -0.111374648933932
51.5437630842961 -0.111407378219108
51.5437901113384 -0.111863342078408
51.5435981801602 -0.112187581096647
51.5435989333772 -0.11220645623694
51.543801381064 -0.112574897632772
51.543557210983 -0.112949095688541
51.5432972747458 -0.113047364504937
51.5432333131432 -0.113732296811587
51.5432447890582 -0.113803047362446
51.5434892509486 -0.114078672967827
51.5429766445371 -0.115152659697233
51.5429599256845 -0.115382244415893
51.5433959777974 -0.115709415700178
51.5430324749241 -0.116882695641006
51.5430817195187 -0.11706627528577
51.5430602913249 -0.117333152864729
51.5428940507971 -0.117869976771164
51.5426931055334 -0.117935936873964
51.54237224847 -0.118350239308162
51.5422373762515 -0.118701932170515
51.5421933170469 -0.119200410656951
51.542050666573 -0.119381080295677
51.5418091299677 -0.120869237985225
51.5417782409292 -0.120944467913295
51.5417781552578 -0.121208554437677
51.5418972438011 -0.12214452946882
51.5413737804772 -0.122814210720403
51.5410922510901 -0.123018652849483
51.5405610955342 -0.123859724720912
51.5402897435275 -0.124116053565715
51.5399249795925 -0.124647544726385
51.5410991161619 -0.125877343047396
51.5411010028048 -0.125877265539696
51.5414305537412 -0.125673483861639
51.5421296631451 -0.125710631353379
51.5424654263177 -0.124927999228593
51.5428435477506 -0.126025530280221
51.5428366173744 -0.126137586094253
51.5428649027533 -0.126343795344417
51.5431850147687 -0.12692815101689
51.5434641846977 -0.126198370010249
51.5436374521783 -0.12603714821513
51.5437649435117 -0.126111222059069
51.5442604760766 -0.126657823493763
51.5442613230774 -0.126688348355408
51.544581062374 -0.127181892157602
51.5447274819392 -0.127135212974923
51.5453047276411 -0.126437280592725
51.5454005525509 -0.12653251715289
51.5458952860607 -0.126286022731536
51.545916483426 -0.127613771902039
51.5461240236869 -0.127498824030042
51.5462930549186 -0.127089002481293
51.5469701682949 -0.127420918831766
51.5469692370916 -0.127469593785269
51.5471807470411 -0.127693511105201
51.5478898175999 -0.127583180727938
51.5479470682331 -0.127706170651303
51.5480576588628 -0.12775217122016
51.5481064482221 -0.127897033491906
51.5481065136132 -0.128808427108161
51.5482637162208 -0.129071448996973
51.5485241559214 -0.129139252289816
51.5486110543405 -0.129300630215113
51.5488414860832 -0.129459808272199
51.5488475315537 -0.129839037403116
51.5488898360819 -0.129960742791866
51.5489946560918 -0.130581138984314
51.5491100014838 -0.130677375416793
51.5492579517138 -0.131240234439692
51.5493656702163 -0.131235820478068
51.5498512895413 -0.131663906378484
51.5500526333685 -0.131509618741802
51.5500736124641 -0.131506023929622
51.5506108986224 -0.130798046811874
51.5509600088725 -0.131748350387825
51.5514830432536 -0.131488828705385
51.5515535237434 -0.132386583155206
51.5516686467807 -0.132327755874664
51.552174737636 -0.132449505699835
51.5520607564694 -0.132947254984797
51.5524662694394 -0.133284945525298
51.5526698336661 -0.133213578844638
51.5526969129812 -0.132904082052128
51.5528536350508 -0.132713796961798
51.5529332917053 -0.132499550256471
51.553035654535 -0.13242411779616
51.5531000362733 -0.132278167761451
51.5531548335104 -0.132027117004809
51.5534520521036 -0.131847245711169
51.5536645075822 -0.132119819392782
51.5536513814661 -0.132283533922878
51.5538991256368 -0.132751263775024
51.5543010322657 -0.132704120069063
51.5543400845895 -0.132847621912902
51.5545694571934 -0.133059212266242
51.5547021569047 -0.133760498264255
51.5545945715026 -0.133790235021526
51.5543271772683 -0.13403108091876
51.5541820583778 -0.13447065624683
51.554208887707 -0.13472193858449
51.5541063965392 -0.135077821139476
51.5547492836456 -0.135271440177533
51.5550038773878 -0.134886852237012
51.555019224739 -0.134783462812641
51.554819509241 -0.134418409668926
51.5547682722271 -0.133830819175125
51.555363752449 -0.133361143098329
51.5556439480989 -0.133749900873155
51.5560652835271 -0.133483000271504
51.5563231210769 -0.133540003177882
51.5564504789831 -0.134674480582941
51.556463834296 -0.134717228662746
51.5565685630743 -0.134745296079296
51.556963406672 -0.135418888185104
51.5570121575775 -0.135646809864981
51.5577698408576 -0.135059524189164
51.5577833427118 -0.13504362807638
51.5579334721943 -0.135360302761448
51.5579411439625 -0.135435756767998
51.5581906396256 -0.135907043744047
51.5586198788711 -0.13593362218645
51.5590726678349 -0.13545073692932
51.5591261263881 -0.135115020918763
51.5592439747087 -0.134724213563671
51.5590610092575 -0.134134820286832
51.5595031831304 -0.132793060600572
51.5595394304707 -0.132539999035223
51.5594912620301 -0.132371637499785
51.5590001029309 -0.131900267362786
51.5588202534795 -0.13182925083011
51.5584135914474 -0.132317416655634
51.5583215265342 -0.132633182898682
51.5578617693526 -0.132202998422653
51.5579511918035 -0.131789094389589
51.5577709612938 -0.131490911795592
51.5580773228701 -0.130925617867062
51.5582440467769 -0.130945783363486
51.5583175448687 -0.130909465389384
51.5586061504693 -0.131080691909087
51.5592567317129 -0.130171187891956
51.5592270938931 -0.130094016659622
51.5588615256769 -0.129702330412276
51.5584619428128 -0.129725978668294
51.5584038334962 -0.129768923096251
51.5582031994592 -0.12969686535911
51.5578823461988 -0.128918451260201
51.55839660363 -0.128362683387696
51.558566138061 -0.127961653832816
51.5584804243016 -0.127818274849352
51.5581907889631 -0.127543391213225
51.5583974318868 -0.125632481368507
51.5583879839846 -0.125609437437176
51.5583849471119 -0.125605042346072
51.5583643193206 -0.124775409725823
51.5589146070011 -0.124320876868248
51.5591950196514 -0.124108317436748
51.5590792372371 -0.123456608440133
51.5591664115121 -0.123308736133058
51.5595976498056 -0.123089126988368
51.5599355269752 -0.123282546165409
51.5598792690241 -0.123817757883694
51.5601939814069 -0.124322360422274
51.5602211214373 -0.124473619756373
51.5603519282307 -0.124586356663237
51.5607871023141 -0.124370992937619
51.5608919060063 -0.124071797391769
51.5610192812964 -0.124048593833184
51.5612408172877 -0.123454225948048
51.5615618794055 -0.123551874647445
51.5616059075431 -0.123539237431878
51.5617201587373 -0.123600435313681
51.5619116447344 -0.123291358473847
51.5618486063141 -0.122424748870685
51.562329646892 -0.122193906523771
51.5623761990289 -0.122091827465369
51.5622290967593 -0.121713778338218
51.5622182741453 -0.121413979136074
51.5624526076233 -0.120631579095131
51.5625839984459 -0.120724420475144
51.5630594963308 -0.120265622721937
51.5631676592 -0.120294589647247
51.5635381633737 -0.119561508862757
51.5635373570215 -0.119556069988568
51.5634326888115 -0.119442261420445
51.5633763032823 -0.118336364290375
51.5637360041756 -0.118684938458254
51.5636000372012 -0.117723883445639
51.5636687643645 -0.117457668092872
51.5636682119775 -0.117456858187261
51.563648303005 -0.117263775834792
51.563676909913 -0.116721564331553
51.5638225805419 -0.116404464360831
51.5640704008654 -0.116184138254156
51.5641459137139 -0.115932031575805
51.5644899760554 -0.115877243615649
51.5647142156615 -0.115543325096564
51.5646453507009 -0.114983479553234
51.5649619059108 -0.114660250410405
51.5651802649334 -0.114229134157785
51.5654451338374 -0.114202829026931
51.565430865537 -0.113622753215575
51.5656397378421 -0.113200109786244
51.5655274360246 -0.112846793481282
51.5650983244556 -0.112884427392167
51.5650513555568 -0.112825938532736
51.564685098961 -0.11289249485133
51.5646170715297 -0.112279323598628
51.5640270883731 -0.112068452985232
51.5639587871816 -0.111857509465702
51.5637355953458 -0.111786575728675
51.5634487708683 -0.112051841005083
51.5629023972834 -0.111679530250467
51.5628668996773 -0.111702651126516
51.5625128177079 -0.111045449910338
51.5628632836789 -0.110500731072127
51.5627584071267 -0.110424781993646
51.5622472067288 -0.110478447878309
51.5622413421732 -0.110471553595364
51.562094054408 -0.109911309726943
51.5620497549995 -0.109873534263795
51.5620312786444 -0.109870612750838
51.5616642438439 -0.110145509944067
51.5615004928188 -0.110483229811859
51.5608235222083 -0.109817082563607
51.5608104599207 -0.109235113342829
51.5611922485404 -0.109212021603968
51.5612179164352 -0.109231654888496
51.5617691610158 -0.109163706267487
51.5618745028399 -0.108247781598404
51.5622255163267 -0.108356690989364
51.5624251581972 -0.108098715770224
51.5627214515994 -0.10715581285069
51.5626464997823 -0.106778380444126
51.5620823543788 -0.106275192993774
51.5618823614129 -0.106182508234858
51.5615579393186 -0.106540478880009
51.5614655160372 -0.106779609564604
51.5602330046726 -0.107443037513772
51.5597781170923 -0.107069744161626
51.5594628960058 -0.106878121503861
51.5593679849111 -0.106968657601858
51.5592033746858 -0.107336144566065
51.5582344616608 -0.108201377690847
51.5579182753302 -0.108328923095834
51.5578255251655 -0.108285907258996
51.5573673645076 -0.108869305038934
51.5570347554542 -0.109322238043917
51.556358172269 -0.109422492106878
51.5560547489324 -0.109298887278958
51.5559552898949 -0.109257933442099
51.5558905410932 -0.109211972155039
51.5551781391952 -0.108718544952753
51.5550982409665 -0.108753377595788
51.5548443890282 -0.108336566272313
51.5547248710897 -0.10816668779557
51.5545426680146 -0.107950647436701
51.5544444654012 -0.107636449681237
51.5542723446817 -0.107192827326599
51.5540924513776 -0.106841467837561
51.5538988349122 -0.106564539349715
51.5532769817671 -0.106034111927615
51.5532158575856 -0.105984439262917
51.5530640669306 -0.105753592891412
51.552657452577 -0.105965174799708
51.5525747431367 -0.106561006268528
51.55192726335 -0.107473202000955
51.551970571247 -0.107672395552696
51.5516763567466 -0.108426601349884
51.5516439787328 -0.108587427777911
51.5514364053296 -0.108565353874438
51.5510098110025 -0.108842784369779
51.5510360936955 -0.108950750540623
51.5514461080113 -0.109223099844077
51.5513835615471 -0.109559286210786
