51.58065727149 -0.108170591443118
51.5806348951239 -0.108154384095695
51.5802956476446 -0.1080168624862
51.5793854741379 -0.106286663299684
51.5786625307456 -0.106059676520011
51.5784395298608 -0.106964650495225
51.5782726259666 -0.107619174273196
51.5782090282808 -0.107666916285423
51.5781857886402 -0.107703105007529
51.5782839187457 -0.108988970130469
51.5782932084084 -0.109035469850739
51.5778092395608 -0.109250355923264
51.5780054640541 -0.110253453010053
51.5779976647049 -0.110366467140441
51.5778176964806 -0.110651789768322
51.5773583781976 -0.110410118150374
51.5773232888474 -0.1104585768128
51.577100488833 -0.111690968157201
51.5771693493176 -0.111802587546351
51.5773283588328 -0.111952119752551
51.5776732460035 -0.112742362864713
51.5774460199072 -0.112940384293617
51.5770976156043 -0.113054890019146
51.5768630263209 -0.113382083236309
51.57681791007 -0.114361727975723
51.5765277614765 -0.114537947710594
51.5764650603271 -0.115050191265759
51.5766193307026 -0.115610219170394
51.5765198144059 -0.116271060477359
51.5754761069913 -0.116423326580399
51.5754964857855 -0.116981741063669
51.5755612682475 -0.117147673946086
51.5755953777534 -0.117699215962228
51.5752910029306 -0.11836207239128
51.5752179395846 -0.118666372652175
51.5749311422986 -0.119220330141222
51.5749255570174 -0.119219608779192
51.5743078805527 -0.119607779629958
51.5743399951085 -0.120445199071959
51.5741035458803 -0.121044890964775
51.5735971195916 -0.120818640764269
51.5733173006452 -0.1214497361309
51.5739783685893 -0.122042164859382
51.5739757025245 -0.122167686813037
51.5737466198178 -0.123042990224896
51.5738560761562 -0.123349630972603
51.5740647920453 -0.124224989051351
51.5740083445001 -0.12453489381289
51.5741286156885 -0.124804089758757
51.5740469415628 -0.126878299269248
51.5743281218819 -0.127057120327897
51.5745884981875 -0.127746306546226
51.5745513560348 -0.127875031131934
51.5747467804264 -0.129029640115742
51.5747371068009 -0.129099526723772
51.5749774756885 -0.129910444914499
51.575636942826 -0.129372786921289
51.5756779371655 -0.129107776475109
51.5757276909973 -0.129020059751712
51.5761701216479 -0.128954889326971
51.5764586412019 -0.129949722854631
51.5764221942247 -0.130065809137869
51.5760332671006 -0.130493007991113
51.5761570094558 -0.131099551190224
51.5761623597686 -0.132243086208929
51.5766577012821 -0.133344889649005
51.5773875908075 -0.13258792210571
51.577895782152 -0.132570661674346
51.5784004555768 -0.133004667027904
51.5786308205522 -0.132866231719961
51.5791068131286 -0.132192699050226
51.5792026152258 -0.132162591110929
51.5798730295001 -0.131549613129256
51.5802629375506 -0.131725810814256
51.5801295104086 -0.132402458182574
51.58032599813 -0.133558968247644
51.5808761589054 -0.134072304837749
51.5813054699582 -0.135709970483586
51.582121372644 -0.135918402255066
51.5821607840767 -0.135915004324942
51.5833012809858 -0.134627879598424
51.5837054262261 -0.134840426808084
51.5839087293158 -0.135007169289246
51.5855984458956 -0.134214476249532
51.5859638281085 -0.134278893199676
51.5861248191202 -0.134611500630278
51.5868361636585 -0.134926929012483
51.587063856085 -0.134886064186036
51.5870684630224 -0.134830887905356
51.5874657074523 -0.133670581015742
51.5875412816995 -0.133747823900268
51.5877728603694 -0.133860927548637
51.5884873536617 -0.132983600046238
51.5893080117571 -0.133632097344243
51.5896437838843 -0.133773548144901
51.5898318146523 -0.133641220117249
51.5909162517456 -0.131793099031721
51.5919686359908 -0.131179751285729
51.592006033468 -0.130745052501749
51.592595422549 -0.129008295776954
51.5932253603835 -0.127132576049637
51.5946435926035 -0.12517839599125
51.5946493861624 -0.123886921855868
51.5946596875708 -0.123811501654619
51.5943860888368 -0.121577797716301
51.5943705594499 -0.121281552331398
51.5944568423046 -0.119590594984902
51.5940311041711 -0.11873919086731
51.5937155025613 -0.118275719704756
51.5928093017534 -0.117595858030447
51.5926642789794 -0.117191299174396
51.5925023255994 -0.116588892191461
51.5918454550886 -0.115066839175623
51.5911443520661 -0.114183601138667
51.591021435273 -0.113773628766831
51.5898891631738 -0.113969433100765
51.5897140042334 -0.113844090228638
51.5898020318797 -0.112564579908257
51.5900038860783 -0.112410046205799
51.5898141357162 -0.112182473376478
51.5898144386167 -0.112117471342566
51.5904240545874 -0.111945077158171
51.5907282677034 -0.112442272556422
51.591164638809 -0.11311897331222
51.5917184643686 -0.112182919594432
51.5919315315721 -0.112088381759925
51.5923891518873 -0.112275100915259
51.5927594879024 -0.112534959002738
51.5936278410242 -0.111686883674418
51.5936509704887 -0.111632595251199
51.5934588687962 -0.110521725091661
51.5933392057985 -0.110225287579902
51.593359848411 -0.10996635720551
51.5933924547925 -0.109825134388422
51.5933937279333 -0.10910049874839
51.5931330932499 -0.108680884350368
51.5931135068374 -0.108564446441171
51.5931449775718 -0.107705952844889
51.5927892611514 -0.107472545345636
51.592173060174 -0.107682183731064
51.5921670332094 -0.106979535032991
51.5922509081144 -0.106700839609788
51.5926791064499 -0.106623517153787
51.5927706020956 -0.106471750631879
51.5926640197271 -0.106134192764151
51.5924130175472 -0.105844187570638
51.5921641416626 -0.10632103692344
51.5918250607624 -0.106015651939036
51.5916186170065 -0.105339440888289
51.5915088052282 -0.105308776240944
51.5915086255516 -0.105308783717105
51.591318570523 -0.105352758484106
51.5907549205638 -0.104340403235294
51.5908069634367 -0.104083867343413
51.5906294095334 -0.103465991951223
51.5901557334627 -0.103493813422436
51.5901336274089 -0.103472118499372
51.5899632705931 -0.103366493024105
51.5898300317364 -0.103254680190946
51.589282795341 -0.103180942139761
51.5892825258263 -0.1031809533657
51.5887604794176 -0.102891445246451
51.5887102854523 -0.102800577227446
51.5883111030192 -0.102375982888949
51.5882276792633 -0.102298284430402
51.5880406597547 -0.101840575202802
51.5879739255542 -0.101772061487629
51.5879438835788 -0.100631996139543
51.5879309270251 -0.100609088861823
51.5873923707193 -0.10039969480493
51.5872045786846 -0.10022792394931
51.5870126178489 -0.100287348559641
51.5868517426258 -0.0999846050126367
51.5867819080726 -0.0993749193567935
51.5868091359816 -0.0989579247837136
51.5867720652881 -0.0988393803875632
51.5861311646871 -0.0992604433702267
51.5856885660627 -0.0987592829372773
51.5855500815537 -0.0986902018936583
51.585410110789 -0.0995061939583884
51.5852524590007 -0.099802339738544
51.5846641182139 -0.0992278824003528
51.5846739420904 -0.0991128608796107
51.5846389770094 -0.0989411532936625
51.5842386446471 -0.098363268605118
51.5841142675935 -0.0982882462160487
51.5840390331083 -0.0983499420361768
51.5840732336091 -0.0996232681450112
51.5837874874438 -0.0997480142915399
51.583552044765 -0.0993040434137605
51.5828746110451 -0.0993567086439961
51.5828599319281 -0.0993329240333295
51.5823346332372 -0.0994649263384066
51.5822562984749 -0.0997071643713651
51.5822177819039 -0.100154458689835
51.5822398956933 -0.100404287742277
51.5820644472556 -0.100578573003544
51.5816347772325 -0.100675867262429
51.5817619372348 -0.102417951642351
51.5817383674516 -0.102422503731289
51.5812597439113 -0.104764489073667
51.5813713479542 -0.104933952041844
51.5808248684508 -0.107631322183292
51.58065727149 -0.108170591443118
