204 4
51.6226221633653 -0.0302168930118707
51.6218164305644 -0.0321217485108329
51.620634942701 -0.032323538257968
51.6180144660774 -0.0349260301682284
51.6179268188123 -0.0351357456546242
51.6187594690872 -0.0411822497672683
51.6189360204213 -0.0413055444635549
51.6204579464934 -0.0416896490498469
51.6212106301826 -0.0444915050585859
51.6210576912517 -0.0464880709366973
51.6210876386599 -0.0465589661905634
51.621163853709 -0.0473737505051572
51.6203076095483 -0.0488848402166142
51.6203181789584 -0.049423475101558
51.6206816745002 -0.0510980604101515
51.6211063729135 -0.051949375715219
51.6212154577638 -0.0529161772632951
51.6211046202593 -0.053892511805256
51.6208594157131 -0.0539057422801396
51.6195123172603 -0.0533115016468797
51.619305338956 -0.0531415804114434
51.6184349716395 -0.0547650594558798
51.6182219896397 -0.0546884122040592
51.6177464725918 -0.0548920448992915
51.617773674095 -0.0550308271966774
51.6183039622069 -0.0558216337326911
51.618411641969 -0.0562982122476081
51.6183428114718 -0.0563598714339041
51.617990102017 -0.0577427197608262
51.6181486042663 -0.0582541712251806
51.6181390483312 -0.0583123442346423
51.6184766467217 -0.0591403585778352
51.6187663123468 -0.0594836472771178
51.6188063090745 -0.059646306090765
51.6188596076374 -0.0603473488950946
51.6187601201252 -0.0606919928605813
51.6183229140189 -0.0611746597153641
51.6178102638631 -0.0612371225758469
51.6177545840565 -0.0613930183865245
51.6178787693943 -0.0625658892204743
51.6182461732804 -0.063436848545163
51.6184082583121 -0.0635184427495187
51.6184114569596 -0.0635597547699498
51.6180038520264 -0.0650424283354966
51.618048780484 -0.0652102390909454
51.6181273809803 -0.065261088083502
51.6187374845574 -0.0668521065253575
51.6185188178488 -0.0691005575679342
51.6186774014256 -0.0691334881065063
51.6188783957096 -0.0693236240452241
51.6198565856501 -0.0718453033519216
51.6198892877307 -0.0723585815924853
51.6198807964693 -0.0725422481434802
51.619893060718 -0.0726978786852621
51.6197242816243 -0.073166451198199
51.6197149759898 -0.0732074609377325
51.619680382584 -0.0735645801516288
51.6196884544644 -0.0737989985173086
51.6197062264016 -0.0738849560154855
51.620189440326 -0.074729460809241
51.6201681388757 -0.0750093142500176
51.6201727592286 -0.075044374810906
51.6201150522235 -0.0755822084225492
51.6201514878373 -0.0759842060245023
51.6206909302261 -0.0765907646801815
51.6209394986958 -0.076618131087511
51.6209446655436 -0.0771036448143057
51.6210655823175 -0.0775319770614526
51.6209004705382 -0.0789122966946214
51.6217404386595 -0.0792062857815949
51.6215758384522 -0.0797505508716261
51.6212604423561 -0.0802432881267612
51.6214627433987 -0.0818509764503068
51.621638077718 -0.0820620342127844
51.621548283645 -0.0824811636020618
51.6215367056881 -0.0834016716362483
51.6224951604358 -0.0838010552399725
51.6230852832913 -0.0835495161579164
51.6231251593985 -0.0835911941975274
51.6240528830157 -0.0819105328405927
51.6246760414705 -0.0822065910957578
51.6255596592017 -0.0846408818725569
51.6266660962837 -0.0853608540177728
51.6274166517115 -0.0836524194283338
51.6278301325878 -0.0830930805562145
51.6283546963553 -0.0801171466310645
51.6284085314741 -0.0800833043555732
51.6307384510159 -0.0811734305437909
51.6307928481576 -0.0813444781187123
51.6312846455546 -0.0818538878048311
51.6317812110824 -0.0816152734990725
51.6320536311292 -0.0812759080182323
51.6321663989278 -0.080810555084721
51.6323129391804 -0.0806734347066963
51.6327237676973 -0.0805685236417401
51.6327297552919 -0.0805718451101713
51.6331579336404 -0.0818200140347293
51.6335318225952 -0.0817816028336753
51.6338046765638 -0.0821070303757239
51.6341085770398 -0.0822748343376464
51.6343978564273 -0.081998844148682
51.6345507205591 -0.0819680895509109
51.6349593480065 -0.0829722980812118
51.6354919392551 -0.0828477303725255
51.6355393656783 -0.0827572030451361
51.6360078339868 -0.0826751314496735
51.6361665873354 -0.0827407603376806
51.6364274742242 -0.0818437518450294
51.6369020186069 -0.0816494095639476
51.6365060180915 -0.0802579917480394
51.6365408784585 -0.0801797862730322
51.6365604922977 -0.0797299959413901
51.6364532328629 -0.0791303117423487
51.636267849114 -0.0787668715969387
51.6359562739606 -0.0788225752199291
51.6350081334352 -0.0783677036908066
51.6350099808431 -0.0782004620197325
51.6359532131975 -0.0768510148845416
51.6359357109599 -0.0765618640481062
51.6352888084032 -0.0761891339676021
51.6351290671815 -0.076249986499162
51.634576590721 -0.0756050729220639
51.6341038701312 -0.0757181338768791
51.6334197534235 -0.0755213118079728
51.6336963858657 -0.0748258359862646
51.6337791772757 -0.0742390009121304
51.6342327134693 -0.0731485553201179
51.6338778275452 -0.0725864602880082
51.6339265773266 -0.071892640667385
51.6342864324809 -0.0717771783805959
51.634485303808 -0.0711870732766237
51.6342976174111 -0.07016538034005
51.6343497122385 -0.0699383412448299
51.6341227670136 -0.0694765184375169
51.6344425344998 -0.0683231906909811
51.6350301749341 -0.0683325373301779
51.6349357379421 -0.0672319359096028
51.6347533144785 -0.0669741130051597
51.635064901128 -0.0653912146571519
51.6353061259656 -0.0649619053970814
51.6353575930013 -0.0648991874359901
51.6355665324056 -0.0650582939909277
51.6369364643285 -0.0638294314296183
51.6369467166387 -0.0635407647392625
51.6376470493098 -0.0626266874395722
51.6382171901599 -0.0627686113358125
51.6382541230415 -0.0626369190593894
51.6389665561727 -0.0616121830097362
51.6388603629169 -0.0609139196847359
51.6390954735333 -0.0605344998421687
51.6396787008986 -0.0602603330874659
51.6397428101407 -0.0598420865891258
51.6403418127313 -0.0591191859808387
51.6403200204491 -0.0587091285338271
51.6404685076268 -0.0579845982087467
51.641408527448 -0.0579272756381999
51.6416645327501 -0.0571215064046205
51.6421525056124 -0.0569750462725736
51.6425218781802 -0.0560668117942619
51.6433986866646 -0.0558078927654817
51.6434830875123 -0.0551936561010358
51.6430174172283 -0.0542172132002748
51.6425964136997 -0.053739380575624
51.6422562743894 -0.0544684687868298
51.6414199336275 -0.0540498931280599
51.6411952368846 -0.0543186942922638
51.6411635114666 -0.0543083742882572
51.6407461813657 -0.0520841923874671
51.64077977923 -0.0520502211119469
51.6408479489814 -0.0518676018744762
51.6409392790309 -0.0514771219780803
51.6410796255819 -0.0511205262010708
51.6407477184649 -0.0502486629545705
51.6400400664479 -0.0498120256702689
51.6401132021025 -0.0495605561564978
51.6409130066446 -0.048742142394944
51.6408767255987 -0.048674108632847
51.6402209640363 -0.0482660101329125
51.6400830127756 -0.0476359709957251
51.6401178166007 -0.0474583559478323
51.6399987481074 -0.0469206930101187
51.6400393209399 -0.0465657566592958
51.6400242566187 -0.0465356605369406
51.639894970808 -0.0449848603142177
51.6397091399043 -0.0448654706657098
51.6393127327872 -0.0442313164459245
51.6395750525867 -0.0430764535327068
51.6401086834805 -0.0421646563053608
51.6401962012202 -0.041876329206943
51.6398654157152 -0.040908814900605
51.6394320401746 -0.0407703216293898
51.6386123659232 -0.0395437743979716
51.6386273609741 -0.0386922249484504
51.6386315364095 -0.0386730987693947
51.637978419075 -0.0355326899085659
51.6364203653346 -0.0352523336299729
51.635583347371 -0.0347385137397361
51.6343605065538 -0.024772478213005
51.6338075197734 -0.024717986498052
51.6314476712863 -0.0258030441974306
51.6301490558759 -0.0270958131999129
51.6287802657256 -0.0268291370409209
51.6251776291381 -0.0277160242298405
51.6226221633653 -0.0302168930118707
8 4
51.6001903870546 -0.122173946752321
51.6002800013694 -0.121897731840127
51.6001686300064 -0.12125252294687
51.5990601288294 -0.12078301209119
51.5987740952565 -0.121250549188625
51.5989114087383 -0.12162930123785
51.5995812105941 -0.122211695243738
51.6001903870546 -0.122173946752321
