538 8
51.5300696850456 -0.122820493716248
51.5300092166469 -0.12276081089079
51.5297407985673 -0.122756517594966
51.5299695455298 -0.123394128141918
51.5298270985751 -0.123385602130376
51.5297127260038 -0.123755239884666
51.529669326141 -0.123790308057102
51.5295643577626 -0.123781191015879
51.5294366314574 -0.12411975493256
51.529518662392 -0.12420113798585
51.529825966244 -0.124484021699468
51.5301029166601 -0.124842094934187
51.5301144814917 -0.12485695427252
51.5302748210883 -0.125051260979155
51.5296740256704 -0.125383225759221
51.5293891326549 -0.125985119411325
51.5293728044005 -0.126020975509015
51.5293420655184 -0.126088923910642
51.5291860043682 -0.125970993954324
51.5289790378467 -0.125823535983391
51.5288735109671 -0.12575131784326
51.528810188112 -0.12570981797296
51.5287389371331 -0.125746027321779
51.5287202541314 -0.125763911657899
51.5287221014944 -0.125823270109145
51.528483936038 -0.126632318827654
51.5284435078712 -0.126633978286682
51.5284495496603 -0.126871584971182
51.5284387197967 -0.127173002907644
51.528428054636 -0.127180691493296
51.5283178053595 -0.127274366229709
51.528089277022 -0.127516247101005
51.5280958022219 -0.127609646564986
51.5279347541676 -0.127810006031481
51.5280476852768 -0.128137844079297
51.5283421710779 -0.128587091252769
51.528335520216 -0.128592831873894
51.5279918694343 -0.128268152705494
51.5278262865254 -0.128128024620657
51.5277351046253 -0.128256098148717
51.527627840515 -0.12854256548496
51.5276746363222 -0.128579396937723
51.5277662057635 -0.12907297802245
51.5277545007689 -0.129066207010373
51.5275067240824 -0.129358431595874
51.5274779760299 -0.129731777216316
51.5273665536064 -0.129678693491382
51.5270942161501 -0.129755585411073
51.5268719822398 -0.130240384456668
51.5269248143156 -0.130424717579185
51.5267759245681 -0.130683163511634
51.5273292059462 -0.131114567079776
51.5273314579519 -0.131148707965367
51.5273175584082 -0.131286328318417
51.5270780941156 -0.131265465744933
51.5267759149574 -0.131449952212874
51.5266671624769 -0.13190311294559
51.5263853351675 -0.131931763921634
51.5263050404913 -0.132049395675303
51.5262553661725 -0.132063195949742
51.5261841858038 -0.132358033860075
51.5260908643351 -0.132815071949089
51.5264931320452 -0.13299949376248
51.5266514290346 -0.133060651778291
51.5267106126107 -0.133254593094799
51.5265164555229 -0.133759023716643
51.5263293272917 -0.133857723469839
51.5260475708304 -0.133557469313837
51.5259514688284 -0.133461436728419
51.5256024258672 -0.133864859119701
51.5257039809886 -0.134371570128009
51.5253921393882 -0.134638438318622
51.5253859501699 -0.135261278878618
51.5254700877692 -0.135622741798288
51.5252574733484 -0.136188282619616
51.5250845077417 -0.136143047304756
51.5244827763108 -0.136961347583883
51.5245394439865 -0.137467150765276
51.5245894754613 -0.137538087908767
51.524645497953 -0.13760699790011
51.5244324056294 -0.138335610664907
51.5244324621827 -0.138339174076289
51.5249660719489 -0.138694073810484
51.5249493137538 -0.138737070829923
51.5249150075443 -0.138858279097033
51.5248275071961 -0.139151147867633
51.5248054521662 -0.139285287055893
51.5247924725331 -0.139362479690847
51.524792447836 -0.139394928982036
51.5247912354282 -0.139471523070516
51.5244927833376 -0.13948368792343
51.5243321465666 -0.139609211201926
51.5243218548425 -0.139634828330695
51.5243156528751 -0.139753938035194
51.5243337528674 -0.1398352117193
51.5243568157113 -0.13988930268328
51.5244548242616 -0.140049212998504
51.5244880473549 -0.140092074201308
51.5245827316375 -0.140195425753128
51.5245160327396 -0.140360264890385
51.5244028864348 -0.14081629394867
51.524434497871 -0.140984377961626
51.5243229278725 -0.141279051577834
51.5238637252302 -0.141233805606129
51.523838746977 -0.141314099456844
51.5238383391767 -0.141316730886537
51.5239677972578 -0.141470132319496
51.5242371183079 -0.141696048201786
51.5241123690197 -0.141936343567476
51.5241001642941 -0.142221501296962
51.5240975334051 -0.142254056149475
51.5240882233237 -0.142250869363199
51.523855083164 -0.142186429438606
51.5237659208879 -0.142278367880767
51.5239250377529 -0.142789034173237
51.5238544926981 -0.142779305671663
51.5233591440088 -0.143165174249095
51.5233577596011 -0.143174263496353
51.5234436076266 -0.143315892938727
51.5235679195403 -0.143439675418014
51.5237179368951 -0.143585827648299
51.5239784990234 -0.143491437446358
51.5240209463379 -0.143753690497694
51.5241415842247 -0.144327140055149
51.5240982629589 -0.144498271408918
51.5240063234847 -0.144596618063122
51.5239761106371 -0.144630293795087
51.5238991977804 -0.145104683122772
51.5237354207344 -0.146271722866063
51.5237246651257 -0.146421679610003
51.5237473068535 -0.14654603375783
51.5237634858901 -0.146591373869533
51.523876297541 -0.146784093854407
51.5238632554484 -0.146874715927003
51.5238131388995 -0.147019971379831
51.523447243962 -0.147645736514658
51.5234059861242 -0.148842016673006
51.5233942915451 -0.149371392976503
51.523402548444 -0.149416104055157
51.5234900223753 -0.149518813892189
51.523499754256 -0.149571547415793
51.523361369589 -0.150048414361561
51.5231956901985 -0.150573212652369
51.52322711728 -0.150730490551909
51.5233065920936 -0.151198408743574
51.5232800271716 -0.15125261241242
51.5228152944815 -0.151181343204906
51.5226291073441 -0.151420527107902
51.5224551831267 -0.151622130716021
51.5224421897172 -0.151670435277611
51.5225845691066 -0.152045710710842
51.5226846944634 -0.152301112507454
51.5224998094387 -0.152554619504626
51.5225101579896 -0.153211809006056
51.5223999540374 -0.15333250435867
51.5224549954021 -0.153550985725518
51.5225070183363 -0.153611991916392
51.5226227833739 -0.153804604420284
51.5224031052721 -0.153898230038599
51.5223274283947 -0.154167874439149
51.5225396976129 -0.154791822230086
51.5224807284153 -0.154963569815367
51.52200171569 -0.15435587365753
51.5217663181986 -0.154878941808419
51.521819133837 -0.155253324544288
51.5219879532238 -0.155338374095495
51.5223674834594 -0.155365467829235
51.5223825212064 -0.155887332082193
51.522389251944 -0.156584362925143
51.5223509028647 -0.156621091577726
51.5220688390527 -0.156572105166723
51.5218352187847 -0.156859886194078
51.5218366771128 -0.156935534904562
51.5218452816612 -0.157088385473278
51.5218967782485 -0.157425030129884
51.5220880157708 -0.157684012640241
51.5220883561844 -0.157688515235012
51.5220295642165 -0.157826021143369
51.5220208765944 -0.157845268980006
51.5219864813997 -0.157927713043059
51.5219051878036 -0.158126502223825
51.5219285036925 -0.158575172701845
51.521914746808 -0.158603657458359
51.5217646735265 -0.158905171971774
51.521664863693 -0.15912716768053
51.5215884031838 -0.159233055767847
51.5215624095341 -0.159392649080166
51.5213329100113 -0.159479391599414
51.521127804003 -0.159785851160449
51.5210998912364 -0.159995079602403
51.521124289089 -0.160272439005466
51.5211457724222 -0.160323866535559
51.521254543665 -0.160363576144765
51.5211492138531 -0.160956120044648
51.5211920290748 -0.161026417460692
51.5210907339314 -0.161234203689603
51.5210561622553 -0.161294069428626
51.5210664713003 -0.161584713326077
51.5209288873209 -0.161610933312113
51.5208192970732 -0.161909018565609
51.5208181363989 -0.161932478252905
51.5208611149991 -0.161990290498562
51.5210610337905 -0.162178578674979
51.5208622231168 -0.162439727513551
51.5209384618986 -0.163002493169962
51.5206716690441 -0.16294108828175
51.5205285059154 -0.163317175458875
51.5206015756786 -0.163499755790612
51.5209903111799 -0.163713018938844
51.5208710201412 -0.164339390115048
51.5208812013552 -0.164415518602487
51.5207626656421 -0.164820324651998
51.5205989766223 -0.164792676778019
51.5204631108736 -0.164762127913338
51.5201924741539 -0.165334197189475
51.5201959503147 -0.165378268139558
51.5202024106913 -0.165400470389044
51.5202609804042 -0.165633312967182
51.5198566065463 -0.165943226328737
51.5198193839509 -0.165896946034165
51.5197638420537 -0.165857700551239
51.5196745629432 -0.165506417726379
51.5195299973602 -0.165431174959825
51.5194760363265 -0.165412545601895
51.5194074323292 -0.165319870814806
51.5194016011817 -0.1653264038618
51.5193734256908 -0.165473476139917
51.5194115756883 -0.165791751776758
51.519401853761 -0.165946163848415
51.5193884758072 -0.165952999982233
51.5193694719069 -0.165956496805134
51.5191010290222 -0.165944700341625
51.5190951699831 -0.165949451739674
51.5190353027747 -0.165984300763773
51.5190259120211 -0.165987411378605
51.519012206702 -0.166007808662228
51.5187433359933 -0.165974399872135
51.5186015708382 -0.166049498126318
51.5185672984167 -0.166692262702895
51.5185340629788 -0.166717009017608
51.5183338716092 -0.16644755378213
51.5182278210012 -0.166443731526298
51.5181627253993 -0.166540942756507
51.5180659490649 -0.166739370490053
51.5180652600234 -0.166741299600809
51.5178801515148 -0.167137813519175
51.5179152236082 -0.167207590669896
51.5180399184903 -0.167403543873909
51.5180790159068 -0.167667701430424
51.5183959253062 -0.167783806779148
51.5186377821337 -0.167417338097828
51.5187197909616 -0.16775821263638
51.5187537202905 -0.167979323281606
51.5187042974132 -0.16815338950079
51.5187720374344 -0.168225423257879
51.5189745101861 -0.168117353177077
51.5191004047351 -0.168159957820098
51.5191528004329 -0.168245324040383
51.5191722512416 -0.16836255485835
51.5192540978792 -0.168359271279928
51.5194955203999 -0.16854056786325
51.5193249030558 -0.169168963661326
51.5193347023491 -0.169249621977868
51.5193663030254 -0.16956364687351
51.5198501822703 -0.169485774991182
51.5199109973723 -0.169477037823766
51.5200987379627 -0.169847795515479
51.5204704989646 -0.169884234114333
51.5205756217229 -0.170180108049785
51.520563681117 -0.170809404528227
51.5206220213249 -0.170861023479116
51.520665038202 -0.170921575773436
51.5206837717111 -0.170946852716341
51.5207351259952 -0.171080875224148
51.5208257936453 -0.171147481754227
51.5211537907913 -0.170965934153719
51.5213388219554 -0.171059423515026
51.5213578906918 -0.170835223898924
51.5214976001372 -0.170449427696107
51.5214993821711 -0.170448405485893
51.5216728105506 -0.17020720255433
51.5219854883172 -0.170011877841245
51.5220272056685 -0.169804712986326
51.5222070100158 -0.169609244426366
51.5223073182188 -0.169095350592328
51.5221347410965 -0.168561619745313
51.5222157978609 -0.168363808720054
51.5223740384225 -0.168123203407063
51.5225035852413 -0.167501758325374
51.5224655122865 -0.16739525046279
51.5229206485144 -0.166801255586098
51.5230539200465 -0.166999499220433
51.5231862773655 -0.166989668079976
51.5233390415985 -0.167250242218764
51.5234009880624 -0.167233373776306
51.5237693169119 -0.167435614833421
51.5237747074628 -0.167435398426854
51.5238434958868 -0.167522729182038
51.5238328563696 -0.16781423282081
51.5243508965209 -0.16811054918512
51.5244310955566 -0.167990256704525
51.5242053080445 -0.167359634249809
51.5242215615914 -0.16730668494319
51.5244128618268 -0.167064737677219
51.5244174963509 -0.166849301928088
51.5245992964691 -0.166373465555155
51.5245376620294 -0.165852494657737
51.5250150908698 -0.165781963841481
51.5251456964191 -0.165424418404367
51.5251194616416 -0.165046076018967
51.5252078331053 -0.164574932637902
51.5252409201053 -0.16437986206757
51.5252415211202 -0.164378055013287
51.525561844331 -0.164436370219994
51.5255846834956 -0.164430935092754
51.5259511588816 -0.16456037566371
51.5260617753843 -0.165022695145805
51.5264663503846 -0.165202790619017
51.5266020279607 -0.165606461330983
51.5269995804747 -0.165590483618912
51.527070094857 -0.165402935363062
51.5270506347335 -0.164865740539058
51.5274065331631 -0.164192802071632
51.5274563101225 -0.164185332166643
51.5275053020877 -0.164202379983562
51.5280339998301 -0.163714326661324
51.5284803239531 -0.163540534140428
51.5286725634959 -0.16346242899499
51.5290293628775 -0.16287048750621
51.5297459028123 -0.163039920247172
51.5299203582804 -0.165318077735263
51.5298499503777 -0.165730894164302
51.5310404995913 -0.166658047397198
51.5315907521671 -0.166110512015358
51.5317176967226 -0.165926977994528
51.5320165014573 -0.164896790655884
51.5322968060931 -0.164385401580721
51.5325820565709 -0.163265507793661
51.5327535633912 -0.162236724381035
51.5327470153427 -0.161990909441549
51.5336101524161 -0.161194711493327
51.5339403468897 -0.1606668856395
51.534151166101 -0.160208656159745
51.534374651682 -0.159686903652798
51.5344284973615 -0.159509022944624
51.5344683035545 -0.159324456276792
51.5345911611705 -0.158468770503401
51.5372068691743 -0.156923912619358
51.5377013881138 -0.157329330001688
51.5380750709284 -0.158094767242331
51.5382128309247 -0.158457773628709
51.5386177940056 -0.159068712149917
51.5386446885466 -0.159098301591056
51.5388255066164 -0.158934183757877
51.539555211958 -0.158538773732563
51.5404795089588 -0.158851146197073
51.5407261277497 -0.158789828534266
51.5407729541263 -0.158623024956735
51.5411276081128 -0.158411334966525
51.5413462264287 -0.158479081875132
51.5413485048091 -0.158332147098478
51.5411979564681 -0.157595571219515
51.5413000966642 -0.157602266099623
51.541588292325 -0.157818561308058
51.5416131793365 -0.157800434460869
51.5415589683631 -0.157468272296432
51.5416616706169 -0.1571730523255
51.5418413511942 -0.157314421765532
51.5421663714978 -0.15684173197026
51.5424392582685 -0.156918932733596
51.5424751638398 -0.155948652040797
51.5427726836777 -0.155328188900183
51.5429678582326 -0.155477132390099
51.5431644487384 -0.156854554865042
51.5437936265269 -0.156086436021565
51.5438270209864 -0.155814571406735
51.5432485442488 -0.15539277426227
51.5435119072932 -0.154807091298141
51.5435599065692 -0.154743793721281
51.5434928593304 -0.154356254137194
51.5435315985537 -0.154115802920803
51.5436600285093 -0.153907869120334
51.5437676074327 -0.153825987625337
51.5438211715074 -0.153836423924729
51.5439385686501 -0.153521560750019
51.54349791953 -0.15284985778821
51.5433866452764 -0.152485753697488
51.5439262235966 -0.152491842770332
51.5439896234017 -0.15253885956319
51.5444895389075 -0.152441083008616
51.5448409357537 -0.152702602601113
51.5449583424852 -0.153125093324715
51.5454070690794 -0.152802272248846
51.5456976722658 -0.151903535061837
51.5457331464425 -0.15186701850254
51.545713001889 -0.151216075082988
51.545740275892 -0.151172636688633
51.5458105309486 -0.151067048292607
51.5458464750189 -0.150307521472655
51.5458463570744 -0.150305742562025
51.5457039600506 -0.15016905998394
51.5457102649972 -0.1494629393061
51.5454888810789 -0.149083435663526
51.5455064087552 -0.149054780067146
51.5455509913494 -0.148940361076534
51.5462375899443 -0.148715099247324
51.5464000785145 -0.148159476296244
51.5458161280975 -0.147876746527961
51.545785160533 -0.147378689201426
51.5458853373152 -0.146936544552444
51.5464232064525 -0.147033606514934
51.5460846216086 -0.146326269716702
51.5461200517635 -0.146048117649743
51.5459747930287 -0.145724988838881
51.5463395863298 -0.1451097602176
51.5461787500326 -0.144716988343628
51.5461806734602 -0.144560062712726
51.5462794856109 -0.144163031834278
51.5469532947295 -0.144078891985899
51.5460951526209 -0.143359303087931
51.5459844796715 -0.143387234071677
51.546054516849 -0.142393714261286
51.5461462032813 -0.142234084107649
51.5463892918741 -0.142154736792377
51.5465508365894 -0.14173445171684
51.5465953253487 -0.141614556544569
51.5465679976404 -0.141194711168169
51.5458501335028 -0.140767816093819
51.5458477144493 -0.140739970131844
51.5458366475153 -0.140705341911366
51.5458731235383 -0.139592373934264
51.5458868052315 -0.138890584832913
51.5454798397868 -0.138692672911742
51.545492232524 -0.138419858335608
51.5452650000076 -0.136558772074645
51.545116956069 -0.136384550844527
51.5453526496928 -0.135523155362518
51.5456005500857 -0.135266040622342
51.5456666394888 -0.134022960523784
51.5460274624154 -0.133619708140674
51.5463456452212 -0.133463396136455
51.5464646080503 -0.133312500379929
51.546822994185 -0.133552906731098
51.5474055007149 -0.133154955166267
51.5475357693123 -0.133149622999315
51.5478052280877 -0.132123625754114
51.5478464137857 -0.13213002543661
51.5480712273018 -0.13209465594182
51.5481439984213 -0.132007005049488
51.5479622875416 -0.131102222093639
51.5479921719144 -0.130952230074795
51.5479709644924 -0.13069885089131
51.5480269870036 -0.130491062852386
51.5481264155139 -0.130434662703973
51.5484799027446 -0.13055907081549
51.5488475315537 -0.129839037403116
51.5488414860832 -0.129459808272199
51.5486110543405 -0.129300630215113
51.5485241559214 -0.129139252289816
51.5482637162208 -0.129071448996973
51.5481065136132 -0.128808427108161
51.5481064482221 -0.127897033491906
51.5480576588628 -0.12775217122016
51.5479470682331 -0.127706170651303
51.5478898175999 -0.127583180727938
51.5471807470411 -0.127693511105201
51.5469692370916 -0.127469593785269
51.5469701682949 -0.127420918831766
51.5462930549186 -0.127089002481293
51.5461240236869 -0.127498824030042
51.545916483426 -0.127613771902039
51.5458952860607 -0.126286022731536
51.5454005525509 -0.12653251715289
51.5453047276411 -0.126437280592725
51.5447274819392 -0.127135212974923
51.544581062374 -0.127181892157602
51.5442613230774 -0.126688348355408
51.5442604760766 -0.126657823493763
51.5437649435117 -0.126111222059069
51.5436374521783 -0.12603714821513
51.5434641846977 -0.126198370010249
51.5431850147687 -0.12692815101689
51.5428649027533 -0.126343795344417
51.5428366173744 -0.126137586094253
51.5428435477506 -0.126025530280221
51.5424654263177 -0.124927999228593
51.5421296631451 -0.125710631353379
51.5414305537412 -0.125673483861639
51.5411010028048 -0.125877265539696
51.5410991161619 -0.125877343047396
51.5410319292347 -0.12806573604778
51.5408091854431 -0.128698507158709
51.540743171699 -0.128786941885761
51.5411714137026 -0.130019382624694
51.5412238252951 -0.130425540766677
51.5425595405184 -0.130938685933555
51.5421903535905 -0.131668542546935
51.542003958558 -0.131835744718902
51.5413255465126 -0.131794088722953
51.5412392549568 -0.131755293781274
51.5410808492927 -0.131247059614049
51.540617654984 -0.131470660023556
51.5396975665568 -0.1310378687663
51.5395486653762 -0.13079345326815
51.5394361660353 -0.130435784991498
51.5391045881757 -0.13076111720995
51.53813800268 -0.131094623023136
51.5376291583301 -0.128933564684641
51.5369400705021 -0.129705242901861
51.5358766305479 -0.129021601153799
51.5355722625004 -0.128995324873724
51.5350352707594 -0.129196741816975
51.5345755600614 -0.128635199047065
51.5342693886442 -0.127183354174078
51.533773587913 -0.126569231255155
51.5337221600954 -0.126563258737514
51.5332267802387 -0.126949510701801
51.5323535802839 -0.12736564316809
51.5322052634802 -0.127580716555965
51.5313710932164 -0.12748525008874
51.530923335949 -0.127447751599861
51.5306193804422 -0.126203135744792
51.5305877525141 -0.125174514405334
51.530445565651 -0.125041630786149
51.5303521025537 -0.124318206313754
51.5302995917169 -0.123541866755861
51.5304191738529 -0.123363038475132
51.5307818169576 -0.122794886022942
51.5307389960207 -0.122573996564224
51.530676439814 -0.122406342841834
51.530460456791 -0.122184496077709
51.5304188783979 -0.122181689749199
51.5300696850456 -0.122820493716248
51.5196650469642 -0.168832779723809
51.5196709234894 -0.168811865096822
51.5196794560071 -0.168828636458912
51.5196721677915 -0.168839743623192
51.5196650469642 -0.168832779723809
6 4
51.5243466122868 -0.138667987119204
51.5243449989108 -0.138702283732565
51.5244808686187 -0.13883461799902
51.5245119926922 -0.138643177012686
51.5243566914082 -0.138566666476544
51.5243466122868 -0.138667987119204
