410 4
51.5296913108881 -0.215993561990878
51.5295339998914 -0.215805121913026
51.529411785063 -0.215997356203205
51.5292869977232 -0.216475688216532
51.5290628552173 -0.216586317236428
51.5288936391928 -0.21642485041262
51.5288492635596 -0.216273364197144
51.5285198246649 -0.216181279826467
51.5282152767574 -0.215261035573302
51.5281453093572 -0.215306563203102
51.5280708563027 -0.215512259178014
51.5279375167524 -0.21640943717777
51.5283528250661 -0.216798304119111
51.5281686094261 -0.217702462849043
51.5276568033715 -0.218843815853154
51.5270410893496 -0.219589934829791
51.5267516352192 -0.220396888220297
51.5268238959061 -0.220780967575249
51.526909462366 -0.221046617986082
51.5272982629605 -0.224042276476339
51.5274468952688 -0.224489721096598
51.5275009729621 -0.22468897306497
51.5274861976313 -0.224781905038681
51.5272508427654 -0.227689183804051
51.5269690872327 -0.229039467183102
51.5271423283235 -0.230189638819888
51.5252300487936 -0.232845495914759
51.5225382552509 -0.230014909936629
51.5212041402725 -0.233155836303253
51.5228833057029 -0.23857490679326
51.522941248683 -0.239248819502918
51.5225505992667 -0.240672031631101
51.5229372514116 -0.24295132769485
51.5231225398155 -0.243684289429335
51.5232899314197 -0.24421886698013
51.5232027445316 -0.247087159277326
51.523216323485 -0.247195744454326
51.5231894048787 -0.24727735996271
51.52208597556 -0.252765764831645
51.5220484810346 -0.252904114307366
51.5221837592827 -0.254261549210751
51.5223847069838 -0.254414312781699
51.5231024153932 -0.256636501534288
51.5230316828109 -0.257133745369517
51.5230907121176 -0.257409843180813
51.5238242592359 -0.258455805699581
51.5240675749808 -0.258538041133154
51.5241005479904 -0.258603341853384
51.5241059532302 -0.261143415628361
51.5244190820569 -0.262187874936954
51.5242640445544 -0.262748711047291
51.5242642429409 -0.2627803189273
51.5243082481502 -0.263032281080371
51.5241551706093 -0.264005226442992
51.5251740985402 -0.266548176843666
51.5252025079728 -0.266578714075759
51.5253872741127 -0.267578542730893
51.5253748057007 -0.267921326462774
51.5253811657373 -0.267944143553788
51.5253757922033 -0.268932174751518
51.5256794659412 -0.269955916933207
51.5257655885707 -0.27006568756701
51.5258558057941 -0.270355612605767
51.5266918572476 -0.271423160720137
51.5258985628832 -0.274363823800665
51.526556241661 -0.275035365822806
51.5264135766476 -0.277715472898075
51.5271765428252 -0.278089390275397
51.5276708599081 -0.279171776328039
51.5277226996516 -0.280083052278018
51.5284564290543 -0.281443873788433
51.5288535798999 -0.281731197961827
51.5283616082241 -0.284276678073447
51.5283634960378 -0.284331998376108
51.5289790681812 -0.286007824891651
51.5294151812172 -0.286507691466293
51.5293241846615 -0.28744826177887
51.5296229461851 -0.289372945648167
51.5295134347377 -0.289809611871814
51.5300138609831 -0.291559639951204
51.5300495652959 -0.291647099086597
51.5300496151717 -0.291730781465903
51.5311559770639 -0.292187327317661
51.5312554064927 -0.291952874504216
51.5317194634874 -0.291842190525115
51.5318749796632 -0.292490179029225
51.5315660912598 -0.294078237551347
51.5316049074832 -0.294107812652028
51.5323817864418 -0.293735935569995
51.5324846082152 -0.29231960667324
51.5331885033101 -0.292578930335071
51.5334519624755 -0.292119831106303
51.533528029765 -0.292133151791603
51.5337629738708 -0.292068129074344
51.5349317099808 -0.293110733067175
51.5350461356063 -0.292164664365544
51.5352629423734 -0.291520762436266
51.5354168386957 -0.291427620959447
51.5358609988311 -0.290580579652227
51.5358617355285 -0.290254807607217
51.5353421917131 -0.288803923122537
51.5362640295201 -0.288658075862158
51.5365699344107 -0.287917589588392
51.5367688098454 -0.287678891801776
51.5368220375256 -0.28630029729003
51.5369516080756 -0.286283779975032
51.5377289705774 -0.285110031586746
51.5385956386753 -0.284800320167286
51.5386028935768 -0.284773891184663
51.5390943742736 -0.28407998157544
51.5391294192807 -0.282893058077014
51.5396645322937 -0.282011763314872
51.5400542932065 -0.281641112401746
51.5401031113978 -0.281297685465183
51.5400605940998 -0.281138420978021
51.5400429369162 -0.279933600937993
51.5405492775663 -0.278599983453609
51.5402293875846 -0.277231784862639
51.5404114135966 -0.276655276423868
51.5418039817317 -0.278208304545004
51.5432071341797 -0.277291982338846
51.5437194697927 -0.27800307102766
51.5438167203171 -0.278081444925665
51.5440464031226 -0.277744236805549
51.5445404617917 -0.276457433442511
51.5445310016281 -0.276137810425868
51.5446330625093 -0.274794099081559
51.543701042148 -0.273824714676259
51.5446610659374 -0.272811319046982
51.5447742572048 -0.272500606445222
51.5451923705372 -0.27226253033203
51.5454716498653 -0.271826967259917
51.5455828124372 -0.271573995046033
51.5466455110003 -0.270556615967344
51.5468552837193 -0.270687553507043
51.5469731691468 -0.270591995880223
51.5480432948668 -0.270359369496832
51.548606022452 -0.269607394964458
51.5489228824577 -0.268947263786783
51.5491349849928 -0.268785093542902
51.5492219166252 -0.26877905861497
51.5495222353549 -0.268966018744067
51.5503092668153 -0.268739210363385
51.5504836940199 -0.268801921216969
51.550634187069 -0.268729135591853
51.5512243596399 -0.26866796182646
51.5518207715418 -0.267427747237726
51.5522734355153 -0.267362859489128
51.5529831484987 -0.266332483467705
51.5533750775018 -0.266409992533784
51.5541574739343 -0.265711726439722
51.5557817403033 -0.267379175711437
51.5561493305216 -0.26733047793715
51.5562045502249 -0.267246787985377
51.558475634104 -0.266851698641634
51.5584854736608 -0.266842284849594
51.5590375608709 -0.265980114235693
51.5593738180193 -0.26614717230533
51.5603762547414 -0.265933717521121
51.561466106097 -0.26402031508532
51.5614808689645 -0.263954805105896
51.5617688444688 -0.263580437818324
51.5620939537316 -0.262465710863484
51.5621014145868 -0.262459597765821
51.5625876446059 -0.261850929449845
51.5628957600627 -0.26088872465605
51.5629871233232 -0.260866325108073
51.5634619415614 -0.260579961502313
51.5646148724344 -0.261216776351263
51.5646222063736 -0.261214236349673
51.5649552146636 -0.260324551784482
51.5651870366375 -0.260171403499316
51.5653644122641 -0.259638463189822
51.5661952474392 -0.259117558538872
51.5663530235942 -0.259251316141728
51.5664977720723 -0.259288615512956
51.5668910070134 -0.258502577344693
51.5667594338704 -0.257088103182782
51.5684368695327 -0.252557215186302
51.5684132778412 -0.252427847219413
51.5675791614189 -0.252551315978207
51.5663865618017 -0.252948342058469
51.5652882007333 -0.252290585915965
51.5651610049124 -0.252315329504542
51.564920972862 -0.25245979152851
51.5641663969946 -0.252739010094113
51.5639884561943 -0.252724656036696
51.5629930947003 -0.252089635239378
51.5628016310101 -0.252736720125529
51.5621513507722 -0.253210219660146
51.5620988710907 -0.253175354881615
51.5618095156317 -0.25326756843866
51.561416547207 -0.25413563022878
51.5614113697347 -0.254138088595745
51.5610095678145 -0.253705744587185
51.5608174766961 -0.253713102664061
51.5606859613569 -0.253417434433596
51.5606745541534 -0.253333535843505
51.5604325755018 -0.253105740446194
51.5603885885034 -0.252886536984584
51.5603745025344 -0.251940715998134
51.5605021263004 -0.25182400979163
51.5606873268755 -0.251613622257526
51.5603093910363 -0.250901336842539
51.560042234199 -0.250275450021652
51.5600413834872 -0.250182227061217
51.5599648449112 -0.250143651758937
51.5596360828415 -0.249769453183893
51.5593110199883 -0.249781932186661
51.5592789800201 -0.249122652240356
51.558722873565 -0.248815363175859
51.5586328981308 -0.248009161614798
51.5584071703188 -0.247816819847277
51.5582692037709 -0.246681093201862
51.5581435020658 -0.24642674907832
51.558366731953 -0.245808217634681
51.5589065781073 -0.245147638372373
51.5588064033264 -0.244400473264149
51.5590519361101 -0.243879312933523
51.5592338281765 -0.243659035697072
51.559017542276 -0.241156776148951
51.5580683074165 -0.239735504659964
51.558020364818 -0.239284300362276
51.5577426490982 -0.238677831668652
51.5577178239198 -0.23853320495968
51.5574893371212 -0.236446630950199
51.5575702644606 -0.235867820312436
51.5572744841952 -0.234360500871162
51.5572736626047 -0.234287978380336
51.55688714327 -0.232791807815677
51.5566756463693 -0.230628518206033
51.556522241889 -0.230518624031586
51.5557176755057 -0.230823878962448
51.5548729176788 -0.230514597170503
51.5545595577317 -0.22919921075461
51.5545592083794 -0.229158191927193
51.553973341885 -0.229289053855707
51.5537672228608 -0.229492701537253
51.5534527711944 -0.229344471867518
51.553090131639 -0.229595224840578
51.5528948786576 -0.229404905487831
51.5526477566107 -0.228488158744415
51.5522284765517 -0.228988603951314
51.551808208474 -0.228756604955683
51.5517655513101 -0.228616619480262
51.5510810165744 -0.228351127684454
51.5509270779628 -0.227813144867051
51.550512881931 -0.227519086569306
51.5504722215413 -0.22752922937241
51.5503201598389 -0.22855015074809
51.5502619634809 -0.229024417696652
51.5502810969022 -0.229231909424968
51.5502686048612 -0.229297683341233
51.5506888995111 -0.230026069105138
51.5505140343878 -0.230615226079671
51.5505136869646 -0.230723341381752
51.5505584109115 -0.23105423676212
51.5506808932124 -0.231301486544231
51.5506957481766 -0.231422213276873
51.5509276976765 -0.231804838084794
51.5509538728728 -0.232474084657122
51.5514650583529 -0.233120497533947
51.5511002788392 -0.233743171599448
51.55106259491 -0.234136252043745
51.5510705547166 -0.234169361840473
51.5514634336881 -0.234816330991037
51.5512950179893 -0.235770213257941
51.5515331128124 -0.236179861424763
51.5514685321516 -0.236985111749794
51.5519706451407 -0.237675579066408
51.5518020762911 -0.238566911335557
51.5524304536013 -0.239404992457515
51.5523181036656 -0.239921792783589
51.5522001837043 -0.240133278997192
51.5516676174773 -0.240264313957191
51.5515338143501 -0.240633629753177
51.5511575495597 -0.241020501104592
51.5509649356244 -0.240663187460084
51.5501811306365 -0.240490184984846
51.5501110735449 -0.240248620573278
51.5501050268147 -0.240205090339154
51.5502302198006 -0.23978926158186
51.5502187536876 -0.239666143132589
51.5500145281739 -0.239014600806333
51.5498799618729 -0.238847597504078
51.549476667691 -0.238900631099007
51.5492109337999 -0.238212234903403
51.5491816017139 -0.238066858147354
51.5489302598642 -0.238169444228313
51.5485771922542 -0.237825613233352
51.5486671129677 -0.237462052317244
51.5486671058264 -0.237461576917295
51.5485745631078 -0.237297477778036
51.5481509152627 -0.237377947443079
51.5481465416283 -0.23728429045988
51.548410975795 -0.236407869478233
51.5479532930829 -0.236185710859876
51.5478801880756 -0.235801820036629
51.547963643391 -0.235540779537128
51.5478463321693 -0.235206404740652
51.5477582604329 -0.234760069749212
51.5475461564149 -0.234554586495688
51.5475394497024 -0.234539030253744
51.5476388757706 -0.234341823748243
51.5477935529525 -0.233491289099414
51.5478344445725 -0.23344273317358
51.5478665342101 -0.233054415597574
51.5478630713926 -0.23302743668443
51.5476543782139 -0.232606946886664
51.5476842344483 -0.232231678680991
51.5475194028882 -0.231733268523259
51.547632842024 -0.231297085261271
51.5475646160141 -0.230778759104138
51.5472577352638 -0.230697314285895
51.5471284289259 -0.230355336057639
51.5471357029446 -0.230152184691569
51.5473661188824 -0.229860700095745
51.5473525747719 -0.229719716100641
51.5475904322011 -0.229176787808234
51.5477300328537 -0.229134384696505
51.5478280456507 -0.228891794054038
51.5478048490934 -0.228677217469314
51.5475108841867 -0.228284319177708
51.5477977369657 -0.227265831744759
51.5478348376675 -0.227258087139474
51.5479011468164 -0.228428270520595
51.5483069021757 -0.228008663877844
51.5483362114097 -0.227520792730482
51.5479684238557 -0.227162755633467
51.548045270669 -0.226584683515025
51.547497181065 -0.22624092194141
51.547727631507 -0.225684824081241
51.5478961969808 -0.225691228497369
51.5480870881091 -0.224962685814394
51.5478318956573 -0.224934801788184
51.5475561777134 -0.224346550991872
51.5475227679776 -0.224348684079801
51.5472882847331 -0.225148839033361
51.5467328456602 -0.224836541685436
51.5465987816931 -0.224941765797919
51.5463353481728 -0.225997620308794
51.5463575808853 -0.226278936443268
51.5469742720654 -0.226700647152304
51.5470190067241 -0.226853021558299
51.5467655521587 -0.228017174411982
51.5466798454926 -0.228110165161264
51.5466450808445 -0.228207122398422
51.5461422340692 -0.228555210535275
51.5459072719632 -0.228432224496892
51.5459041490388 -0.228427827136061
51.5458069541348 -0.227498264497238
51.5449308761843 -0.227639563792164
51.5448355181869 -0.226504832856977
51.5447932695384 -0.226481266762061
51.5436445610126 -0.226689898877993
51.5435628043183 -0.226598071340411
51.5435276181219 -0.226452947376664
51.5423602590147 -0.226379310227957
51.5423179837246 -0.226258840903637
51.542368491487 -0.226073529083706
51.5425565598725 -0.225431629396862
51.5422323553125 -0.22449064384782
51.5422541245605 -0.224331180720966
51.5424801598194 -0.223828459262489
51.5424768314659 -0.223608618241861
51.5425120740777 -0.223430674743981
51.5422748139476 -0.222171224675157
51.540845793214 -0.222562683482135
51.5406669617191 -0.221807631430957
51.5408412712725 -0.220734196152553
51.5408256940907 -0.220341367635819
51.5396651064984 -0.219292442392168
51.539661124612 -0.21926109043366
51.5399354103455 -0.217864289382645
51.5397692860263 -0.217142896901427
51.5389749179932 -0.216579111954259
51.538689619348 -0.215966668846268
51.5386654337704 -0.215741836358813
51.5376973223323 -0.21490275783514
51.5376244902191 -0.214978606113207
51.5363720015025 -0.214433287655206
51.53631715752 -0.214745966967411
51.5366343981997 -0.21576764166746
51.5358566860513 -0.216778504426958
51.5359267272298 -0.217086773077148
51.5359196930712 -0.217120811562633
51.5351375229005 -0.218495950628481
51.5350912015675 -0.218512144048847
51.534912110302 -0.218404651316861
51.5348042980936 -0.218320173892077
51.5348031355235 -0.218320575934366
51.5341737137214 -0.21832945913685
51.5338349838717 -0.217732113799016
51.5338061083941 -0.217559319394261
51.5337707242744 -0.217514338155138
51.5330243332005 -0.21714382330375
51.532966686524 -0.217189703827089
51.5329238580475 -0.217199104114566
51.532785195644 -0.217137355271203
51.5326270328763 -0.217194413969105
51.531622956804 -0.21666779487259
51.5316181002069 -0.216649915681226
51.5309983526272 -0.216331303110919
51.5309883919459 -0.216302925099072
51.5308812186749 -0.216071388892074
51.5308333809413 -0.215674559488304
51.530732436528 -0.215633928984152
51.5302592230668 -0.215705566168829
51.5301192469769 -0.215545689230722
51.5296913108881 -0.215993561990878
19 4
51.5471958522126 -0.285194466622848
51.5480038042499 -0.283205772282124
51.5478637793202 -0.282507891094827
51.5466156246643 -0.281297027311015
51.5455039247601 -0.281399321305258
51.5453423620678 -0.281508621979818
51.5454781878376 -0.283835806007275
51.5456625282203 -0.28435564397737
51.5459508662079 -0.284905465416969
51.5459820299451 -0.284952571645717
51.5464739838617 -0.285367153991534
51.546523294279 -0.286675004837402
51.546550433314 -0.28729007242646
51.5468990272594 -0.288816201379404
51.5481465291246 -0.289932168287296
51.5486192057276 -0.289130300040633
51.5480605748238 -0.286529855131931
51.5473879088402 -0.2853445706324
51.5471958522126 -0.285194466622848
7 4
51.5230955180386 -0.259350275465045
51.5229958146514 -0.259410412812761
51.5227923640709 -0.259797424134951
51.5229351052522 -0.260123578831926
51.5231166980977 -0.260505422922915
51.523812512664 -0.260893827781594
51.5230955180386 -0.259350275465045
