51.569215521018 -0.178913923448793
51.5690268203681 -0.179713228938783
51.568913434017 -0.180737710472658
51.5693128646723 -0.182113400954553
51.5692389685003 -0.182357150948386
51.5688613462885 -0.18219720312819
51.5686263858398 -0.182692693969029
51.5686394283874 -0.18307633422544
51.5683466217272 -0.183110611931474
51.5680387296434 -0.183982327903653
51.5680939287065 -0.184342631474465
51.5666441322681 -0.187156249265723
51.5663167460509 -0.187425404081707
51.5665280386678 -0.188428809979558
51.5665386294927 -0.188450992639842
51.5667619636454 -0.188773081982595
51.5670817054804 -0.189767675614286
51.5673863342203 -0.191147032338119
51.5685883141717 -0.192392548572759
51.5686491207696 -0.192628318393444
51.5676272576092 -0.193936695275753
51.5675774775938 -0.194323770488889
51.5662659058677 -0.194116029035933
51.5659786006684 -0.194385327965989
51.5659780659105 -0.194771270947068
51.56585067218 -0.195138920182684
51.5645789150791 -0.195731264268191
51.5644653428995 -0.195875419812513
51.5644721449936 -0.195920236746127
51.5638965136615 -0.197042322390669
51.5636223467538 -0.19685652796529
51.5633893201955 -0.197095691574577
51.562934003243 -0.196242698020479
51.5628267684122 -0.196360544744331
51.5627604627024 -0.19729911688664
51.5627724064629 -0.197327550957715
51.5630776014806 -0.197484995722391
51.5632712895751 -0.197441292581571
51.5635061147771 -0.197892732117442
51.5639155357888 -0.197777333686745
51.5640039416057 -0.197393405562519
51.564673839281 -0.197310049837575
51.5647897731118 -0.197647241613833
51.5649961083081 -0.197642651645224
51.5655717713647 -0.19765153284885
51.5658212497461 -0.197283585122351
51.566554573938 -0.198309692604312
51.5665298327944 -0.198823771729431
51.5669570878001 -0.199513077036211
51.5676346195453 -0.200185135785518
51.5676604257425 -0.200238247648337
51.5676329128694 -0.200525216675676
51.5673941899601 -0.201184923211166
51.5675652242155 -0.201874378535243
51.5682440843199 -0.203438351078627
51.5682181017185 -0.203614380915893
51.5682708406408 -0.204240824116058
51.5677793642394 -0.204569509104669
51.5667671388291 -0.204553468842067
51.5662238253655 -0.205131271661635
51.5662474112545 -0.205650697263354
51.5661774337973 -0.20572471223852
51.5655330267087 -0.206799694119508
51.5655234747208 -0.206833498632123
51.5654296963096 -0.208221443406497
51.5650081845297 -0.208517097881266
51.5648531620261 -0.209009268006615
51.5645780065146 -0.209169732181599
51.5642551005296 -0.209706318607455
51.5640947741464 -0.210422804640583
51.5635895129012 -0.210090405260778
51.5632134941444 -0.21106467994532
51.5632131932569 -0.211168779418426
51.56329583137 -0.211370738266377
51.5631093534932 -0.2119704613605
51.5624876735004 -0.21212736237883
51.5624826395787 -0.212434226848678
51.5623511884043 -0.212851917628549
51.5624771897747 -0.213422246054223
51.5619520283116 -0.21405555980664
51.5624910471508 -0.215940226548385
51.5627999697967 -0.215209403001218
51.5629067246492 -0.214781024428565
51.5629906351299 -0.213832270393021
51.5639723879961 -0.213695064584853
51.5637558350254 -0.212762944210215
51.5643506942936 -0.211653988962586
51.5643953836817 -0.2114894978073
51.5647354927129 -0.211467587630793
51.5650565469069 -0.211162819005786
51.5651430264091 -0.209960046401846
51.5658199309071 -0.209769768105454
51.5661709379858 -0.208747752492146
51.5661589706277 -0.208723478072456
51.5666901107402 -0.206247373967396
51.5669489154916 -0.206387800982221
51.5670748007201 -0.206507287048132
51.5672671090653 -0.206602507991541
51.5684843821177 -0.206435637527473
51.5686386708245 -0.206960773713557
51.5698940849792 -0.2071602763263
51.5699753432727 -0.207430365323639
51.569587689661 -0.208388958153286
51.5697920443575 -0.209403153744674
51.5700152591949 -0.209650536930803
51.5708138878663 -0.208777160165432
51.5710272823462 -0.208846346035459
51.5712377113684 -0.209127668447454
51.5716709078656 -0.210204660262827
51.5718550860287 -0.211382466431704
51.5718277491053 -0.211570694666099
51.5726090545313 -0.212633117483083
51.5727691375736 -0.212678714722299
51.5735843922313 -0.212139863989745
51.5741024496817 -0.212840710044329
51.5747055533709 -0.212597404729672
51.5748275084086 -0.212901988642709
51.5747526760034 -0.214074689118591
51.5747089139579 -0.214152675228117
51.5749979593101 -0.215631791011096
51.5750191648888 -0.216305266135525
51.5751083045966 -0.216799623794354
51.5752284846559 -0.216869764332736
51.5759345379916 -0.215639377215363
51.576232755213 -0.215434218500604
51.5766349991547 -0.215543405581012
51.5771888444808 -0.214986836763212
51.5774943546486 -0.215255337555854
51.5768686283397 -0.216731205270475
51.5767484438686 -0.217572070200517
51.5771690658785 -0.217559660738787
51.577998772629 -0.216775384603164
51.5781485578062 -0.216143482612683
51.5790170131296 -0.216099125298698
51.5791181636211 -0.21604102015042
51.5791327546865 -0.216025097946052
51.579343256034 -0.21567366079483
51.579433941051 -0.215134253609476
51.5792594269425 -0.214411744623118
51.579347040507 -0.213676821175209
51.5793577258407 -0.213670095231487
51.5807018164283 -0.214056155193531
51.5808544466299 -0.213818828953199
51.5810790043609 -0.213286882758834
51.5811098710087 -0.213253541042333
51.581381769135 -0.213351170972495
51.5816710320972 -0.213337564879417
51.5817578588256 -0.213301194872766
51.5824002250758 -0.211669399304741
51.5827833581703 -0.211609729780507
51.5828731133817 -0.211671184704693
51.5839527995477 -0.211094196235099
51.5842006785094 -0.211326293882743
51.5848567150038 -0.210934683170411
51.5850149146808 -0.210791840958798
51.5857970060903 -0.211439511793734
51.585940327584 -0.211441143807784
51.5860531948022 -0.211396959997967
51.5860586680194 -0.211396268999175
51.586347450839 -0.211492758636506
51.5867299599711 -0.212041173024188
51.5875728110307 -0.211714817297625
51.5876771200465 -0.211563254295651
51.587837206377 -0.210624076071199
51.5875814510029 -0.21027051517227
51.5870835743205 -0.209078458859525
51.587885501082 -0.207814929731759
51.5880380735375 -0.206856628774241
51.5880193354017 -0.206771670538591
51.5888123959204 -0.204354006516483
51.5886839495692 -0.204049608527095
51.5892103625745 -0.201441237275095
51.5897250058833 -0.200923737501546
51.5897505559755 -0.200860477114943
51.5895671448327 -0.199710072598412
51.5895756373277 -0.199542861877247
51.5892956906047 -0.198540663972157
51.5893094538756 -0.196849359127445
51.5891798918261 -0.196619889903664
51.5900339491694 -0.194914207166003
51.5899705783084 -0.194353599919924
51.5902594664179 -0.193421937996123
51.5902748763476 -0.192776193194344
51.5902914724312 -0.192721376676291
51.5901030235327 -0.191185063739284
51.5901201489511 -0.190937162488354
51.5904736164624 -0.190434983463861
51.5906054250489 -0.190144670844635
51.5910049007912 -0.189769679945631
51.5913407072461 -0.189090351547735
51.5899453621112 -0.186642094189399
51.5903439307229 -0.184365989066504
51.5899622647157 -0.184263963577232
51.5886308432974 -0.182554061217737
51.5884732700476 -0.182444896417666
51.5882688918663 -0.18075959023408
51.5880057895307 -0.180471472396889
51.5876525548619 -0.180475586829175
51.5876387101625 -0.180498754048974
51.5872373460293 -0.181724632590509
51.5864346772614 -0.180856302409856
51.5864092767324 -0.180847319391373
51.5863928570115 -0.180884156794765
51.5856834814706 -0.181070304902147
51.5855720383533 -0.180962047071857
51.5855008208367 -0.181007261025226
51.5850744688257 -0.181055826780459
51.5848792730328 -0.18108885290025
51.5848766290221 -0.181730445972512
51.5851010578354 -0.182348457549934
51.5850492781054 -0.182644609491858
51.5846641282115 -0.182909905741111
51.5841444465677 -0.181918436498542
51.5840331169238 -0.18186968172032
51.5840310203268 -0.180765570525663
51.583128215978 -0.180849350273865
51.583099886514 -0.180918198196333
51.5820082117848 -0.180665941764742
51.5818742848063 -0.18040055077607
51.5815969218278 -0.180456733057214
51.5809745734527 -0.179593938783388
51.5804919204845 -0.179727825675394
51.5804222949931 -0.179933626426103
51.5801170692007 -0.180164070531931
51.5797045780747 -0.181042947533746
51.5797004453273 -0.181043112543644
51.5793404671375 -0.18076879160451
51.5790195766851 -0.180052736212704
51.5788816080713 -0.179405182759076
51.5788154124709 -0.179310487252931
51.5787713246248 -0.17930225331649
51.5773576358358 -0.179664564614556
51.5759869686572 -0.178517872640811
51.5759403128354 -0.178517952957527
51.5756359272452 -0.177175298143189
51.5746915469846 -0.174763356930794
51.5743564373777 -0.174435882972559
51.5729639256424 -0.175609995881398
51.5729291337878 -0.175661956718959
51.5724611466307 -0.176114501145338
51.5714217160761 -0.17470764936958
51.5706780328488 -0.175230716861907
51.5707284634626 -0.176450834218063
51.570643892868 -0.176689555337294
51.5689027265727 -0.17816428337847
51.569215521018 -0.178913923448793
