448 4
51.5562330453023 -0.201152736942966
51.5556172694621 -0.201330340909279
51.554997078633 -0.201853385270437
51.5548240401018 -0.201836778733204
51.5541600345627 -0.202093695113298
51.5540345629392 -0.202171667449577
51.5538965203905 -0.202303417001356
51.5537956784438 -0.202451658133061
51.5537592817265 -0.202563938251661
51.5539546993398 -0.203126044633033
51.5533198637798 -0.203321370430169
51.5532904166713 -0.203341559708864
51.5531271316402 -0.203204562195296
51.5530937929507 -0.203199572489122
51.5529286226728 -0.202798624403195
51.5528672688592 -0.202713628565741
51.5526146908396 -0.201935554603927
51.5521770679971 -0.202088150659158
51.5519123611388 -0.202648390877402
51.5517371913921 -0.202739138754767
51.5515757854034 -0.203000717416122
51.5511524576907 -0.203405929626278
51.5515526410327 -0.204959643519275
51.5508544976811 -0.205471267678914
51.5506792325517 -0.205461871624993
51.5504937863955 -0.205068988877518
51.5508449187116 -0.203271053715932
51.5507656722611 -0.203197588202417
51.5506982684027 -0.202928857534012
51.5503840518734 -0.202240777092742
51.5495035548375 -0.202308902502802
51.5494826844699 -0.202214112173321
51.5489260230442 -0.201591507749462
51.5484587334723 -0.201978701493246
51.5482190715795 -0.201468833292821
51.5476602173066 -0.201360181143014
51.5477691441347 -0.202484528268644
51.5473456621051 -0.202721093704966
51.5472472604221 -0.202846741000771
51.5470999797018 -0.202827334123111
51.5470330031091 -0.202885863324337
51.5467610073739 -0.203692474994401
51.5467605920357 -0.203700577537674
51.5466132415091 -0.204111164248881
51.5466163511756 -0.204126381730735
51.5473000906293 -0.204623998065482
51.5472051191596 -0.205120879626639
51.547190533482 -0.205189948993417
51.5469721729047 -0.205442793087256
51.5466012268181 -0.205012054656306
51.546393661797 -0.205130218119259
51.546108179832 -0.205279390865694
51.546115587138 -0.206251687086371
51.5461290623016 -0.206274582985367
51.5460748202312 -0.207266426195199
51.5457086354286 -0.207623403083666
51.5456949981037 -0.208143107266523
51.5457619671498 -0.208337037702308
51.5457514346 -0.209225246858607
51.5454515053277 -0.209335242559256
51.5452570812261 -0.209784627588871
51.5450069374189 -0.209917041034591
51.5450256082912 -0.211141198916688
51.5452134834422 -0.211246557946426
51.5454095133875 -0.211751257447822
51.5452673611867 -0.212068256972781
51.5451668564696 -0.213366653010563
51.5453090512888 -0.213595337235651
51.5454799931416 -0.213692808518223
51.5455356369466 -0.213668987567099
51.5460123419412 -0.21436426837825
51.546135536834 -0.214975056627284
51.5458893398819 -0.215260924111953
51.5458849414782 -0.215284997534091
51.5458800870382 -0.215923388330207
51.5461422063933 -0.216205661097015
51.5461984095708 -0.216532019313608
51.5455007564405 -0.217102839700385
51.545947294554 -0.217565315143881
51.5459012021029 -0.218602840250973
51.5458866206294 -0.218637180734875
51.5453900046081 -0.218724711122066
51.5453722143077 -0.218766786765918
51.5453007801631 -0.219941914538807
51.5455030998394 -0.220075523128946
51.5460693930924 -0.219840214899994
51.5461539865047 -0.220029789759585
51.5462240295707 -0.220469174411481
51.5462262429416 -0.220615113049233
51.5460102959795 -0.221171604062527
51.5457914508933 -0.221424383308055
51.5456467594893 -0.221872137520865
51.5452641768535 -0.221944841865817
51.5445031138138 -0.221079841430094
51.5442876295209 -0.221210363233435
51.5438167660242 -0.221116952265154
51.5433627987409 -0.222749390161847
51.5433655912414 -0.22282098130025
51.5425120740777 -0.223430674743981
51.5424768314659 -0.223608618241861
51.5424801598194 -0.223828459262489
51.5422541245605 -0.224331180720966
51.5422323553125 -0.22449064384782
51.5425565598725 -0.225431629396862
51.542368491487 -0.226073529083706
51.5423179837246 -0.226258840903637
51.5423602590147 -0.226379310227957
51.5435276181219 -0.226452947376664
51.5435628043183 -0.226598071340411
51.5436445610126 -0.226689898877993
51.5447932695384 -0.226481266762061
51.5448355181869 -0.226504832856977
51.5449308761843 -0.227639563792164
51.5458069541348 -0.227498264497238
51.5459041490388 -0.228427827136061
51.5459072719632 -0.228432224496892
51.5461422340692 -0.228555210535275
51.5466450808445 -0.228207122398422
51.5466798454926 -0.228110165161264
51.5467655521587 -0.228017174411982
51.5470190067241 -0.226853021558299
51.5469742720654 -0.226700647152304
51.5463575808853 -0.226278936443268
51.5463353481728 -0.225997620308794
51.5465987816931 -0.224941765797919
51.5467328456602 -0.224836541685436
51.5472882847331 -0.225148839033361
51.5475227679776 -0.224348684079801
51.5475561777134 -0.224346550991872
51.5478318956573 -0.224934801788184
51.5480870881091 -0.224962685814394
51.5478961969808 -0.225691228497369
51.547727631507 -0.225684824081241
51.547497181065 -0.22624092194141
51.548045270669 -0.226584683515025
51.5479684238557 -0.227162755633467
51.5483362114097 -0.227520792730482
51.5483069021757 -0.228008663877844
51.5479011468164 -0.228428270520595
51.5478348376675 -0.227258087139474
51.5477977369657 -0.227265831744759
51.5475108841867 -0.228284319177708
51.5478048490934 -0.228677217469314
51.5478280456507 -0.228891794054038
51.5477300328537 -0.229134384696505
51.5475904322011 -0.229176787808234
51.5473525747719 -0.229719716100641
51.5473661188824 -0.229860700095745
51.5471357029446 -0.230152184691569
51.5471284289259 -0.230355336057639
51.5472577352638 -0.230697314285895
51.5475646160141 -0.230778759104138
51.547632842024 -0.231297085261271
51.5475194028882 -0.231733268523259
51.5476842344483 -0.232231678680991
51.5476543782139 -0.232606946886664
51.5478630713926 -0.23302743668443
51.5478665342101 -0.233054415597574
51.5478344445725 -0.23344273317358
51.5477935529525 -0.233491289099414
51.5476388757706 -0.234341823748243
51.5475394497024 -0.234539030253744
51.5475461564149 -0.234554586495688
51.5477582604329 -0.234760069749212
51.5478463321693 -0.235206404740652
51.547963643391 -0.235540779537128
51.5478801880756 -0.235801820036629
51.5479532930829 -0.236185710859876
51.548410975795 -0.236407869478233
51.5481465416283 -0.23728429045988
51.5481509152627 -0.237377947443079
51.5485745631078 -0.237297477778036
51.5486671058264 -0.237461576917295
51.5486671129677 -0.237462052317244
51.5485771922542 -0.237825613233352
51.5489302598642 -0.238169444228313
51.5491816017139 -0.238066858147354
51.5492109337999 -0.238212234903403
51.549476667691 -0.238900631099007
51.5498799618729 -0.238847597504078
51.5500145281739 -0.239014600806333
51.5502187536876 -0.239666143132589
51.5502302198006 -0.23978926158186
51.5501050268147 -0.240205090339154
51.5501110735449 -0.240248620573278
51.5501811306365 -0.240490184984846
51.5509649356244 -0.240663187460084
51.5511575495597 -0.241020501104592
51.5515338143501 -0.240633629753177
51.5516676174773 -0.240264313957191
51.5522001837043 -0.240133278997192
51.5523181036656 -0.239921792783589
51.5524304536013 -0.239404992457515
51.5518020762911 -0.238566911335557
51.5519706451407 -0.237675579066408
51.5514685321516 -0.236985111749794
51.5515331128124 -0.236179861424763
51.5512950179893 -0.235770213257941
51.5514634336881 -0.234816330991037
51.5510705547166 -0.234169361840473
51.55106259491 -0.234136252043745
51.5511002788392 -0.233743171599448
51.5514650583529 -0.233120497533947
51.5509538728728 -0.232474084657122
51.5509276976765 -0.231804838084794
51.5506957481766 -0.231422213276873
51.5506808932124 -0.231301486544231
51.5505584109115 -0.23105423676212
51.5505136869646 -0.230723341381752
51.5505140343878 -0.230615226079671
51.5506888995111 -0.230026069105138
51.5502686048612 -0.229297683341233
51.5502810969022 -0.229231909424968
51.5502619634809 -0.229024417696652
51.5503201598389 -0.22855015074809
51.5504722215413 -0.22752922937241
51.550512881931 -0.227519086569306
51.5509270779628 -0.227813144867051
51.5510810165744 -0.228351127684454
51.5517655513101 -0.228616619480262
51.551808208474 -0.228756604955683
51.5522284765517 -0.228988603951314
51.5526477566107 -0.228488158744415
51.5528948786576 -0.229404905487831
51.553090131639 -0.229595224840578
51.5534527711944 -0.229344471867518
51.5537672228608 -0.229492701537253
51.553973341885 -0.229289053855707
51.5545592083794 -0.229158191927193
51.5545595577317 -0.22919921075461
51.5548729176788 -0.230514597170503
51.5557176755057 -0.230823878962448
51.556522241889 -0.230518624031586
51.5566756463693 -0.230628518206033
51.55688714327 -0.232791807815677
51.5572736626047 -0.234287978380336
51.5572744841952 -0.234360500871162
51.5575702644606 -0.235867820312436
51.5574893371212 -0.236446630950199
51.5577178239198 -0.23853320495968
51.5577426490982 -0.238677831668652
51.558020364818 -0.239284300362276
51.5580683074165 -0.239735504659964
51.559017542276 -0.241156776148951
51.5592338281765 -0.243659035697072
51.5590519361101 -0.243879312933523
51.5588064033264 -0.244400473264149
51.5589065781073 -0.245147638372373
51.558366731953 -0.245808217634681
51.5581435020658 -0.24642674907832
51.5582692037709 -0.246681093201862
51.5584071703188 -0.247816819847277
51.5586328981308 -0.248009161614798
51.558722873565 -0.248815363175859
51.5592789800201 -0.249122652240356
51.5593110199883 -0.249781932186661
51.5596360828415 -0.249769453183893
51.5599648449112 -0.250143651758937
51.5600413834872 -0.250182227061217
51.560042234199 -0.250275450021652
51.5603093910363 -0.250901336842539
51.5606873268755 -0.251613622257526
51.5605021263004 -0.25182400979163
51.5603745025344 -0.251940715998134
51.5603885885034 -0.252886536984584
51.5604325755018 -0.253105740446194
51.5606745541534 -0.253333535843505
51.5606859613569 -0.253417434433596
51.5608174766961 -0.253713102664061
51.5610095678145 -0.253705744587185
51.5614113697347 -0.254138088595745
51.561416547207 -0.25413563022878
51.5618095156317 -0.25326756843866
51.5620988710907 -0.253175354881615
51.5621513507722 -0.253210219660146
51.5628016310101 -0.252736720125529
51.5629930947003 -0.252089635239378
51.5639884561943 -0.252724656036696
51.5641663969946 -0.252739010094113
51.564920972862 -0.25245979152851
51.5651610049124 -0.252315329504542
51.5652882007333 -0.252290585915965
51.5663865618017 -0.252948342058469
51.5675791614189 -0.252551315978207
51.5684132778412 -0.252427847219413
51.5690144448013 -0.250498747153707
51.5693681217689 -0.249812854973866
51.5698192369561 -0.247699089350186
51.5700968444588 -0.247109484134915
51.5708738418783 -0.246244023799943
51.57118451926 -0.245341401293183
51.5721026537781 -0.243587501315266
51.5721859230529 -0.241614096944428
51.571914776743 -0.239376558260014
51.5720604322873 -0.238880733096922
51.5721054626861 -0.236874533976832
51.5720529676651 -0.236330446601569
51.5721555817094 -0.236016174524112
51.5721652754152 -0.235680274695166
51.5720431786326 -0.234842266215263
51.5716787699624 -0.233769150327563
51.5716895737268 -0.232874484334392
51.5727005930577 -0.232172311742165
51.5728306473505 -0.232164529757201
51.5733124165023 -0.23168775327329
51.5725661005143 -0.228868892374465
51.5731619157397 -0.228122793481705
51.5737452612816 -0.225368223601979
51.5742893030098 -0.224956880125155
51.5745391087101 -0.223844498910139
51.5749832924778 -0.222870640760782
51.5750875044951 -0.222693924438464
51.5753301199517 -0.222271331767366
51.5759898639403 -0.22135078208005
51.5761240443327 -0.221259394685994
51.5760514034593 -0.218165734445447
51.5767484438686 -0.217572070200517
51.5768686283397 -0.216731205270475
51.5774943546486 -0.215255337555854
51.5771888444808 -0.214986836763212
51.5766349991547 -0.215543405581012
51.576232755213 -0.215434218500604
51.5759345379916 -0.215639377215363
51.5752284846559 -0.216869764332736
51.5751083045966 -0.216799623794354
51.5750191648888 -0.216305266135525
51.5749979593101 -0.215631791011096
51.5747089139579 -0.214152675228117
51.5747526760034 -0.214074689118591
51.5748275084086 -0.212901988642709
51.5747055533709 -0.212597404729672
51.5741024496817 -0.212840710044329
51.5735843922313 -0.212139863989745
51.5727691375736 -0.212678714722299
51.5726090545313 -0.212633117483083
51.5718277491053 -0.211570694666099
51.5718550860287 -0.211382466431704
51.5716709078656 -0.210204660262827
51.5712377113684 -0.209127668447454
51.5710272823462 -0.208846346035459
51.5708138878663 -0.208777160165432
51.5700152591949 -0.209650536930803
51.5697920443575 -0.209403153744674
51.569587689661 -0.208388958153286
51.5699753432727 -0.207430365323639
51.5698940849792 -0.2071602763263
51.5686386708245 -0.206960773713557
51.5684843821177 -0.206435637527473
51.5672671090653 -0.206602507991541
51.5670748007201 -0.206507287048132
51.5669489154916 -0.206387800982221
51.5666901107402 -0.206247373967396
51.5661589706277 -0.208723478072456
51.5661709379858 -0.208747752492146
51.5658199309071 -0.209769768105454
51.5651430264091 -0.209960046401846
51.5650565469069 -0.211162819005786
51.5647354927129 -0.211467587630793
51.5643953836817 -0.2114894978073
51.5643506942936 -0.211653988962586
51.5637558350254 -0.212762944210215
51.5639723879961 -0.213695064584853
51.5629906351299 -0.213832270393021
51.5629067246492 -0.214781024428565
51.5627999697967 -0.215209403001218
51.5624910471508 -0.215940226548385
51.5619520283116 -0.21405555980664
51.5624771897747 -0.213422246054223
51.5623511884043 -0.212851917628549
51.5624826395787 -0.212434226848678
51.5624876735004 -0.21212736237883
51.5631093534932 -0.2119704613605
51.56329583137 -0.211370738266377
51.5632131932569 -0.211168779418426
51.5632134941444 -0.21106467994532
51.5635895129012 -0.210090405260778
51.5640947741464 -0.210422804640583
51.5642551005296 -0.209706318607455
51.5645780065146 -0.209169732181599
51.5648531620261 -0.209009268006615
51.5650081845297 -0.208517097881266
51.5654296963096 -0.208221443406497
51.5655234747208 -0.206833498632123
51.5655330267087 -0.206799694119508
51.5661774337973 -0.20572471223852
51.5662474112545 -0.205650697263354
51.5662238253655 -0.205131271661635
51.5667671388291 -0.204553468842067
51.5677793642394 -0.204569509104669
51.5682708406408 -0.204240824116058
51.5682181017185 -0.203614380915893
51.5682440843199 -0.203438351078627
51.5675652242155 -0.201874378535243
51.5673941899601 -0.201184923211166
51.5676329128694 -0.200525216675676
51.5676604257425 -0.200238247648337
51.5676346195453 -0.200185135785518
51.5669570878001 -0.199513077036211
51.5665298327944 -0.198823771729431
51.566554573938 -0.198309692604312
51.5658212497461 -0.197283585122351
51.5655717713647 -0.19765153284885
51.5649961083081 -0.197642651645224
51.5647897731118 -0.197647241613833
51.564673839281 -0.197310049837575
51.5640039416057 -0.197393405562519
51.5639155357888 -0.197777333686745
51.5635061147771 -0.197892732117442
51.5632712895751 -0.197441292581571
51.5630776014806 -0.197484995722391
51.5627724064629 -0.197327550957715
51.5627604627024 -0.19729911688664
51.5628267684122 -0.196360544744331
51.562934003243 -0.196242698020479
51.5631458644989 -0.19575551125309
51.5631793390352 -0.195722543622284
51.5631259077994 -0.194282776571461
51.5625146405844 -0.19412760494029
51.5624399683581 -0.193773458500687
51.5617669519946 -0.193309559462477
51.5617134195599 -0.192635429388442
51.5613236673314 -0.192352429494781
51.5611660216349 -0.192372241106566
51.5609422090454 -0.19329085806355
51.5611175397055 -0.193590567962097
51.5607851486677 -0.194884962724213
51.5606806020861 -0.194937872268655
51.5607174906649 -0.195208690618548
51.5605239998833 -0.196457956396543
51.5604302885026 -0.196549092201391
51.5604008565581 -0.196616987571752
51.559986382037 -0.196883176218721
51.5596688863199 -0.196767745132482
51.5593300769538 -0.197231005146109
51.5592757853463 -0.197301665603164
51.5590689139803 -0.197195299801312
51.5587109394506 -0.196797426916593
51.5582829666476 -0.197080313918979
51.5577812952116 -0.195779285953824
51.5574816328226 -0.196397037773652
51.557154279727 -0.196681412259615
51.5569194799447 -0.197045024506967
51.5568699348089 -0.19736610232661
51.5561926635341 -0.19878411037788
51.5560710531517 -0.199254084380971
51.5560615725776 -0.199315831243003
51.5563010672276 -0.200722703924341
51.5562330453023 -0.201152736942966
13 4
51.5442071498171 -0.214001396772514
51.5436579461712 -0.214342876309493
51.5438941791661 -0.214790587964095
51.5438943636005 -0.214802709245876
51.5440973590554 -0.215305353223531
51.5444333057806 -0.215470690618823
51.544693185629 -0.215191908388697
51.5446779346322 -0.215028529755697
51.5447336938279 -0.214758207910292
51.5447791606834 -0.214260577202385
51.5445105979732 -0.213850630556303
51.5442496947601 -0.213754899833248
51.5442071498171 -0.214001396772514
