51.5439385686501 -0.153521560750019
51.5438211715074 -0.153836423924729
51.5437676074327 -0.153825987625337
51.5436600285093 -0.153907869120334
51.5435315985537 -0.154115802920803
51.5434928593304 -0.154356254137194
51.5435599065692 -0.154743793721281
51.5435119072932 -0.154807091298141
51.5432485442488 -0.15539277426227
51.5438270209864 -0.155814571406735
51.5437936265269 -0.156086436021565
51.5431644487384 -0.156854554865042
51.5429678582326 -0.155477132390099
51.5427726836777 -0.155328188900183
51.5424751638398 -0.155948652040797
51.5424392582685 -0.156918932733596
51.5421663714978 -0.15684173197026
51.5418413511942 -0.157314421765532
51.5416616706169 -0.1571730523255
51.5415589683631 -0.157468272296432
51.5416131793365 -0.157800434460869
51.541588292325 -0.157818561308058
51.5413000966642 -0.157602266099623
51.5411979564681 -0.157595571219515
51.5413485048091 -0.158332147098478
51.5413462264287 -0.158479081875132
51.5411276081128 -0.158411334966525
51.5407729541263 -0.158623024956735
51.5407261277497 -0.158789828534266
51.5404795089588 -0.158851146197073
51.539555211958 -0.158538773732563
51.5388255066164 -0.158934183757877
51.5386446885466 -0.159098301591056
51.5392726301362 -0.161574884142236
51.5393763299588 -0.1625935664541
51.5393284557885 -0.162693821313673
51.5392919301036 -0.162870068846979
51.5392430243127 -0.164690782413651
51.538944608009 -0.166090763545966
51.5396204056227 -0.167410100020271
51.5396246537947 -0.167428833907119
51.5390554357687 -0.168794616443013
51.5393373797499 -0.169821496539465
51.5392798922329 -0.170089652997181
51.5393368948478 -0.170557004379118
51.5405029693572 -0.170412865748289
51.5405442033932 -0.170647345051443
51.541618710787 -0.171336095904819
51.5418014882776 -0.171596536494954
51.5417704841614 -0.171793372867223
51.5417044494356 -0.171997914490199
51.5418519665571 -0.172897799901815
51.5418186255775 -0.173377716063615
51.5418965835867 -0.173696344034502
51.5418317074139 -0.174033293966566
51.5416594318558 -0.174845985905594
51.5416628931898 -0.174872005780305
51.5416681805683 -0.174911388488735
51.5418321192351 -0.175151789300285
51.54191679679 -0.175162908072294
51.5423228725017 -0.175856873616813
51.5426451564594 -0.17549250539446
51.5427268191842 -0.175171051035986
51.5431777510578 -0.1763274423777
51.5431965806179 -0.176416820050559
51.5432887574779 -0.176511351358785
51.5433046792892 -0.17650619646697
51.543347461819 -0.176447768083577
51.5435182249777 -0.175352115219942
51.5435791403037 -0.17499723935145
51.5436224281768 -0.174982903364046
51.5438374801075 -0.17582781593387
51.543859120628 -0.176213637191785
51.5440495010471 -0.176287239421999
51.5440928236319 -0.176350312187338
51.5442339267605 -0.176382602715263
51.544438489658 -0.176686203482861
51.5445161137155 -0.176683100655825
51.5446001939149 -0.176748350389777
51.5448829521211 -0.177322917642374
51.5448225950481 -0.177488473741413
51.5449600034725 -0.178133778962103
51.5449587924295 -0.178310527854396
51.5452050284317 -0.178594522355515
51.5452585667898 -0.178858269363542
51.54527445938 -0.17911186652949
51.5455148362159 -0.179261731000234
51.5455844396108 -0.17922839227482
51.5460234920951 -0.17889170350382
51.5460641158743 -0.178931582199456
51.5460990411871 -0.17903292874082
51.5459510622412 -0.179669787561383
51.5461893055253 -0.179664798126684
51.5464080314239 -0.180232920296029
51.5464836630683 -0.180124544868399
51.5464998586499 -0.180102256287543
51.5470986728921 -0.180658790602367
51.5471033165762 -0.180697371899422
51.5472614323856 -0.180806532490629
51.5475915639197 -0.181150234650712
51.5474850125277 -0.182471486391894
51.5479756332958 -0.183083865098663
51.547983862359 -0.183615338534149
51.5477553083425 -0.18433925314427
51.5477554926599 -0.185908717245692
51.5479090449807 -0.186537154840323
51.5479379576143 -0.186936282624414
51.5482712129781 -0.186913164511251
51.5494078970923 -0.186116985585655
51.5494163748475 -0.186101307505612
51.5494456370603 -0.185644911133238
51.5497013641302 -0.185177718524324
51.5497074591691 -0.185008011471515
51.549790247096 -0.184798266948774
51.5497137789836 -0.184341556197232
51.5498045287323 -0.184094508434345
51.5502187166438 -0.183951005663356
51.5502875330961 -0.184029371461822
51.5507214222744 -0.183677676470512
51.5508089405522 -0.183611041418915
51.5508886576759 -0.183795411928384
51.5507324936426 -0.184497581219412
51.550910800969 -0.184738323735445
51.5509819131303 -0.185046484054386
51.5506568927921 -0.186224169980193
51.5506566484281 -0.186266516971333
51.5511616652997 -0.186020233896359
51.5514587960944 -0.186056223420918
51.5516031743424 -0.186178446361096
51.5517624012242 -0.186447074271417
51.5518056605537 -0.186663467699471
51.5517884042953 -0.186902247467944
51.5517188077484 -0.187657707811137
51.5516429482669 -0.187815804043272
51.5521538201858 -0.188524773867214
51.5521981499748 -0.188909769732197
51.5528190578459 -0.18911238599177
51.5530449699262 -0.188949160922249
51.5530960746148 -0.188998509563627
51.5529845356848 -0.189885644781499
51.5531814645776 -0.190133768139207
51.5531459356098 -0.190383150158634
51.5535131425111 -0.190841928258029
51.5535045267031 -0.19107026327654
51.55379593172 -0.191458080371052
51.5538161464514 -0.19145727862143
51.5540360729894 -0.191879571498066
51.5542499213723 -0.191790811179572
51.5543876511605 -0.192403809261543
51.5542428086543 -0.193062261847336
51.5545803558891 -0.193498817036474
51.5546044891492 -0.193489773337445
51.5553643811511 -0.194621801462725
51.5558203212144 -0.194421654041473
51.5558432894496 -0.194482949261016
51.5562685441725 -0.195052124382972
51.5562778351138 -0.195457459083181
51.5566107756952 -0.195846419269535
51.556796474604 -0.195651501601474
51.5570304523856 -0.195983009289518
51.557154279727 -0.196681412259615
51.5574816328226 -0.196397037773652
51.5577812952116 -0.195779285953824
51.5582829666476 -0.197080313918979
51.5587109394506 -0.196797426916593
51.5590689139803 -0.197195299801312
51.5592757853463 -0.197301665603164
51.5593300769538 -0.197231005146109
51.5596688863199 -0.196767745132482
51.559986382037 -0.196883176218721
51.5604008565581 -0.196616987571752
51.5604302885026 -0.196549092201391
51.5605239998833 -0.196457956396543
51.5607174906649 -0.195208690618548
51.5606806020861 -0.194937872268655
51.5607851486677 -0.194884962724213
51.5611175397055 -0.193590567962097
51.5609422090454 -0.19329085806355
51.5611660216349 -0.192372241106566
51.5613236673314 -0.192352429494781
51.5617134195599 -0.192635429388442
51.5617669519946 -0.193309559462477
51.5624399683581 -0.193773458500687
51.5625146405844 -0.19412760494029
51.5631259077994 -0.194282776571461
51.5631793390352 -0.195722543622284
51.5631458644989 -0.19575551125309
51.562934003243 -0.196242698020479
51.5633893201955 -0.197095691574577
51.5636223467538 -0.19685652796529
51.5638965136615 -0.197042322390669
51.5644721449936 -0.195920236746127
51.5644653428995 -0.195875419812513
51.5645789150791 -0.195731264268191
51.56585067218 -0.195138920182684
51.5659780659105 -0.194771270947068
51.5659786006684 -0.194385327965989
51.5662659058677 -0.194116029035933
51.5675774775938 -0.194323770488889
51.5676272576092 -0.193936695275753
51.5686491207696 -0.192628318393444
51.5685883141717 -0.192392548572759
51.5673863342203 -0.191147032338119
51.5670817054804 -0.189767675614286
51.5667619636454 -0.188773081982595
51.5665386294927 -0.188450992639842
51.5665280386678 -0.188428809979558
51.5663167460509 -0.187425404081707
51.5666441322681 -0.187156249265723
51.5680939287065 -0.184342631474465
51.5680387296434 -0.183982327903653
51.5683466217272 -0.183110611931474
51.5686394283874 -0.18307633422544
51.5686263858398 -0.182692693969029
51.5688613462885 -0.18219720312819
51.5692389685003 -0.182357150948386
51.5693128646723 -0.182113400954553
51.568913434017 -0.180737710472658
51.5690268203681 -0.179713228938783
51.569215521018 -0.178913923448793
51.5689027265727 -0.17816428337847
51.570643892868 -0.176689555337294
51.5707284634626 -0.176450834218063
51.5706780328488 -0.175230716861907
51.5714217160761 -0.17470764936958
51.57144820343 -0.173613524782995
51.5716161311874 -0.173278410065263
51.5721340928342 -0.173409228609686
51.5735463496552 -0.172130523273367
51.5726791106764 -0.169691304804108
51.5728585268928 -0.169194363595408
51.5720245573958 -0.165890809940415
51.5708310968017 -0.164300042327372
51.5693062418243 -0.163466899313245
51.5677640135115 -0.164787033875795
51.5660628984932 -0.166675344184778
51.5649055219213 -0.166771503484544
51.5647726753968 -0.166686673246085
51.5643067850247 -0.166039944661443
51.5642963783415 -0.166024065737765
51.5636182503927 -0.162677908016332
51.5623311549744 -0.160209469927475
51.5613536788233 -0.159045231787868
51.5613345534901 -0.159018050143258
51.5603386633967 -0.157426146249638
51.559905824594 -0.157015422362399
51.559531779642 -0.156919564551453
51.558720173972 -0.156450183674764
51.5581547820708 -0.15544785966629
51.5578139167904 -0.154009224285928
51.5574342528054 -0.153065201445743
51.5566916249544 -0.152427191792783
51.5561824906908 -0.152573185506373
51.555287892695 -0.152423652026889
51.5551773036909 -0.152285765280691
51.5551030689757 -0.150512567631926
51.5546283929743 -0.151281949498269
51.5546818550907 -0.152136239629502
51.554687954958 -0.152146815598047
51.5543843210521 -0.15269194999586
51.5539990009846 -0.152730990463789
51.5540005790864 -0.153322386043511
51.5541625808701 -0.153602576338038
51.553903724212 -0.154365790680356
51.5538227204295 -0.154399754260976
51.5535974039236 -0.155123780574995
51.5536380874711 -0.155407098431276
51.5532582836973 -0.156317664762561
51.5532346267828 -0.156333963502425
51.5532280407114 -0.156429732248856
51.5526190520299 -0.157733688181091
51.5526512912337 -0.157908997582475
51.5522043080383 -0.158389570197229
51.5519919294886 -0.15898862866839
51.5518545455912 -0.159044719659421
51.5518022488539 -0.159006157403782
51.5517444125616 -0.158889564141162
51.5515045332801 -0.157976965683298
51.5513273119889 -0.157814653065858
51.5511966096881 -0.157443172985609
51.5509225657164 -0.157303685116702
51.5506494785504 -0.15790066480472
51.5500918996524 -0.157423706788257
51.5499495594976 -0.157496173860499
51.5499155182269 -0.157635500341017
51.5496360624145 -0.157878451199447
51.549346755379 -0.157322284744201
51.549705076711 -0.156777648647475
51.5496792537391 -0.156707576488429
51.5496816438605 -0.156018678878687
51.5493905095081 -0.1558844140593
51.5493443411095 -0.155675313377199
51.5490165510722 -0.15519373854938
51.5489133933066 -0.155236679528656
51.5487600307425 -0.154911094920759
51.5483700564453 -0.154780006238084
51.5482593631533 -0.155361361458554
51.5478097290387 -0.155003647395775
51.5478030899728 -0.155010218617337
51.5476171984332 -0.155646098260425
51.5474749077525 -0.155664457495185
51.5471957565689 -0.155291764837907
51.5470227677003 -0.155330274199039
51.5468019150688 -0.155778122933036
51.5464869646437 -0.15525550462014
51.5464327998334 -0.155246874138417
51.546143374558 -0.154992689217463
51.5460461877943 -0.154786500584938
51.5458654007317 -0.154940790668723
51.5452274617928 -0.154653859323228
51.5452527438993 -0.15375232118615
51.544956469675 -0.153245982269395
51.5449583424852 -0.153125093324715
51.5448409357537 -0.152702602601113
51.5444895389075 -0.152441083008616
51.5439896234017 -0.15253885956319
51.5439262235966 -0.152491842770332
51.5433866452764 -0.152485753697488
51.54349791953 -0.15284985778821
51.5439385686501 -0.153521560750019
