176 4
51.587885501082 -0.207814929731759
51.5870835743205 -0.209078458859525
51.5875814510029 -0.21027051517227
51.587837206377 -0.210624076071199
51.5876771200465 -0.211563254295651
51.5875728110307 -0.211714817297625
51.5867299599711 -0.212041173024188
51.586347450839 -0.211492758636506
51.5860586680194 -0.211396268999175
51.5860531948022 -0.211396959997967
51.585940327584 -0.211441143807784
51.5857970060903 -0.211439511793734
51.5850149146808 -0.210791840958798
51.5848567150038 -0.210934683170411
51.5842006785094 -0.211326293882743
51.5839527995477 -0.211094196235099
51.5828731133817 -0.211671184704693
51.5827833581703 -0.211609729780507
51.5824002250758 -0.211669399304741
51.5817578588256 -0.213301194872766
51.5816710320972 -0.213337564879417
51.581381769135 -0.213351170972495
51.5811098710087 -0.213253541042333
51.5810790043609 -0.213286882758834
51.5808544466299 -0.213818828953199
51.5807018164283 -0.214056155193531
51.5793577258407 -0.213670095231487
51.579347040507 -0.213676821175209
51.5792594269425 -0.214411744623118
51.579433941051 -0.215134253609476
51.579343256034 -0.21567366079483
51.5791327546865 -0.216025097946052
51.5791181636211 -0.21604102015042
51.5790170131296 -0.216099125298698
51.5781485578062 -0.216143482612683
51.577998772629 -0.216775384603164
51.5771690658785 -0.217559660738787
51.5767484438686 -0.217572070200517
51.5760514034593 -0.218165734445447
51.5761240443327 -0.221259394685994
51.5759898639403 -0.22135078208005
51.5753301199517 -0.222271331767366
51.5750875044951 -0.222693924438464
51.5749832924778 -0.222870640760782
51.5745391087101 -0.223844498910139
51.5742893030098 -0.224956880125155
51.5737452612816 -0.225368223601979
51.5731619157397 -0.228122793481705
51.5725661005143 -0.228868892374465
51.5733124165023 -0.23168775327329
51.5733658729518 -0.23171542473258
51.5739103116843 -0.232134422661762
51.5740142152657 -0.232175010975635
51.574297131515 -0.234122186785988
51.574711730876 -0.234539945999162
51.5753286443378 -0.234889072509662
51.575487805926 -0.235980104749354
51.5755429705161 -0.236049719541204
51.5760536131861 -0.236242824661505
51.5769196497089 -0.236120888216102
51.5771459586122 -0.236488264949385
51.5773223407573 -0.236967170655198
51.5769767239688 -0.237430575503461
51.5763257085371 -0.237928868458847
51.5762829281972 -0.238169100014204
51.5762852392217 -0.238185312430668
51.5766619414325 -0.238504875929156
51.5767801167873 -0.238711875591984
51.5768151956831 -0.23871313739974
51.5770789147706 -0.238506842164219
51.5774085800534 -0.237202416612404
51.5774126822754 -0.237122412891918
51.5785798681093 -0.237646413434124
51.5781512735633 -0.238564981649248
51.5781813416579 -0.239100967242053
51.5788863947077 -0.238830603854377
51.5791308113727 -0.23841037256496
51.5791850688516 -0.23871314918062
51.5796189878422 -0.239886609563422
51.5796518986495 -0.239929130014359
51.5800497845545 -0.239090152793738
51.5811448863736 -0.239196220543598
51.5812080618182 -0.239296598089083
51.5813047470074 -0.239401512041399
51.5817223614121 -0.239572091338113
51.5818166160047 -0.239652823828223
51.5833004001936 -0.238803952298086
51.5839359388151 -0.239322903256351
51.584253162787 -0.239219478388221
51.5846456521919 -0.239297255364142
51.5852127537483 -0.239023618507681
51.5867380029323 -0.239332771655726
51.586863745805 -0.238917772329234
51.5870118867747 -0.2387433942136
51.5885417273604 -0.237968784727416
51.5886867324928 -0.237974838886332
51.5888576767258 -0.238199726742287
51.5898038067509 -0.23824513439157
51.5903685841651 -0.236883031478215
51.590694931343 -0.236339885402154
51.5917353417608 -0.237179710136853
51.592815738906 -0.237432019462108
51.5930322555989 -0.237632544934087
51.5934442510428 -0.237279132451463
51.5937221978762 -0.237110530091883
51.5938746456937 -0.237073440302532
51.5948756962037 -0.237130390207371
51.5957101686967 -0.237588534245846
51.5960492176223 -0.237477914368681
51.5971477901552 -0.238036805445292
51.5977298745886 -0.237078925055802
51.5978487203886 -0.236977299457023
51.5992740909783 -0.236777335033797
51.5997189345956 -0.237252387485012
51.6003528704821 -0.237119501594893
51.6007038291134 -0.236933995499538
51.6010946477992 -0.237121968885705
51.6017885893557 -0.235962855635388
51.6019487492001 -0.234525331012495
51.6025295477792 -0.233854286652583
51.6026928106494 -0.229957659041509
51.6029461682982 -0.23002507770851
51.605180336584 -0.229503605336003
51.6058882066552 -0.229618237690631
51.6063486481145 -0.229385049444526
51.606371114112 -0.229301064667512
51.6063449859081 -0.224648830845441
51.6057033928041 -0.223217057081228
51.6054220150759 -0.223015148542509
51.6045404630567 -0.221067009840756
51.6020739337712 -0.219038083976864
51.6020200141781 -0.218050101643694
51.6019653384006 -0.217735070030315
51.6016658492821 -0.216507166299742
51.6014433890692 -0.215764154935524
51.6017724903156 -0.214314939014685
51.6021998179451 -0.213101035411746
51.6008765640569 -0.209598924387568
51.6008035550038 -0.209539172573176
51.6006292064997 -0.208552752601723
51.600486413155 -0.208202874227377
51.5998689286464 -0.208304324541539
51.599633104006 -0.208190862634462
51.5993971754214 -0.208647783880473
51.5992982703693 -0.208776203735874
51.5986578359974 -0.209147003893615
51.5983674321178 -0.209185927734072
51.5975664060663 -0.208541128891098
51.5975307645993 -0.208550150343078
51.5971051143644 -0.209193199506687
51.5969645229568 -0.209193729534671
51.5959810978368 -0.209609657138043
51.5955857740304 -0.210249220170165
51.5955390462274 -0.210262246887081
51.5952945914711 -0.210602671284925
51.5941047759591 -0.21092547876908
51.5940128855368 -0.211018843774485
51.5943376435068 -0.212585727324598
51.5938888207657 -0.213580048154316
51.5938287844311 -0.213651921321348
51.5933059289401 -0.21327901933554
51.5929920804634 -0.212002778803166
51.5922562744398 -0.211666714501088
51.5919404184121 -0.210985278920509
51.5917339172251 -0.210973037213085
51.5914778145583 -0.211221756161384
51.5906022136044 -0.211640613162058
51.5902267383243 -0.21154204356448
51.5900301872245 -0.211333251670806
51.5898516502849 -0.210985206578189
51.5898791406361 -0.21042969878078
51.5898471496438 -0.210070899395917
51.5891170796827 -0.209209643226624
51.5892380388025 -0.207669697531246
51.5880380735375 -0.206856628774241
51.587885501082 -0.207814929731759
9 4
51.578604769472 -0.23967101947019
51.5785923413188 -0.239363892182677
51.5781856544517 -0.239268584962402
51.5781132393282 -0.239421199289519
51.5780961617142 -0.239894867495972
51.578170410223 -0.239888429221338
51.5785013501544 -0.240064135062959
51.5786661717684 -0.239845000982618
51.578604769472 -0.23967101947019
