51.5484799027446 -0.13055907081549
51.5481264155139 -0.130434662703973
51.5480269870036 -0.130491062852386
51.5479709644924 -0.13069885089131
51.5479921719144 -0.130952230074795
51.5479622875416 -0.131102222093639
51.5481439984213 -0.132007005049488
51.5480712273018 -0.13209465594182
51.5478464137857 -0.13213002543661
51.5478052280877 -0.132123625754114
51.5475357693123 -0.133149622999315
51.5474055007149 -0.133154955166267
51.546822994185 -0.133552906731098
51.5464646080503 -0.133312500379929
51.5463456452212 -0.133463396136455
51.5460274624154 -0.133619708140674
51.5456666394888 -0.134022960523784
51.5456005500857 -0.135266040622342
51.5453526496928 -0.135523155362518
51.545116956069 -0.136384550844527
51.5452650000076 -0.136558772074645
51.545492232524 -0.138419858335608
51.5454798397868 -0.138692672911742
51.5458868052315 -0.138890584832913
51.5458731235383 -0.139592373934264
51.5458366475153 -0.140705341911366
51.5458477144493 -0.140739970131844
51.5458501335028 -0.140767816093819
51.5465679976404 -0.141194711168169
51.5465953253487 -0.141614556544569
51.5465508365894 -0.14173445171684
51.5463892918741 -0.142154736792377
51.5461462032813 -0.142234084107649
51.546054516849 -0.142393714261286
51.5459844796715 -0.143387234071677
51.5460951526209 -0.143359303087931
51.5469532947295 -0.144078891985899
51.5462794856109 -0.144163031834278
51.5461806734602 -0.144560062712726
51.5461787500326 -0.144716988343628
51.5463395863298 -0.1451097602176
51.5459747930287 -0.145724988838881
51.5461200517635 -0.146048117649743
51.5460846216086 -0.146326269716702
51.5464232064525 -0.147033606514934
51.5458853373152 -0.146936544552444
51.545785160533 -0.147378689201426
51.5458161280975 -0.147876746527961
51.5464000785145 -0.148159476296244
51.5462375899443 -0.148715099247324
51.5455509913494 -0.148940361076534
51.5455064087552 -0.149054780067146
51.5454888810789 -0.149083435663526
51.5457102649972 -0.1494629393061
51.5457039600506 -0.15016905998394
51.5458463570744 -0.150305742562025
51.5458464750189 -0.150307521472655
51.5458105309486 -0.151067048292607
51.545740275892 -0.151172636688633
51.545713001889 -0.151216075082988
51.5457331464425 -0.15186701850254
51.5456976722658 -0.151903535061837
51.5454070690794 -0.152802272248846
51.5449583424852 -0.153125093324715
51.544956469675 -0.153245982269395
51.5452527438993 -0.15375232118615
51.5452274617928 -0.154653859323228
51.5458654007317 -0.154940790668723
51.5460461877943 -0.154786500584938
51.546143374558 -0.154992689217463
51.5464327998334 -0.155246874138417
51.5464869646437 -0.15525550462014
51.5468019150688 -0.155778122933036
51.5470227677003 -0.155330274199039
51.5471957565689 -0.155291764837907
51.5474749077525 -0.155664457495185
51.5476171984332 -0.155646098260425
51.5478030899728 -0.155010218617337
51.5478097290387 -0.155003647395775
51.5482593631533 -0.155361361458554
51.5483700564453 -0.154780006238084
51.5487600307425 -0.154911094920759
51.5489133933066 -0.155236679528656
51.5490165510722 -0.15519373854938
51.5493443411095 -0.155675313377199
51.5493905095081 -0.1558844140593
51.5496816438605 -0.156018678878687
51.5496792537391 -0.156707576488429
51.549705076711 -0.156777648647475
51.549346755379 -0.157322284744201
51.5496360624145 -0.157878451199447
51.5499155182269 -0.157635500341017
51.5499495594976 -0.157496173860499
51.5500918996524 -0.157423706788257
51.5506494785504 -0.15790066480472
51.5509225657164 -0.157303685116702
51.5511966096881 -0.157443172985609
51.5513273119889 -0.157814653065858
51.5515045332801 -0.157976965683298
51.5517444125616 -0.158889564141162
51.5518022488539 -0.159006157403782
51.5518545455912 -0.159044719659421
51.5519919294886 -0.15898862866839
51.5522043080383 -0.158389570197229
51.5526512912337 -0.157908997582475
51.5526190520299 -0.157733688181091
51.5532280407114 -0.156429732248856
51.5532346267828 -0.156333963502425
51.5532582836973 -0.156317664762561
51.5536380874711 -0.155407098431276
51.5535974039236 -0.155123780574995
51.5538227204295 -0.154399754260976
51.553903724212 -0.154365790680356
51.5541625808701 -0.153602576338038
51.5540005790864 -0.153322386043511
51.5539990009846 -0.152730990463789
51.5543843210521 -0.15269194999586
51.554687954958 -0.152146815598047
51.5546818550907 -0.152136239629502
51.5546283929743 -0.151281949498269
51.5551030689757 -0.150512567631926
51.5551773036909 -0.152285765280691
51.555287892695 -0.152423652026889
51.5561824906908 -0.152573185506373
51.5566916249544 -0.152427191792783
51.5574342528054 -0.153065201445743
51.5578139167904 -0.154009224285928
51.5581547820708 -0.15544785966629
51.558720173972 -0.156450183674764
51.559531779642 -0.156919564551453
51.559905824594 -0.157015422362399
51.5605587185827 -0.152325544208649
51.5604265419627 -0.151593286597139
51.5607171950167 -0.151040509232532
51.5612037577352 -0.150637508012106
51.561811919166 -0.150791386248001
51.5619463632136 -0.150703020797521
51.5618096713128 -0.150249520409341
51.5613583940471 -0.149993763386499
51.5612119249914 -0.149308114604789
51.5612674910789 -0.14921747654208
51.5618564706557 -0.149215213506451
51.5620130109716 -0.149074438558939
51.5616016544402 -0.147970355911718
51.5619200977129 -0.147504794820324
51.5620368143422 -0.147592004022306
51.5628429310296 -0.147227354585409
51.5628452290909 -0.147219172081027
51.5621627091911 -0.146114337343412
51.5630622013869 -0.145685550592674
51.5629145106725 -0.144793429206599
51.5629314070401 -0.144690794884347
51.5634299081746 -0.144384646624152
51.5636420195261 -0.143648336754645
51.5635144430784 -0.143448803681963
51.5633924995479 -0.143360982506005
51.5626033428985 -0.143688851691336
51.5624514242463 -0.143428100196632
51.5626050501202 -0.14304677255305
51.5626262026742 -0.142213569967546
51.5628409492086 -0.141843187346022
51.5624626986571 -0.141425842721237
51.5627581551172 -0.14038493534618
51.5627031288711 -0.140112151459035
51.5625016875801 -0.139909341661566
51.5622703056667 -0.139836703741623
51.5620334359519 -0.139695772212529
51.5617303891969 -0.139865992059109
51.5614978209003 -0.140092810909826
51.5614298256171 -0.14019288929338
51.5609928125188 -0.140152193679933
51.5606734569342 -0.139775655700919
51.5606413951912 -0.139760667634215
51.5602711866176 -0.139862370472533
51.5601192606915 -0.139817183035301
51.5599263153779 -0.13972501921143
51.5597054266937 -0.140399434791029
51.5594680510055 -0.140391037327562
51.5594377426709 -0.140299493773426
51.5597857809743 -0.139564819368101
51.5594749436789 -0.139306063546295
51.5594237279992 -0.139200029696148
51.5587492546504 -0.139536820632645
51.5584849581487 -0.139508829688701
51.5584697923591 -0.138932322483705
51.5581572011912 -0.138716113242278
51.5574220905118 -0.138811899641985
51.5574166021354 -0.138822947529627
51.5573303026103 -0.138857157769639
51.5567721852373 -0.138419160762629
51.5565489162398 -0.138727651356959
51.5559388156114 -0.138146679655131
51.5559132705788 -0.137749275900231
51.5559109347253 -0.137749371304921
51.5553697165231 -0.137413473018759
51.5551507012108 -0.137621639897193
51.554732207492 -0.136856251297544
51.5547259106736 -0.13672579761578
51.5547656009209 -0.136524838303945
51.5546522984147 -0.136222970494962
51.5543892549684 -0.136098492814125
51.5540605909313 -0.135142729893194
51.5540068453681 -0.135154918474135
51.5537188079009 -0.135426330688815
51.5533276469625 -0.135188047591731
51.5531209665534 -0.134724101547043
51.5526112606941 -0.134945944270914
51.5523909106119 -0.134396935982412
51.5524938565674 -0.134137618320892
51.5526560094286 -0.133893002556481
51.5527162467004 -0.133322522547306
51.5526698336661 -0.133213578844638
51.5524662694394 -0.133284945525298
51.5520607564694 -0.132947254984797
51.552174737636 -0.132449505699835
51.5516686467807 -0.132327755874664
51.5515535237434 -0.132386583155206
51.5514830432536 -0.131488828705385
51.5509600088725 -0.131748350387825
51.5506108986224 -0.130798046811874
51.5500736124641 -0.131506023929622
51.5500526333685 -0.131509618741802
51.5498512895413 -0.131663906378484
51.5493656702163 -0.131235820478068
51.5492579517138 -0.131240234439692
51.5491100014838 -0.130677375416793
51.5489946560918 -0.130581138984314
51.5488898360819 -0.129960742791866
51.5488475315537 -0.129839037403116
51.5484799027446 -0.13055907081549
