51.5423228725017 -0.175856873616813
51.54191679679 -0.175162908072294
51.5418321192351 -0.175151789300285
51.5417638456591 -0.176097293413369
51.5417319463238 -0.176132931412336
51.541402236831 -0.177309677707415
51.5415235501926 -0.177514810261358
51.5412929501046 -0.178486642082443
51.5414000697936 -0.178987931521712
51.5411977877118 -0.179363764865922
51.5411648659623 -0.180023072769717
51.5410660644505 -0.180138780389732
51.5409624974376 -0.18057903602905
51.5409110305673 -0.180703674097343
51.5409437096988 -0.180897960828191
51.5408938062924 -0.181297431853906
51.5407789718869 -0.181556216389485
51.5407349160219 -0.181613855048573
51.5407573402181 -0.181831022312288
51.5407272188067 -0.182080127366477
51.5406604291552 -0.182260304911246
51.5406509636059 -0.182276020018496
51.540627885034 -0.182544580806817
51.5404604902276 -0.182909965917732
51.5405773638805 -0.1833108741901
51.5402556610005 -0.183696905058238
51.5402725885967 -0.183925109527061
51.5402293503016 -0.184157611278855
51.5401346296 -0.184392042541079
51.5401663338129 -0.18457019725548
51.5399762857072 -0.185005789354813
51.5398651003136 -0.185105805700302
51.5398885010001 -0.185328400868277
51.539865864195 -0.185532971469318
51.5397797758883 -0.185913059635605
51.5398107568521 -0.186079471982939
51.5393953349797 -0.186701642729045
51.5394754506784 -0.187232062591095
51.539288472269 -0.187634224166763
51.5392693525658 -0.187659357208731
51.5392004193149 -0.188190227174796
51.5391506237112 -0.188313001876978
51.5385053492488 -0.188570229020487
51.5383327405809 -0.188896071317287
51.5383481553988 -0.188939568633817
51.5383746731883 -0.19005789207372
51.538105622364 -0.190268660779882
51.5378250758135 -0.189926562331771
51.5377897879264 -0.189696243129482
51.5377616834143 -0.189482878452021
51.5380431224293 -0.188939074215074
51.5382913703736 -0.188883327529996
51.5379826964372 -0.187756359005244
51.5378352887034 -0.187728924449519
51.5377780187769 -0.187548225521757
51.5374815622018 -0.187206778233956
51.5374661917737 -0.187212738998349
51.5371066376411 -0.186755746217662
51.5371053375978 -0.186753063422594
51.5368379711735 -0.186833952082159
51.5367160491902 -0.186047593758111
51.5370032681949 -0.18566928257006
51.5370003305417 -0.185659531572098
51.536637244772 -0.185207094864228
51.5363362333054 -0.185420106179142
51.5360232146178 -0.185449674256802
51.5359437829244 -0.185318491283195
51.5353880737125 -0.185844427040573
51.5353083978086 -0.185860196627953
51.5354347003938 -0.186615802701225
51.5353486596301 -0.186760695232455
51.5350845590654 -0.186942383464909
51.5348236935031 -0.186676106438671
51.5347893610697 -0.186699939777233
51.5346810785273 -0.18754058640016
51.5343941731425 -0.187619507526789
51.5344673567552 -0.188702593988339
51.5345505621192 -0.188892119210818
51.5345836043531 -0.188895325300268
51.5347605292962 -0.18854045013063
51.5347923672845 -0.188384162109461
51.5348812460974 -0.187904860674855
51.5349471500111 -0.187847200197172
51.535156265888 -0.187655932126217
51.5353711272174 -0.188028662406641
51.5355696902924 -0.188341530501163
51.535681815586 -0.188412808939036
51.5356895810336 -0.188455775080587
51.5357280442073 -0.188571350688433
51.5356529048673 -0.188991622638969
51.5355477435392 -0.189511283862552
51.535412442957 -0.189639222891346
51.535247846124 -0.189610563425276
51.5350414390791 -0.189499868576553
51.5348119083461 -0.19033176879247
51.5345865589223 -0.190333454067411
51.5345705666998 -0.190345738826037
51.534131328471 -0.189343984783887
51.5341254538146 -0.18934778434281
51.5340299206835 -0.189238994282377
51.5333755425033 -0.189040515825566
51.5332938054431 -0.188497745588803
51.5333087187835 -0.188421427235108
51.5327089833766 -0.187989219397577
51.5324259588725 -0.188610536081538
51.532663448959 -0.189115731851494
51.5326773184112 -0.189501772682929
51.5319931509287 -0.189673945060789
51.5318665557247 -0.189771809084997
51.531318513832 -0.189840384637104
51.5310096533875 -0.189958908522355
51.5309672856005 -0.189992209268544
51.5311476854118 -0.19089967077347
51.5310932209655 -0.191845212516454
51.5306345232141 -0.192566280030218
51.5300931234056 -0.192785998621581
51.5301517145986 -0.194016255437001
51.5294991378863 -0.194512445721822
51.5294578355423 -0.194469028093583
51.5290862017564 -0.194516181218661
51.5288546170548 -0.195164257680093
51.5288533720351 -0.195165138989681
51.5283684212999 -0.194946463782453
51.5280827043997 -0.195161380806327
51.5280546457793 -0.195341858917421
51.5277157761247 -0.195613788910985
51.5275831833127 -0.196421010253552
51.5278475453666 -0.196424946492292
51.5280601281474 -0.197288783620953
51.5281053119513 -0.197292347957945
51.52832288982 -0.197990177910828
51.5288337037376 -0.197669036239509
51.5288648797623 -0.197691222083493
51.5289861423271 -0.198252365161774
51.5292952068205 -0.198392435268509
51.5297320107198 -0.198046278591872
51.5297776560197 -0.19780483385524
51.5307728635511 -0.198327802548289
51.5307542874074 -0.198382623042152
51.5307877123321 -0.199412050614473
51.5309693150146 -0.19967615461427
51.5311448142801 -0.199700732900452
51.5316228959608 -0.199407984800407
51.5318895504037 -0.200334680318454
51.5316461506927 -0.20078304700907
51.5318539494488 -0.201559790399486
51.5321893105547 -0.201450997357118
51.532279883955 -0.201682684826657
51.5321924875644 -0.202749360528391
51.5324992063424 -0.203088801096022
51.532523511951 -0.203507718937336
51.5325195367025 -0.203524042752809
51.5324875755876 -0.203861485901949
51.5325028631887 -0.20419064986521
51.5332896222015 -0.204981620479672
51.5336530873552 -0.204999658581674
51.5337185873209 -0.205232346522279
51.5337744430678 -0.205351764527124
51.5337518274077 -0.206859345928738
51.5333729933001 -0.207235625948032
51.5333603971883 -0.207293777363505
51.5333135537555 -0.207899405963432
51.533311161526 -0.207907583707484
51.5333212729105 -0.208292950232599
51.5334682815166 -0.208965743871749
51.5329096022906 -0.210169915561617
51.5328981460579 -0.210285201285555
51.5332841144214 -0.211041946853129
51.5332121898883 -0.211525037888206
51.533077492511 -0.211735382710174
51.5323534822146 -0.212356711691053
51.5322811436274 -0.212966410481997
51.5326311521447 -0.213694737711967
51.5321396164765 -0.214623737705972
51.5319894950769 -0.214766080277299
51.5321223082701 -0.215370957150962
51.5319144280433 -0.216024699967195
51.5318681451152 -0.216067045781572
51.5316181002069 -0.216649915681226
51.531622956804 -0.21666779487259
51.5326270328763 -0.217194413969105
51.532785195644 -0.217137355271203
51.5329238580475 -0.217199104114566
51.532966686524 -0.217189703827089
51.5330243332005 -0.21714382330375
51.5337707242744 -0.217514338155138
51.5338061083941 -0.217559319394261
51.5338349838717 -0.217732113799016
51.5341737137214 -0.21832945913685
51.5348031355235 -0.218320575934366
51.5348042980936 -0.218320173892077
51.534912110302 -0.218404651316861
51.5350912015675 -0.218512144048847
51.5351375229005 -0.218495950628481
51.5359196930712 -0.217120811562633
51.5359267272298 -0.217086773077148
51.5358566860513 -0.216778504426958
51.5366343981997 -0.21576764166746
51.53631715752 -0.214745966967411
51.5363720015025 -0.214433287655206
51.5376244902191 -0.214978606113207
51.5376973223323 -0.21490275783514
51.5386654337704 -0.215741836358813
51.538689619348 -0.215966668846268
51.5389749179932 -0.216579111954259
51.5397692860263 -0.217142896901427
51.5399354103455 -0.217864289382645
51.539661124612 -0.21926109043366
51.5396651064984 -0.219292442392168
51.5408256940907 -0.220341367635819
51.5408412712725 -0.220734196152553
51.5406669617191 -0.221807631430957
51.540845793214 -0.222562683482135
51.5422748139476 -0.222171224675157
51.5425120740777 -0.223430674743981
51.5433655912414 -0.22282098130025
51.5433627987409 -0.222749390161847
51.5438167660242 -0.221116952265154
51.5442876295209 -0.221210363233435
51.5445031138138 -0.221079841430094
51.5452641768535 -0.221944841865817
51.5456467594893 -0.221872137520865
51.5457914508933 -0.221424383308055
51.5460102959795 -0.221171604062527
51.5462262429416 -0.220615113049233
51.5462240295707 -0.220469174411481
51.5461539865047 -0.220029789759585
51.5460693930924 -0.219840214899994
51.5455030998394 -0.220075523128946
51.5453007801631 -0.219941914538807
51.5453722143077 -0.218766786765918
51.5453900046081 -0.218724711122066
51.5458866206294 -0.218637180734875
51.5459012021029 -0.218602840250973
51.545947294554 -0.217565315143881
51.5455007564405 -0.217102839700385
51.5461984095708 -0.216532019313608
51.5461422063933 -0.216205661097015
51.5458800870382 -0.215923388330207
51.5458849414782 -0.215284997534091
51.5458893398819 -0.215260924111953
51.546135536834 -0.214975056627284
51.5460123419412 -0.21436426837825
51.5455356369466 -0.213668987567099
51.5454799931416 -0.213692808518223
51.5453090512888 -0.213595337235651
51.5451668564696 -0.213366653010563
51.5452673611867 -0.212068256972781
51.5454095133875 -0.211751257447822
51.5452134834422 -0.211246557946426
51.5450256082912 -0.211141198916688
51.5450069374189 -0.209917041034591
51.5452570812261 -0.209784627588871
51.5454515053277 -0.209335242559256
51.5457514346 -0.209225246858607
51.5457619671498 -0.208337037702308
51.5456949981037 -0.208143107266523
51.5457086354286 -0.207623403083666
51.5460748202312 -0.207266426195199
51.5461290623016 -0.206274582985367
51.546115587138 -0.206251687086371
51.546108179832 -0.205279390865694
51.546393661797 -0.205130218119259
51.5466012268181 -0.205012054656306
51.5469721729047 -0.205442793087256
51.547190533482 -0.205189948993417
51.5472051191596 -0.205120879626639
51.5473000906293 -0.204623998065482
51.5466163511756 -0.204126381730735
51.5466132415091 -0.204111164248881
51.5467605920357 -0.203700577537674
51.5467610073739 -0.203692474994401
51.5470330031091 -0.202885863324337
51.5470999797018 -0.202827334123111
51.5472472604221 -0.202846741000771
51.5473456621051 -0.202721093704966
51.5477691441347 -0.202484528268644
51.5476602173066 -0.201360181143014
51.5482190715795 -0.201468833292821
51.5484587334723 -0.201978701493246
51.5489260230442 -0.201591507749462
51.5494826844699 -0.202214112173321
51.5495035548375 -0.202308902502802
51.5503840518734 -0.202240777092742
51.5506982684027 -0.202928857534012
51.5507656722611 -0.203197588202417
51.5508449187116 -0.203271053715932
51.5504937863955 -0.205068988877518
51.5506792325517 -0.205461871624993
51.5508544976811 -0.205471267678914
51.5515526410327 -0.204959643519275
51.5511524576907 -0.203405929626278
51.5515757854034 -0.203000717416122
51.5517371913921 -0.202739138754767
51.5519123611388 -0.202648390877402
51.5521770679971 -0.202088150659158
51.5526146908396 -0.201935554603927
51.5528672688592 -0.202713628565741
51.5529286226728 -0.202798624403195
51.5530937929507 -0.203199572489122
51.5531271316402 -0.203204562195296
51.5532904166713 -0.203341559708864
51.5533198637798 -0.203321370430169
51.5539546993398 -0.203126044633033
51.5537592817265 -0.202563938251661
51.5537956784438 -0.202451658133061
51.5538965203905 -0.202303417001356
51.5540345629392 -0.202171667449577
51.5541600345627 -0.202093695113298
51.5548240401018 -0.201836778733204
51.554997078633 -0.201853385270437
51.5556172694621 -0.201330340909279
51.5562330453023 -0.201152736942966
51.5563010672276 -0.200722703924341
51.5560615725776 -0.199315831243003
51.5560710531517 -0.199254084380971
51.5561926635341 -0.19878411037788
51.5568699348089 -0.19736610232661
51.5569194799447 -0.197045024506967
51.557154279727 -0.196681412259615
51.5570304523856 -0.195983009289518
51.556796474604 -0.195651501601474
51.5566107756952 -0.195846419269535
51.5562778351138 -0.195457459083181
51.5562685441725 -0.195052124382972
51.5558432894496 -0.194482949261016
51.5558203212144 -0.194421654041473
51.5553643811511 -0.194621801462725
51.5546044891492 -0.193489773337445
51.5545803558891 -0.193498817036474
51.5542428086543 -0.193062261847336
51.5543876511605 -0.192403809261543
51.5542499213723 -0.191790811179572
51.5540360729894 -0.191879571498066
51.5538161464514 -0.19145727862143
51.55379593172 -0.191458080371052
51.5535045267031 -0.19107026327654
51.5535131425111 -0.190841928258029
51.5531459356098 -0.190383150158634
51.5531814645776 -0.190133768139207
51.5529845356848 -0.189885644781499
51.5530960746148 -0.188998509563627
51.5530449699262 -0.188949160922249
51.5528190578459 -0.18911238599177
51.5521981499748 -0.188909769732197
51.5521538201858 -0.188524773867214
51.5516429482669 -0.187815804043272
51.5517188077484 -0.187657707811137
51.5517884042953 -0.186902247467944
51.5518056605537 -0.186663467699471
51.5517624012242 -0.186447074271417
51.5516031743424 -0.186178446361096
51.5514587960944 -0.186056223420918
51.5511616652997 -0.186020233896359
51.5506566484281 -0.186266516971333
51.5506568927921 -0.186224169980193
51.5509819131303 -0.185046484054386
51.550910800969 -0.184738323735445
51.5507324936426 -0.184497581219412
51.5508886576759 -0.183795411928384
51.5508089405522 -0.183611041418915
51.5507214222744 -0.183677676470512
51.5502875330961 -0.184029371461822
51.5502187166438 -0.183951005663356
51.5498045287323 -0.184094508434345
51.5497137789836 -0.184341556197232
51.549790247096 -0.184798266948774
51.5497074591691 -0.185008011471515
51.5497013641302 -0.185177718524324
51.5494456370603 -0.185644911133238
51.5494163748475 -0.186101307505612
51.5494078970923 -0.186116985585655
51.5482712129781 -0.186913164511251
51.5479379576143 -0.186936282624414
51.5479090449807 -0.186537154840323
51.5477554926599 -0.185908717245692
51.5477553083425 -0.18433925314427
51.547983862359 -0.183615338534149
51.5479756332958 -0.183083865098663
51.5474850125277 -0.182471486391894
51.5475915639197 -0.181150234650712
51.5472614323856 -0.180806532490629
51.5471033165762 -0.180697371899422
51.5470986728921 -0.180658790602367
51.5464998586499 -0.180102256287543
51.5464836630683 -0.180124544868399
51.5464080314239 -0.180232920296029
51.5461893055253 -0.179664798126684
51.5459510622412 -0.179669787561383
51.5460990411871 -0.17903292874082
51.5460641158743 -0.178931582199456
51.5460234920951 -0.17889170350382
51.5455844396108 -0.17922839227482
51.5455148362159 -0.179261731000234
51.54527445938 -0.17911186652949
51.5452585667898 -0.178858269363542
51.5452050284317 -0.178594522355515
51.5449587924295 -0.178310527854396
51.5449600034725 -0.178133778962103
51.5448225950481 -0.177488473741413
51.5448829521211 -0.177322917642374
51.5446001939149 -0.176748350389777
51.5445161137155 -0.176683100655825
51.544438489658 -0.176686203482861
51.5442339267605 -0.176382602715263
51.5440928236319 -0.176350312187338
51.5440495010471 -0.176287239421999
51.543859120628 -0.176213637191785
51.5438374801075 -0.17582781593387
51.5436224281768 -0.174982903364046
51.5435791403037 -0.17499723935145
51.5435182249777 -0.175352115219942
51.543347461819 -0.176447768083577
51.5433046792892 -0.17650619646697
51.5432887574779 -0.176511351358785
51.5431965806179 -0.176416820050559
51.5431777510578 -0.1763274423777
51.5427268191842 -0.175171051035986
51.5426451564594 -0.17549250539446
51.5423228725017 -0.175856873616813
51.5445105979732 -0.213850630556303
51.5447791606834 -0.214260577202385
51.5447336938279 -0.214758207910292
51.5446779346322 -0.215028529755697
51.544693185629 -0.215191908388697
51.5444333057806 -0.215470690618823
51.5440973590554 -0.215305353223531
51.5438943636005 -0.214802709245876
51.5438941791661 -0.214790587964095
51.5436579461712 -0.214342876309493
51.5442071498171 -0.214001396772514
51.5442496947601 -0.213754899833248
51.5445105979732 -0.213850630556303
