51.6057033928041 -0.223217057081228
51.6063449859081 -0.224648830845441
51.606371114112 -0.229301064667512
51.6063486481145 -0.229385049444526
51.6058882066552 -0.229618237690631
51.605180336584 -0.229503605336003
51.6029461682982 -0.23002507770851
51.6026928106494 -0.229957659041509
51.6025295477792 -0.233854286652583
51.6019487492001 -0.234525331012495
51.6017885893557 -0.235962855635388
51.6010946477992 -0.237121968885705
51.6014625052225 -0.238067917526228
51.6019590515065 -0.238154779338663
51.6024127284557 -0.238499994140904
51.602892465503 -0.239533806726866
51.6031963346516 -0.239457047031929
51.6047345097448 -0.241432738485169
51.6048806220258 -0.241296716265364
51.6051429083865 -0.241222524003938
51.6061783187186 -0.241455063278971
51.6063601906515 -0.24213399672988
51.6071653977093 -0.243329098246854
51.6065476575387 -0.244887755022879
51.6062235578346 -0.24479011376283
51.6061265821923 -0.244845767594517
51.6059685652278 -0.245111787868918
51.6059002430506 -0.245899678415943
51.6060220424934 -0.246302080408731
51.606339016398 -0.246488475260131
51.606525514208 -0.246871125448097
51.6065777639426 -0.24718548234293
51.6063748068411 -0.247398217354558
51.6060309860243 -0.248135275465694
51.6059696062056 -0.249323679947913
51.6060122394177 -0.249409555585656
51.6063077435655 -0.249458677120793
51.6069845722808 -0.247602639298055
51.6070843514058 -0.24762630301248
51.6072938563035 -0.24802081907153
51.60876622537 -0.247752422055964
51.6085763626448 -0.249101949974589
51.6090111575712 -0.249949598685246
51.6085842301343 -0.250980537892668
51.6088161078055 -0.251682867394786
51.6089309800513 -0.251724060688533
51.6094734755874 -0.251420172700177
51.6096660073208 -0.251170927283527
51.6098294983765 -0.250788713327793
51.6101612408357 -0.250941125355577
51.6103905915863 -0.250954816585759
51.6107856941785 -0.251142307159852
51.611700830422 -0.250731190469258
51.6117318702179 -0.250757029259586
51.6121735805456 -0.251937089739798
51.6122641411317 -0.252054124880718
51.6123415353058 -0.252361607090883
51.6123490251357 -0.253015811753632
51.6121014494704 -0.254151856276545
51.6122754087948 -0.254442656434645
51.6123918617203 -0.256465616236352
51.6123326591964 -0.256764882873447
51.6126433918994 -0.257240516704764
51.6126978855143 -0.257877564508878
51.6126440674014 -0.258564249781472
51.6126190166827 -0.258687509613321
51.6117974466575 -0.259396414873417
51.6124259356755 -0.261102445857798
51.6120047155448 -0.261760405734346
51.6120880055081 -0.262565092674865
51.6119833399752 -0.26273342496255
51.6118703986832 -0.26439050078218
51.6122567736801 -0.264883065313407
51.6122607317808 -0.264901491619508
51.6134039607928 -0.264415964252234
51.6136934545654 -0.264515079193115
51.6137461286438 -0.26442958900877
51.613791638747 -0.26418181564709
51.6136467627341 -0.262689328658009
51.6134451862048 -0.262462659815085
51.6133473408085 -0.261470346593558
51.6145460590875 -0.260926627057373
51.6147754189276 -0.261195939303128
51.6153481757682 -0.260700061254833
51.6154231651846 -0.260470560411149
51.6156115687889 -0.260305439229589
51.6157187362611 -0.260075658624955
51.6157859348633 -0.259290402408903
51.6160574472975 -0.259055640131659
51.616233665281 -0.259269223649803
51.6163584965362 -0.25986111670767
51.6167202399192 -0.259630644583347
51.6171064438014 -0.259922309440991
51.6171048379534 -0.260317417457885
51.617619776544 -0.260712548783771
51.6179681762314 -0.260782718540092
51.6180358771844 -0.260425331577775
51.6179950111329 -0.259172414952441
51.6185448760954 -0.259200563606224
51.619276446763 -0.259818586370889
51.6193179787099 -0.259757922453796
51.6193211508216 -0.259729335406998
51.6191985332862 -0.257511205432711
51.6192374230961 -0.257405857902415
51.6194513778305 -0.257502831077064
51.6206911573288 -0.25707396220913
51.6207371406651 -0.256962026337019
51.6212362622364 -0.25680568876001
51.6217966516145 -0.25665867233046
51.6218860579207 -0.256752797091589
51.6219164860867 -0.256798083995899
51.622085403838 -0.258257981932348
51.6225701273932 -0.258809610531738
51.6232322095239 -0.2586880230675
51.6238715534918 -0.258942634684198
51.6238732766339 -0.258949715646154
51.624076419875 -0.260670667939618
51.6248344065364 -0.261294448093869
51.6254513996505 -0.26106002087755
51.6264309776217 -0.262029863562707
51.6280802782545 -0.261141529791501
51.6292086381029 -0.261170578715844
51.6315658372405 -0.259497849361877
51.6310730509539 -0.262917156447246
51.6310532274824 -0.264445927087994
51.6310599417912 -0.264529183809458
51.6312381543193 -0.265639030366972
51.6324069617305 -0.267482423958984
51.6324347687997 -0.26780732502005
51.6336830815187 -0.27068682355698
51.6352390685376 -0.273097756110074
51.6357014326921 -0.273564285472335
51.6383238798321 -0.272867267139721
51.6389814967334 -0.269889152756388
51.6391152298892 -0.265298854440767
51.6384334848716 -0.263561278492332
51.6378924584805 -0.262325604129697
51.6396986969724 -0.257215158767616
51.6399862818003 -0.254099125024706
51.6381073415214 -0.24952110977347
51.6357143743263 -0.247681877190711
51.6363381979286 -0.245047655147565
51.6368953515607 -0.244985876156438
51.6399400093941 -0.243347765189645
51.6407321836745 -0.241966715704586
51.6409646793245 -0.241818187366901
51.6408252405137 -0.238183003450887
51.6406607863769 -0.237749439887734
51.640642557901 -0.237648980061307
51.6361054397846 -0.242786520529958
51.6360904121113 -0.242731459426131
51.6371022775148 -0.238069795910943
51.6360210268768 -0.232466966355734
51.6347262284888 -0.230537959719875
51.632364787372 -0.235326033024285
51.6279851440668 -0.233588406459316
51.6275424393654 -0.232461879096441
51.6256550475694 -0.229251555360538
51.6252105305804 -0.227299105314809
51.6248553000908 -0.225403602162628
51.625299089279 -0.223374596074836
51.6252787499447 -0.222250664082981
51.6267064669526 -0.214902366333685
51.6265705211502 -0.213523849940368
51.625519915058 -0.209806989744449
51.6254045971503 -0.209177571807596
51.6250646418937 -0.206959378477015
51.6247707451937 -0.206469356789666
51.6212484188467 -0.205258849239919
51.6186310201469 -0.207509524332774
51.6184191872206 -0.207460106373698
51.6175906454984 -0.206785776441607
51.6155091774968 -0.204763062376566
51.6148750783527 -0.204594913542889
51.6147842978584 -0.204454870415676
51.6141653396484 -0.203995430407229
51.613406821861 -0.202999063588492
51.6129875970797 -0.201206559693972
51.6127459265038 -0.201046414301693
51.6121412972068 -0.200126923071803
51.6114147712193 -0.200011211351038
51.6100314071814 -0.198825711820381
51.6098602848219 -0.198881188300835
51.6082192120677 -0.200692730931305
51.6077243452441 -0.201626663980615
51.6074820886838 -0.202496421550076
51.6067095241753 -0.202285933650193
51.6063189099791 -0.201991779950552
51.6046668917847 -0.201999292852658
51.6040919321148 -0.201771969695398
51.6040132921073 -0.20185544478186
51.6037760466479 -0.202412628227031
51.6046034216863 -0.204142600622017
51.6032259408444 -0.20423766652916
51.6030869714836 -0.204573426089241
51.6032795286298 -0.205155188621633
51.6031848808336 -0.205785305390344
51.6025897355314 -0.207095687098923
51.6022735888667 -0.207020630468013
51.6016427098539 -0.207940318258537
51.6011438042605 -0.207571000970021
51.6009578385429 -0.207520104916093
51.600486413155 -0.208202874227377
51.6006292064997 -0.208552752601723
51.6008035550038 -0.209539172573176
51.6008765640569 -0.209598924387568
51.6021998179451 -0.213101035411746
51.6017724903156 -0.214314939014685
51.6014433890692 -0.215764154935524
51.6016658492821 -0.216507166299742
51.6019653384006 -0.217735070030315
51.6020200141781 -0.218050101643694
51.6020739337712 -0.219038083976864
51.6045404630567 -0.221067009840756
51.6054220150759 -0.223015148542509
51.6057033928041 -0.223217057081228
