51.5382128309247 -0.158457773628709
51.5380750709284 -0.158094767242331
51.5377013881138 -0.157329330001688
51.5372068691743 -0.156923912619358
51.5345911611705 -0.158468770503401
51.5344683035545 -0.159324456276792
51.5344284973615 -0.159509022944624
51.534374651682 -0.159686903652798
51.534151166101 -0.160208656159745
51.5339403468897 -0.1606668856395
51.5336101524161 -0.161194711493327
51.5327470153427 -0.161990909441549
51.5327535633912 -0.162236724381035
51.5325820565709 -0.163265507793661
51.5322968060931 -0.164385401580721
51.5320165014573 -0.164896790655884
51.5317176967226 -0.165926977994528
51.5315907521671 -0.166110512015358
51.5310404995913 -0.166658047397198
51.5298499503777 -0.165730894164302
51.5299203582804 -0.165318077735263
51.5297459028123 -0.163039920247172
51.5290293628775 -0.16287048750621
51.5286725634959 -0.16346242899499
51.5284803239531 -0.163540534140428
51.5280339998301 -0.163714326661324
51.5275053020877 -0.164202379983562
51.5274563101225 -0.164185332166643
51.5274065331631 -0.164192802071632
51.5270506347335 -0.164865740539058
51.527070094857 -0.165402935363062
51.5269995804747 -0.165590483618912
51.5266020279607 -0.165606461330983
51.5264663503846 -0.165202790619017
51.5260617753843 -0.165022695145805
51.5259511588816 -0.16456037566371
51.5255846834956 -0.164430935092754
51.525561844331 -0.164436370219994
51.5252415211202 -0.164378055013287
51.5252409201053 -0.16437986206757
51.5252078331053 -0.164574932637902
51.5251194616416 -0.165046076018967
51.5251456964191 -0.165424418404367
51.5250150908698 -0.165781963841481
51.5245376620294 -0.165852494657737
51.5245992964691 -0.166373465555155
51.5244174963509 -0.166849301928088
51.5244128618268 -0.167064737677219
51.5242215615914 -0.16730668494319
51.5242053080445 -0.167359634249809
51.5244310955566 -0.167990256704525
51.5243508965209 -0.16811054918512
51.5238328563696 -0.16781423282081
51.5238434958868 -0.167522729182038
51.5237747074628 -0.167435398426854
51.5237693169119 -0.167435614833421
51.5234009880624 -0.167233373776306
51.5233390415985 -0.167250242218764
51.5231862773655 -0.166989668079976
51.5230539200465 -0.166999499220433
51.5229206485144 -0.166801255586098
51.5224655122865 -0.16739525046279
51.5225035852413 -0.167501758325374
51.5223740384225 -0.168123203407063
51.5222157978609 -0.168363808720054
51.5221347410965 -0.168561619745313
51.5223073182188 -0.169095350592328
51.5222070100158 -0.169609244426366
51.5220272056685 -0.169804712986326
51.5219854883172 -0.170011877841245
51.5216728105506 -0.17020720255433
51.5214993821711 -0.170448405485893
51.5214976001372 -0.170449427696107
51.5213578906918 -0.170835223898924
51.5213388219554 -0.171059423515026
51.5213767988799 -0.171183049855658
51.5212749399511 -0.171396184887898
51.5214565736427 -0.171675454458125
51.5215058274158 -0.171968940827636
51.5217045874596 -0.171605145996981
51.521761216166 -0.171604660696103
51.5220209482219 -0.172142039872153
51.5221622112915 -0.172092171188082
51.5223829727497 -0.172396029664057
51.5224034171035 -0.172617701116553
51.5220917357798 -0.173142780422561
51.5221468462093 -0.173275708351886
51.5222512456617 -0.173340939795226
51.5225774239238 -0.172869238507593
51.5226229618855 -0.173149451723202
51.522515623127 -0.173570916872325
51.5227656432713 -0.173952770014192
51.5230394771472 -0.173554473987857
51.5233443553164 -0.174151282959592
51.523294316613 -0.174500099650195
51.5232381953031 -0.174614066325764
51.5232573281348 -0.174925054387035
51.5233031735885 -0.174982648341675
51.5236484151526 -0.174782362678316
51.5238245999794 -0.175023962950706
51.5239620247845 -0.174883330102026
51.5241545061768 -0.175051422175821
51.5241836755493 -0.175048354312436
51.524341328835 -0.175202507667243
51.5244553518028 -0.175533957540729
51.5242726720249 -0.176053886173729
51.5243176985788 -0.17612245001893
51.5246075283203 -0.176127984956183
51.5248508702616 -0.176682242052063
51.5247386676209 -0.176965088122833
51.524928289578 -0.177348557689346
51.525087070388 -0.17749447515311
51.5251031094655 -0.177560514337076
51.5252695032125 -0.177878236767613
51.5255807229189 -0.177958642556669
51.525621574941 -0.17796687720848
51.5258002052948 -0.177926465867694
51.5259320681753 -0.178353616851446
51.5262900950192 -0.178623169382655
51.5263488415768 -0.178643290016614
51.5264361140741 -0.17790108092111
51.5267215228984 -0.177662540840286
51.5270052074408 -0.178302704627009
51.5270990826622 -0.178321423100076
51.5274628285016 -0.178374539190692
51.527740143505 -0.178158904034968
51.5278733303175 -0.178960923038343
51.5278823174112 -0.179012865347155
51.527939602405 -0.179326881673126
51.5282079671911 -0.179663979636091
51.5281291889284 -0.180044640885053
51.5285610023791 -0.180672515296621
51.528670343344 -0.180546555086464
51.5287199713011 -0.180541010626509
51.5290120855443 -0.181151879952169
51.5292993726961 -0.181063046884604
51.5294758723201 -0.181453394126601
51.529583671041 -0.1815004505834
51.5298735421314 -0.181972704550689
51.5303292508494 -0.181932916208608
51.5303959958677 -0.182295194767678
51.5305692811222 -0.182849728166419
51.530665681455 -0.182886425392256
51.5306688759752 -0.182895332533507
51.5308300147319 -0.183304259712519
51.5308859173023 -0.183442661593556
51.5311093338332 -0.183925787909952
51.5311283359097 -0.183910529100348
51.5316713861656 -0.184274668970907
51.5319290047755 -0.184295921029679
51.532067699485 -0.184649052993727
51.5320961585491 -0.184756930678404
51.5325249912203 -0.184874204257147
51.5327637682711 -0.185444119369678
51.5332486631691 -0.185634779212042
51.533281149063 -0.185782205966443
51.533559033774 -0.186311825806132
51.5331857302164 -0.187239537358569
51.5335454613197 -0.187900130296521
51.5340695882701 -0.186749346446578
51.534284628285 -0.187505808406734
51.5343941731425 -0.187619507526789
51.5346810785273 -0.18754058640016
51.5347893610697 -0.186699939777233
51.5348236935031 -0.186676106438671
51.5350845590654 -0.186942383464909
51.5353486596301 -0.186760695232455
51.5354347003938 -0.186615802701225
51.5353083978086 -0.185860196627953
51.5353880737125 -0.185844427040573
51.5359437829244 -0.185318491283195
51.5360232146178 -0.185449674256802
51.5363362333054 -0.185420106179142
51.536637244772 -0.185207094864228
51.5370003305417 -0.185659531572098
51.5370032681949 -0.18566928257006
51.5367160491902 -0.186047593758111
51.5368379711735 -0.186833952082159
51.5371053375978 -0.186753063422594
51.5371066376411 -0.186755746217662
51.5374661917737 -0.187212738998349
51.5374815622018 -0.187206778233956
51.5377780187769 -0.187548225521757
51.5378352887034 -0.187728924449519
51.5379826964372 -0.187756359005244
51.5382913703736 -0.188883327529996
51.5380431224293 -0.188939074215074
51.5377616834143 -0.189482878452021
51.5377897879264 -0.189696243129482
51.5378250758135 -0.189926562331771
51.538105622364 -0.190268660779882
51.5383746731883 -0.19005789207372
51.5383481553988 -0.188939568633817
51.5383327405809 -0.188896071317287
51.5385053492488 -0.188570229020487
51.5391506237112 -0.188313001876978
51.5392004193149 -0.188190227174796
51.5392693525658 -0.187659357208731
51.539288472269 -0.187634224166763
51.5394754506784 -0.187232062591095
51.5393953349797 -0.186701642729045
51.5398107568521 -0.186079471982939
51.5397797758883 -0.185913059635605
51.539865864195 -0.185532971469318
51.5398885010001 -0.185328400868277
51.5398651003136 -0.185105805700302
51.5399762857072 -0.185005789354813
51.5401663338129 -0.18457019725548
51.5401346296 -0.184392042541079
51.5402293503016 -0.184157611278855
51.5402725885967 -0.183925109527061
51.5402556610005 -0.183696905058238
51.5405773638805 -0.1833108741901
51.5404604902276 -0.182909965917732
51.540627885034 -0.182544580806817
51.5406509636059 -0.182276020018496
51.5406604291552 -0.182260304911246
51.5407272188067 -0.182080127366477
51.5407573402181 -0.181831022312288
51.5407349160219 -0.181613855048573
51.5407789718869 -0.181556216389485
51.5408938062924 -0.181297431853906
51.5409437096988 -0.180897960828191
51.5409110305673 -0.180703674097343
51.5409624974376 -0.18057903602905
51.5410660644505 -0.180138780389732
51.5411648659623 -0.180023072769717
51.5411977877118 -0.179363764865922
51.5414000697936 -0.178987931521712
51.5412929501046 -0.178486642082443
51.5415235501926 -0.177514810261358
51.541402236831 -0.177309677707415
51.5417319463238 -0.176132931412336
51.5417638456591 -0.176097293413369
51.5418321192351 -0.175151789300285
51.5416681805683 -0.174911388488735
51.5416628931898 -0.174872005780305
51.5416594318558 -0.174845985905594
51.5418317074139 -0.174033293966566
51.5418965835867 -0.173696344034502
51.5418186255775 -0.173377716063615
51.5418519665571 -0.172897799901815
51.5417044494356 -0.171997914490199
51.5417704841614 -0.171793372867223
51.5418014882776 -0.171596536494954
51.541618710787 -0.171336095904819
51.5405442033932 -0.170647345051443
51.5405029693572 -0.170412865748289
51.5393368948478 -0.170557004379118
51.5392798922329 -0.170089652997181
51.5393373797499 -0.169821496539465
51.5390554357687 -0.168794616443013
51.5396246537947 -0.167428833907119
51.5396204056227 -0.167410100020271
51.538944608009 -0.166090763545966
51.5392430243127 -0.164690782413651
51.5392919301036 -0.162870068846979
51.5393284557885 -0.162693821313673
51.5393763299588 -0.1625935664541
51.5392726301362 -0.161574884142236
51.5386446885466 -0.159098301591056
51.5386177940056 -0.159068712149917
51.5382128309247 -0.158457773628709
