51.5898038067509 -0.23824513439157
51.5888576767258 -0.238199726742287
51.5886867324928 -0.237974838886332
51.5885417273604 -0.237968784727416
51.5870118867747 -0.2387433942136
51.586863745805 -0.238917772329234
51.5867380029323 -0.239332771655726
51.5852127537483 -0.239023618507681
51.5846456521919 -0.239297255364142
51.584253162787 -0.239219478388221
51.5839359388151 -0.239322903256351
51.5833004001936 -0.238803952298086
51.5818166160047 -0.239652823828223
51.5817223614121 -0.239572091338113
51.5813047470074 -0.239401512041399
51.5812080618182 -0.239296598089083
51.5811448863736 -0.239196220543598
51.5800497845545 -0.239090152793738
51.5796518986495 -0.239929130014359
51.5796189878422 -0.239886609563422
51.5791850688516 -0.23871314918062
51.5791308113727 -0.23841037256496
51.5788863947077 -0.238830603854377
51.5781813416579 -0.239100967242053
51.5781512735633 -0.238564981649248
51.5785798681093 -0.237646413434124
51.5774126822754 -0.237122412891918
51.5774085800534 -0.237202416612404
51.5770789147706 -0.238506842164219
51.5768151956831 -0.23871313739974
51.5767801167873 -0.238711875591984
51.5766619414325 -0.238504875929156
51.5762852392217 -0.238185312430668
51.5762829281972 -0.238169100014204
51.5763257085371 -0.237928868458847
51.5769767239688 -0.237430575503461
51.5773223407573 -0.236967170655198
51.5771459586122 -0.236488264949385
51.5769196497089 -0.236120888216102
51.5760536131861 -0.236242824661505
51.5755429705161 -0.236049719541204
51.575487805926 -0.235980104749354
51.5753286443378 -0.234889072509662
51.574711730876 -0.234539945999162
51.574297131515 -0.234122186785988
51.5740142152657 -0.232175010975635
51.5739103116843 -0.232134422661762
51.5733658729518 -0.23171542473258
51.5733124165023 -0.23168775327329
51.5728306473505 -0.232164529757201
51.5727005930577 -0.232172311742165
51.5716895737268 -0.232874484334392
51.5716787699624 -0.233769150327563
51.5720431786326 -0.234842266215263
51.5721652754152 -0.235680274695166
51.5721555817094 -0.236016174524112
51.5720529676651 -0.236330446601569
51.5721054626861 -0.236874533976832
51.5720604322873 -0.238880733096922
51.571914776743 -0.239376558260014
51.5721859230529 -0.241614096944428
51.5721026537781 -0.243587501315266
51.57118451926 -0.245341401293183
51.5708738418783 -0.246244023799943
51.5700968444588 -0.247109484134915
51.5698192369561 -0.247699089350186
51.5693681217689 -0.249812854973866
51.5690144448013 -0.250498747153707
51.5684132778412 -0.252427847219413
51.5684368695327 -0.252557215186302
51.5667594338704 -0.257088103182782
51.5668910070134 -0.258502577344693
51.5664977720723 -0.259288615512956
51.5663530235942 -0.259251316141728
51.5661952474392 -0.259117558538872
51.5653644122641 -0.259638463189822
51.5651870366375 -0.260171403499316
51.5649552146636 -0.260324551784482
51.5646222063736 -0.261214236349673
51.5646148724344 -0.261216776351263
51.5634619415614 -0.260579961502313
51.5629871233232 -0.260866325108073
51.5638419751661 -0.262372554787092
51.5639294570893 -0.262409784892408
51.5640365769483 -0.263281713766267
51.5645276860789 -0.263761682941606
51.5646176909376 -0.263926940315478
51.564797259025 -0.263844799140035
51.5650298207114 -0.263838558429437
51.5655587936211 -0.265085838830034
51.5655511662535 -0.265421246936959
51.5660346852031 -0.265972207941614
51.5664468119038 -0.265956529242072
51.5665541893007 -0.266330396812828
51.5661666955207 -0.267715841206699
51.5662513092778 -0.268216677814743
51.5671626811636 -0.26749763412801
51.5677593773792 -0.269103153938153
51.5679704149536 -0.269045529370806
51.5682355671427 -0.269164422372421
51.5684960285014 -0.270654270387617
51.5682952373298 -0.271230445447929
51.5691336559316 -0.271776251657151
51.5691875248829 -0.271759337450485
51.5692067512977 -0.27164867815184
51.5699248118284 -0.270950433530247
51.5701420316212 -0.271666390524178
51.5704337633061 -0.271905532022668
51.5705466328245 -0.272409515923022
51.5718274902864 -0.27236095969439
51.5723892569325 -0.272073979188576
51.5738616971107 -0.272826286451259
51.5751240169933 -0.274542667098504
51.5757132990021 -0.275754268833034
51.5756969359441 -0.275815334448196
51.5756605259907 -0.277143557444183
51.5757742913813 -0.277532515139077
51.5785474380855 -0.28058607795072
51.580114816485 -0.280808836031633
51.5802423013544 -0.280551862479039
51.5811010634633 -0.279832564475852
51.5812613236627 -0.279898272276165
51.5821404970448 -0.282315523579178
51.5821810696916 -0.28271682857536
51.583304693224 -0.281556263075132
51.5841909158304 -0.282196314112388
51.5842220716095 -0.282175264315262
51.5847477871021 -0.283158238187871
51.5850856799981 -0.282910451005765
51.5852692293663 -0.283191783455251
51.5857372875895 -0.283269353782546
51.585826705457 -0.283482472595511
51.5862350512155 -0.283755341600019
51.5863410279603 -0.283988191659096
51.587157999391 -0.28373544147334
51.5873317052407 -0.283909329201371
51.5877362874311 -0.284078566749878
51.5879823590379 -0.283735918154852
51.5888767593732 -0.283927763144501
51.5893436454185 -0.283630106001671
51.5894317699115 -0.283785563940858
51.5895530536457 -0.285391879256987
51.5904752704266 -0.284688223760335
51.5909343736313 -0.28565434653196
51.5909404524716 -0.285658164673376
51.5913281077678 -0.285444196653353
51.5924277084292 -0.286003315248927
51.5924810295721 -0.285961075233574
51.5927146712672 -0.285727188866629
51.5930032280819 -0.285184838652876
51.5929969689112 -0.284252085028015
51.5933834329784 -0.283704722397289
51.5935163388341 -0.283590557533231
51.5935235768258 -0.283556835733393
51.5943097198965 -0.28167652499475
51.5942354378374 -0.281478154942486
51.5941025950634 -0.281332467609125
51.5940872121304 -0.28128876645221
51.5940293667522 -0.28092372109732
51.5941392326645 -0.279243530136315
51.5942765890567 -0.279059187967368
51.5945256245652 -0.279017754586729
51.5949797895718 -0.278043631508968
51.5948299723388 -0.277543976606434
51.5942719148109 -0.276957399799989
51.5942824750159 -0.276605125107922
51.5943256458183 -0.276459574603651
51.5951526267587 -0.275891758974382
51.5952744524439 -0.275703109920423
51.5948163397815 -0.274712078626399
51.5948162160882 -0.274666967529213
51.5949666612969 -0.273526940412419
51.5952121949431 -0.273186461114444
51.595197017262 -0.273120255262982
51.5945504986796 -0.271606799083767
51.5946100875177 -0.271062673871784
51.5953144083602 -0.270756185279268
51.5954603195016 -0.270457803613043
51.5953624209636 -0.269664784159296
51.595483762728 -0.269279361311403
51.595367984361 -0.268603326411274
51.5955882622215 -0.267185979484703
51.5955800285211 -0.267176293378813
51.5955006581595 -0.26661672662622
51.5963037073554 -0.265101688016067
51.5962646266812 -0.265012109280861
51.5965855422266 -0.263977413497894
51.5969304375247 -0.263920097404919
51.597104351357 -0.263565139867349
51.5975603921072 -0.263698459649494
51.5979777005124 -0.262909093721883
51.5979804664654 -0.262895535827358
51.5977945066573 -0.262570013723588
51.5982021168782 -0.260926119401803
51.5987090777967 -0.2612256875778
51.5994630213058 -0.261254632231449
51.5986969363698 -0.259484459069578
51.5988452081959 -0.257214582766757
51.5989275492192 -0.257299051523132
51.5998180490476 -0.257527950144277
51.6010267951 -0.25661936491778
51.6011331171106 -0.256793162501162
51.6022064183563 -0.255651007505329
51.6021472171227 -0.255278718128562
51.6026366498359 -0.254591676743177
51.6027018671308 -0.254534051347145
51.6034511459705 -0.254986806176238
51.6036265882675 -0.255280712847562
51.6037878968016 -0.255373709224455
51.6038813206743 -0.255284403132788
51.6040489593297 -0.254521210268834
51.604000221179 -0.253680110817164
51.6043760091594 -0.253047035235387
51.6050180602961 -0.253222781187811
51.6051949132015 -0.252831885679361
51.6051951096412 -0.252494800929802
51.605040034987 -0.251963290376206
51.6052675474678 -0.25061648136977
51.6056633537112 -0.250446956868527
51.6060122394177 -0.249409555585656
51.6059696062056 -0.249323679947913
51.6060309860243 -0.248135275465694
51.6063748068411 -0.247398217354558
51.6065777639426 -0.24718548234293
51.606525514208 -0.246871125448097
51.606339016398 -0.246488475260131
51.6060220424934 -0.246302080408731
51.6059002430506 -0.245899678415943
51.6059685652278 -0.245111787868918
51.6061265821923 -0.244845767594517
51.6062235578346 -0.24479011376283
51.6065476575387 -0.244887755022879
51.6071653977093 -0.243329098246854
51.6063601906515 -0.24213399672988
51.6061783187186 -0.241455063278971
51.6051429083865 -0.241222524003938
51.6048806220258 -0.241296716265364
51.6047345097448 -0.241432738485169
51.6031963346516 -0.239457047031929
51.602892465503 -0.239533806726866
51.6024127284557 -0.238499994140904
51.6019590515065 -0.238154779338663
51.6014625052225 -0.238067917526228
51.6010946477992 -0.237121968885705
51.6007038291134 -0.236933995499538
51.6003528704821 -0.237119501594893
51.5997189345956 -0.237252387485012
51.5992740909783 -0.236777335033797
51.5978487203886 -0.236977299457023
51.5977298745886 -0.237078925055802
51.5971477901552 -0.238036805445292
51.5960492176223 -0.237477914368681
51.5957101686967 -0.237588534245846
51.5948756962037 -0.237130390207371
51.5938746456937 -0.237073440302532
51.5937221978762 -0.237110530091883
51.5934442510428 -0.237279132451463
51.5930322555989 -0.237632544934087
51.592815738906 -0.237432019462108
51.5917353417608 -0.237179710136853
51.590694931343 -0.236339885402154
51.5903685841651 -0.236883031478215
51.5898038067509 -0.23824513439157
51.5781856544517 -0.239268584962402
51.5785923413188 -0.239363892182677
51.578604769472 -0.23967101947019
51.5786661717684 -0.239845000982618
51.5785013501544 -0.240064135062959
51.578170410223 -0.239888429221338
51.5780961617142 -0.239894867495972
51.5781132393282 -0.239421199289519
51.5781856544517 -0.239268584962402
