493 4
51.4980008844883 -0.072818754894604
51.4978392877264 -0.0730019729023885
51.49775644131 -0.0734422535527749
51.497756118202 -0.0734773098753132
51.4979297195094 -0.07401392570996
51.4978707642767 -0.0744530796576225
51.4977234606883 -0.0745268785274095
51.4972737687449 -0.074099188615307
51.4971436740217 -0.0741479108810606
51.4969190184066 -0.0738854776308496
51.4965094555988 -0.0739908818714682
51.4965006063021 -0.0739994510988281
51.496355905195 -0.0743576298446421
51.496354238845 -0.0743711227942191
51.4963790245124 -0.0748184923662604
51.4963395915094 -0.0751272133452317
51.4960474732285 -0.0751800250586157
51.4956778167927 -0.0754711746076904
51.495712417332 -0.0759307158391948
51.4957397486359 -0.0760349259159301
51.4954172111708 -0.0763816923562007
51.4949210335705 -0.076018916813907
51.4949184258188 -0.0759038086727397
51.4949233267787 -0.075884716056493
51.4950751951905 -0.0749770046503496
51.4949955223677 -0.0743186288786662
51.494964982332 -0.074227147569667
51.4947998602586 -0.0741574928985848
51.4946941413522 -0.0739332955086739
51.4948363803643 -0.0723858760340387
51.494578409848 -0.0721752328971339
51.4942693992026 -0.0722503917510579
51.4941441746194 -0.0719828383375446
51.4941203580567 -0.0719613939409553
51.4931052577676 -0.0725389566356688
51.4932065301396 -0.073137953263975
51.4927792816363 -0.0738249143993687
51.4926647649432 -0.0738423316009621
51.4924447715169 -0.0736174988948077
51.4923018572522 -0.0730446159440744
51.4924337295562 -0.0722234274463535
51.4924757979385 -0.0721739051739834
51.4929227686415 -0.0720964919562324
51.4929732356014 -0.0718360241474072
51.4922829945449 -0.070787387534948
51.4922793683311 -0.0703211127461907
51.492295994185 -0.0702879852036803
51.4920829109846 -0.0693255297831793
51.4924311719302 -0.0686914043328831
51.4924285875602 -0.068654574524024
51.4924510792621 -0.0684699976584901
51.4918783456316 -0.0673309368443128
51.4918540599285 -0.0673247187481811
51.4919251301427 -0.0663242511415045
51.4921968063858 -0.0660678423728939
51.4921588680935 -0.0655391203786766
51.492208486496 -0.0652335510920675
51.492205896626 -0.0652291473122169
51.4922070812919 -0.064358480012511
51.4919663708872 -0.0644046643480208
51.4919050034513 -0.0639220729414684
51.4915439500745 -0.0640138591070223
51.4913535178768 -0.0638491128627704
51.491156501016 -0.0639825266153599
51.4908045773163 -0.0635437306993101
51.490730490328 -0.0635431881132089
51.4902930824723 -0.0643846764219371
51.4900621475063 -0.0641081054958815
51.4899945084986 -0.0637031187197968
51.4895566545059 -0.0635048000464786
51.4893822654993 -0.0631466238747509
51.4898603660335 -0.0625213553523818
51.4898961805987 -0.0625288634267473
51.4899795956047 -0.0623920685693938
51.4901480891503 -0.0617132850611932
51.4900120822154 -0.0612463533929855
51.4900111592739 -0.0612068425184054
51.4900055017239 -0.0611854666016619
51.4900032929432 -0.0611116860919114
51.4905100923805 -0.0601350349964261
51.4896297786897 -0.0599715647055482
51.4894681242946 -0.0605033790216286
51.489313098465 -0.0606098410464264
51.4891942723149 -0.0613179825104625
51.4891940028022 -0.0613179939430878
51.489248334318 -0.0621575087289116
51.4889850756191 -0.062699793450888
51.489121823973 -0.063059560127891
51.4888332279897 -0.0638316544161421
51.4890095894562 -0.0643039984611698
51.4888605648234 -0.0653626940042556
51.4885936436203 -0.0656729245867852
51.4884946575863 -0.0656671377464644
51.4882682737104 -0.0654264827164513
51.4881688470544 -0.0651651349586766
51.4873241827927 -0.06473724583908
51.4871891988291 -0.0649797716389945
51.4871014870821 -0.0657063845851223
51.4866121657486 -0.0661483340381041
51.4861495806623 -0.065540503287037
51.4851443170342 -0.0662275368169196
51.4846783152373 -0.065837665504749
51.4840467615618 -0.0665134937859982
51.4838460259639 -0.0670377275832779
51.4835680669312 -0.0674203438405218
51.4834678355165 -0.0674426316186644
51.4827436599491 -0.0690836134586926
51.4829584620526 -0.0700628996687086
51.4837376708763 -0.0704423101297078
51.4837718012461 -0.0705605719384508
51.4838098169529 -0.0718606142786532
51.4850656180482 -0.0716681038626324
51.4856297624503 -0.0724292897880335
51.4857593020436 -0.0723851119859637
51.4864323827184 -0.0737142645226795
51.4866021297687 -0.073786323458921
51.486657116598 -0.0751037852057976
51.4862211681634 -0.0753544366143676
51.4858704391846 -0.0757581368541469
51.4858812382132 -0.0771124720832655
51.4858877568815 -0.0771536443522238
51.4859061403757 -0.0772221068712795
51.486885790076 -0.0753317945948139
51.4872227570544 -0.0755192618669964
51.4873156375889 -0.075700856712694
51.4874668404603 -0.0761221527622771
51.4879557479304 -0.076195158457381
51.4881169312771 -0.0765728119735135
51.4879804869618 -0.0778901761852146
51.4880857408341 -0.0779712595182917
51.4884993066395 -0.0780385467382219
51.4888723709077 -0.0776203616052841
51.4891683219128 -0.0785857169274462
51.4889486044484 -0.0788929375301265
51.4889088182484 -0.0793563709810282
51.488924354742 -0.0793773334383324
51.4896415490624 -0.0797487469313678
51.4897492836372 -0.0799539643492691
51.4897545098189 -0.0799546949284022
51.4901076593088 -0.080406263260646
51.4901167272447 -0.0804274983070963
51.490034793412 -0.0809746624201195
51.4902103274516 -0.0813787076606276
51.4906768521102 -0.0816004630331892
51.4906878635732 -0.081575652887339
51.4908592132643 -0.0815261775145529
51.4912691468114 -0.081508968483467
51.4912777337742 -0.0815337876258271
51.4913333299 -0.0818988154022879
51.4911677066633 -0.0822379709079916
51.4911828120001 -0.0824030233613461
51.4916631687998 -0.0827286145751294
51.4916947653273 -0.0828136368540608
51.4917780048623 -0.0829011249316211
51.4917381627388 -0.0832521077407828
51.4921382521272 -0.0839087753487321
51.4921133331451 -0.0842159006865804
51.4923662544013 -0.0842728802671902
51.4924877686859 -0.0843865611010204
51.4926938171112 -0.0845625007068301
51.4926806254626 -0.0849547750063979
51.4928288315375 -0.0853267462485181
51.4934304504897 -0.0852555715669965
51.4934916399453 -0.0852260451182508
51.4938378646654 -0.0855355648497352
51.493031194332 -0.0869460967865421
51.4930515978797 -0.0870946632674844
51.4929324437823 -0.0874562168302996
51.4934302241354 -0.0885536715691241
51.4931874670353 -0.089164360813193
51.4931937774155 -0.0891874959485073
51.4934661146381 -0.0895866026972951
51.4941548599994 -0.0899576185291455
51.4942494275599 -0.0902552465706035
51.4938994901198 -0.0905615915416283
51.493724029282 -0.0916952955318954
51.4935496897444 -0.0918043684974134
51.4933529523163 -0.0922663122900355
51.4934100474611 -0.0924602673976936
51.4936284335535 -0.0926438085987618
51.4936589802685 -0.0934663766971491
51.4936326938191 -0.0935305444210703
51.4937488429396 -0.0942937175361578
51.4940749263594 -0.0941729797676667
51.494120075212 -0.0942349998403203
51.4943169989606 -0.094807500009383
51.4941235469279 -0.0958599896214497
51.4941110660939 -0.0958830777094513
51.4941673442922 -0.0960436975485812
51.4943243667034 -0.096844736909656
51.4943471033766 -0.0973705773423917
51.4945618606899 -0.0976911313370799
51.4945669116539 -0.09771432074646
51.4942994120316 -0.0986870950846353
51.4942734091401 -0.0991959587606936
51.4942712074037 -0.0991987822726255
51.4938051568895 -0.0992037964379854
51.4932894267774 -0.0991721556098625
51.4931849834529 -0.0979924169104039
51.4931210982773 -0.0977007481122766
51.4926731796191 -0.0970945177420698
51.4924654669939 -0.0974021229694346
51.4923629281105 -0.0975540286709367
51.4922914057124 -0.0980440992474572
51.49195697954 -0.0990699666952102
51.4918469783223 -0.0992996173005979
51.4919700036464 -0.0995240893338267
51.492050698816 -0.100159972733371
51.491794148816 -0.1006720973641
51.4921744504546 -0.101467516696115
51.4923153141773 -0.101472472975439
51.4928039751523 -0.10179792677684
51.4929124942011 -0.102298453594422
51.4940100958228 -0.102449212357087
51.4940864682188 -0.102263240317094
51.4942292838498 -0.102127721039281
51.4949515392458 -0.101888786808634
51.4949850465423 -0.102676101766547
51.4954275176912 -0.102958485794322
51.4951160701502 -0.103651202421564
51.4952398547752 -0.103773042912131
51.495285469785 -0.10381973174025
51.4954669995607 -0.104049050662206
51.4956962621127 -0.104027897045129
51.4957547367432 -0.1056380702515
51.4959684648745 -0.105846227033008
51.4961386294936 -0.106340679347345
51.4961469394299 -0.106855382838509
51.4955858480284 -0.107349484362987
51.4954076440239 -0.107637785548355
51.495421503854 -0.108853660005605
51.4957226892977 -0.109858689331237
51.4959260733286 -0.109960982250323
51.4959662683872 -0.109978324980769
51.4960980407669 -0.110724657770888
51.4961590164157 -0.110882376270289
51.4963875232897 -0.111244012000852
51.4965291096547 -0.111712586630483
51.4964538645584 -0.112416289143533
51.4964437748875 -0.112521117790646
51.4958762143773 -0.112318636905819
51.4955840896468 -0.112455783265544
51.4957267670633 -0.112869549416397
51.4957366981704 -0.113486810540659
51.4958821238072 -0.113741892072078
51.4958889515314 -0.113847802506779
51.4955999763017 -0.114432500596154
51.4955979912086 -0.114471186844314
51.4959816291393 -0.115295511884944
51.4958239718164 -0.115672024285184
51.4953160494111 -0.115790252522494
51.4952168810788 -0.116287760318124
51.4951970975137 -0.116371366585274
51.4950752706909 -0.11640976612126
51.4948878761856 -0.116832510507448
51.4949052839799 -0.116920047167231
51.4950040887105 -0.117665126956005
51.4949886075783 -0.117663982974628
51.4946084321937 -0.117631062828429
51.494271610001 -0.116843535509593
51.4937268980651 -0.117190127550313
51.4944322098577 -0.11801639722453
51.4944028990788 -0.118083408191902
51.4943308619795 -0.118160136859111
51.494243130008 -0.118894834432248
51.4942641772223 -0.118929126589502
51.4944229684318 -0.120136278014147
51.4943229669336 -0.120106183587814
51.493661337667 -0.119861520756541
51.4936181427057 -0.119685013203528
51.4933701634754 -0.119307173519822
51.49268007926 -0.119883838820887
51.4924342402955 -0.119213376632688
51.4920095588287 -0.119337038009491
51.4918234561903 -0.119661582144192
51.491458414422 -0.11970902658387
51.4911148611628 -0.119975312102964
51.4910813708519 -0.120039638305675
51.4914046547579 -0.121206691192421
51.4914302612777 -0.121587370436965
51.4905257743608 -0.121530956416186
51.4902726613905 -0.121376627967379
51.4902620844316 -0.121384188857221
51.4900714754368 -0.122511175463443
51.4897652443432 -0.122323870248382
51.4892578065194 -0.122467165419203
51.4891533095879 -0.122796401075171
51.4889555969367 -0.122997158792591
51.4882574961803 -0.122591035555074
51.4881118132919 -0.122369232278739
51.4879990284927 -0.122192039915583
51.4869102293129 -0.123909384981733
51.4870475241384 -0.124247679095547
51.4873191170015 -0.124945060678544
51.4873683139583 -0.12507011671411
51.4879921740466 -0.124297151869881
51.4883127117619 -0.124120103755736
51.4890468186073 -0.123714555864121
51.4894005045036 -0.123519154809597
51.4898831282236 -0.123229617987488
51.4898904305852 -0.123225280020039
51.4901874877292 -0.123103458115826
51.4907443602374 -0.122875235135964
51.4909446014555 -0.122793135280253
51.4917929675079 -0.122438195057674
51.4918092216008 -0.122431469857847
51.4922125957191 -0.122262629211852
51.4924721066985 -0.122154095958585
51.4935168813868 -0.122067333922643
51.4941848454665 -0.122011732459073
51.4952409320096 -0.121924022820106
51.4961609861967 -0.121532349155345
51.4967206596101 -0.121293982058408
51.497727859203 -0.120865199917248
51.4997081651899 -0.120371180339804
51.5005791380007 -0.120153945360577
51.5009455415778 -0.120062482378774
51.5015654486478 -0.119897266006227
51.5017274755543 -0.11985412664071
51.5027126138726 -0.119591660696286
51.5027364257618 -0.119585334469922
51.5027718993624 -0.119555005569906
51.503087801262 -0.119453731710819
51.5038544785411 -0.11920784686913
51.5044042658263 -0.118992388677061
51.5046765700988 -0.118885774053917
51.5056038867592 -0.118487951066036
51.5056054045208 -0.118487294503923
51.5060433111393 -0.118330723994743
51.5062896613302 -0.118242635719809
51.5070334372746 -0.117779872597312
51.5077800048471 -0.116298503457974
51.5078144484667 -0.116131336918067
51.5079546465605 -0.115451399608645
51.5081076013743 -0.114709622896762
51.5082656523083 -0.113910480414968
51.5082372313847 -0.113736401286749
51.508115977996 -0.112994418174707
51.50819052813 -0.112448351890361
51.5082366898544 -0.112110315119022
51.5084265275562 -0.11036668522413
51.5084279361549 -0.110353675999871
51.5084753919349 -0.109917796022295
51.5085030351796 -0.109663929951899
51.5088341409587 -0.109563845491742
51.5088645052008 -0.1092167118963
51.508672964673 -0.109051644542167
51.5086718045584 -0.108979689676564
51.5086526016311 -0.108346360474042
51.5089231413749 -0.108392900221727
51.5089336743133 -0.107931214983188
51.5087416154191 -0.107918022181838
51.5086725857701 -0.107913277679178
51.5086816404389 -0.107638673598477
51.5086967599196 -0.107177275766066
51.5089208953557 -0.107139232769141
51.5089347278757 -0.106932392504506
51.5089498570516 -0.106705655846907
51.5087330803544 -0.106642639258682
51.5087334403804 -0.106614821188019
51.5087448590325 -0.105629474539248
51.5087482836502 -0.105335022988603
51.5087594468405 -0.104379033928829
51.5087615538956 -0.103458352547122
51.508761782404 -0.10336685398044
51.5087639454779 -0.102433456636978
51.5089430148894 -0.102382766994784
51.5089618105496 -0.101877605647693
51.5087279057711 -0.101872950017951
51.5087050456106 -0.101599195514293
51.5086163830214 -0.10053733326312
51.5089394290651 -0.100495143911928
51.5088961105226 -0.0996912448894861
51.5088751443877 -0.0993016834843231
51.5084411812871 -0.0994338071418653
51.5084366187249 -0.0994351851686352
51.5084371764091 -0.0994307657619744
51.508637494671 -0.0979569441410703
51.5086774624552 -0.0971177396164861
51.5086911446823 -0.0968307020049164
51.5086087812081 -0.0961484430369455
51.5085159344329 -0.0953800064230264
51.508452160825 -0.0948520323194484
51.5082360369862 -0.0941268851279091
51.5079387977892 -0.0931294800804217
51.5077722000809 -0.0925702842436988
51.5077093482844 -0.0923595184348768
51.5075486453671 -0.0918202802400653
51.5075442606945 -0.0917994333510019
51.5074022625265 -0.0911170785962055
51.5072646472741 -0.0904556935339082
51.5072364606784 -0.0903202367788224
51.5071013229229 -0.0895021574459145
51.5070916395679 -0.08944303725469
51.5070568351262 -0.0892325311723833
51.5070525691566 -0.0890865699508377
51.5070183961554 -0.0879165067004428
51.5070010334332 -0.0873203188430445
51.5069794722047 -0.0865826826440626
51.506975352833 -0.0864403989153701
51.5068983131139 -0.0861266350998047
51.5068995421303 -0.0856510963448353
51.5068598448542 -0.0854221454961127
51.506828072254 -0.085034367289573
51.5067800024733 -0.084446955798281
51.506758768107 -0.0841871726859049
51.5064953491111 -0.0831740675934142
51.5063844511556 -0.0827474372993645
51.5062732977858 -0.0822008208285513
51.5060618432725 -0.0811614361216982
51.5059849348155 -0.0808620577444732
51.5059151581924 -0.0804656693747523
51.5058426043246 -0.0800534784262582
51.5058411168092 -0.0800449866515921
51.5058263450659 -0.0799608962557116
51.5056648075232 -0.0794345894030981
51.5056060812617 -0.0792411424284226
51.5055697796619 -0.0791214837455749
51.5054652984357 -0.0787801440758185
51.5048761300348 -0.076774865346787
51.5047456877311 -0.0763310297029521
51.5042646486381 -0.0746939484011956
51.5041952292321 -0.0744574812147793
51.5041604754085 -0.0743393091501774
51.5040334470181 -0.0739177974442549
51.5036829702703 -0.0727548692062921
51.5034186322488 -0.0718778464248353
51.5032507238167 -0.0715950541514565
51.5030764343329 -0.0713014847009845
51.5028746750723 -0.0710650332802768
51.5025982386748 -0.070699274044635
51.5025896923597 -0.0706879924540059
51.5025156795903 -0.0708067119577376
51.5023017845815 -0.0711496938142842
51.5020794807813 -0.0715062142121294
51.5019160362052 -0.0717682958297703
51.5018975547116 -0.0717979442390219
51.501876255159 -0.0718147624192036
51.501640725595 -0.0720012390334006
51.5014358990989 -0.0721632523246466
51.5014273877718 -0.0721759665396668
51.5012212581574 -0.0724829666114468
51.5011582509938 -0.0725767429042868
51.5009370290337 -0.0729063534269639
51.5008893783977 -0.0729772657417748
51.5007337059245 -0.0732091893622331
51.5006413904586 -0.0733467287681328
51.5006196274449 -0.0733791275991983
51.500601418388 -0.0733487709179417
51.5005546477929 -0.0732707936221386
51.5006852649053 -0.0730623805096674
51.5008604738005 -0.0727829453080038
51.5010123801906 -0.0725407243002955
51.5012973524341 -0.0720860592306077
51.5013991464839 -0.0719236427421151
51.5015305477271 -0.071763064576818
51.501815289662 -0.0714148433455161
51.5021792580099 -0.0709697764292595
51.502248790735 -0.0708847490288953
51.5022430076631 -0.0703856746358372
51.5022232352809 -0.0703040623046268
51.5021769347971 -0.0701127299671946
51.5018901142137 -0.0702087196219276
51.5017055220515 -0.0697536760834721
51.501765368945 -0.0696646614278027
51.5016997436266 -0.0690749832073004
51.501542987434 -0.0690112802140632
51.5014783622635 -0.0691158222741502
51.5013450908605 -0.0693646352394579
51.5012556096443 -0.0692972568823401
51.5013085791911 -0.0688888474494912
51.5013258707839 -0.0686341260101865
51.5010892848365 -0.0686360500455556
51.501064418253 -0.0692278812367782
51.5008572486335 -0.0692582581296843
51.5007185985119 -0.0691749017033377
51.5004132508111 -0.069472441825363
51.5002804915602 -0.0694356419814244
51.5001514580526 -0.0693466526384191
51.5000866802685 -0.0694583251244722
51.5000187781872 -0.070363440639672
51.499790263942 -0.070435221886602
51.4996730702689 -0.0703609361716906
51.4995346493433 -0.0698544263900344
51.4990756626275 -0.069480258681124
51.4987152844877 -0.0695532192137669
51.4987281379364 -0.0699244931711463
51.4983225483498 -0.0709924465820206
51.4983224135835 -0.0709951844494025
51.4976950077192 -0.071531396237237
51.4976905723389 -0.0715459568780524
51.4977301296681 -0.0716225690190216
51.4980008844883 -0.072818754894604
6 4
51.4865925144044 -0.0779395190645186
51.4866984967685 -0.0798210892875045
51.4873079865375 -0.0798738664078542
51.4873218160991 -0.0785886414322979
51.4872820290132 -0.0783715553638133
51.4865925144044 -0.0779395190645186
