51.4831613601247 0.00852165178601305
51.483127392769 0.0072922629796119
51.483010587277 0.00695225383286757
51.4830187816266 0.00623701552818086
51.4826592671831 0.0057955151372912
51.4824173851055 0.00510968812631969
51.4824163969306 0.00510964478118696
51.4817088563374 0.00489502506877638
51.4813832059234 0.00524886000772303
51.4812840105861 0.00528238915675565
51.480481935101 0.00522832579308326
51.4799018682957 0.00452509391948141
51.478829887022 0.00217285798464851
51.4768517496372 0.00302234458645743
51.4771796228215 0.00447413309098365
51.4773586411898 0.00604444206024509
51.4765378516523 0.00895792394900521
51.474986900316 0.00971151676924571
51.4732475798868 0.00796910371599887
51.4730998019624 0.0080256580293434
51.4724355401882 0.00811889360531838
51.471447658286 0.00388630004294746
51.4714175286189 0.00304526221131641
51.4735559325343 0.000738746113982245
51.4715016602567 -0.00230207822503747
51.4720179089045 -0.00364472178204981
51.4711579981354 -0.00563604832487609
51.4705615189883 -0.00601762480100234
51.4702736353979 -0.00660334943586475
51.4690926718264 -0.00709941287430714
51.4692301432217 -0.00812114421195693
51.4699903633274 -0.00846591157017693
51.470295289036 -0.00929054757280054
51.4703941664117 -0.00933206888867317
51.4706501669056 -0.00932448699727948
51.470659658402 -0.00931695067573691
51.4715686059833 -0.00991266358989519
51.4715916571154 -0.0102114329694768
51.4709487649032 -0.0110375608908769
51.4712348315353 -0.0118485668325303
51.4712375923448 -0.0121121257883248
51.471165666483 -0.0125148660400253
51.471176955459 -0.0125603203173549
51.4712033022221 -0.0129955927307657
51.4710653308068 -0.0136126412875116
51.4711053207946 -0.014121164831209
51.4709669674305 -0.0147319329806961
51.4709454693296 -0.0147949568227984
51.4717411234289 -0.0152319808001879
51.4720120157041 -0.0150897471535404
51.4720992736615 -0.0151831938462169
51.4725597636424 -0.0149292013154909
51.4725989640186 -0.0149878115972101
51.4728633376124 -0.0159051211929963
51.4726032720399 -0.0162781580357126
51.4725810842853 -0.0165608532072303
51.4727834326131 -0.0172081496170769
51.4729108908203 -0.0173663449076931
51.4727594218785 -0.0185797486293453
51.4722992992809 -0.018180354121394
51.4719350609845 -0.0186136865429119
51.4720255439863 -0.0191056711143311
51.4720774091232 -0.0191637356840199
51.4722928725045 -0.0198006143601011
51.4722806188939 -0.0199640335073768
51.4722947369543 -0.0200281264927796
51.4728335069396 -0.0201713696378412
51.4731348666561 -0.0193150138119362
51.4731819293772 -0.0193868227387673
51.4733348462558 -0.0202648280421004
51.473359741205 -0.0203069665813606
51.4732505235281 -0.0210532570968323
51.4736063257664 -0.0209451333320116
51.4736290106852 -0.0209522249669701
51.4737335437507 -0.0213078003430414
51.4741430085392 -0.0215347807262065
51.4745053234575 -0.0209549030296434
51.4745202066926 -0.0209631635630725
51.4750787604039 -0.0221990771645482
51.4751417171216 -0.0223871544247413
51.4752658314502 -0.0224647794739015
51.4752935195764 -0.0224327118774021
51.4754860628608 -0.0215892255096769
51.4757394061749 -0.0211098644058552
51.4758521389591 -0.0208966095337436
51.476351907367 -0.0206733668619613
51.4766086859446 -0.0204243066300089
51.4767659555829 -0.0202718095758518
51.4769270278312 -0.0201155847251531
51.4773916693095 -0.0194041790293882
51.4777304602475 -0.0192311067791895
51.4783062267401 -0.0192493831518217
51.4783947261651 -0.019208977279659
51.479073732937 -0.0188993297306074
51.4795505975014 -0.0184700731593083
51.4797292106719 -0.0183092720119739
51.4804844457996 -0.0172070000620978
51.4806677272165 -0.0169395923151193
51.4808174917269 -0.0167210160197831
51.4809058678763 -0.016630853700754
51.4812968490708 -0.0163545473837575
51.4819302336125 -0.0160534663340983
51.4819295063866 -0.0160476792161086
51.4819093451829 -0.0158815938066242
51.4820619099478 -0.0158604845835944
51.482190845648 -0.0160421557763671
51.4822212052299 -0.0163274990042781
51.4822335973944 -0.0164435731120894
51.4824393794597 -0.0174428302379603
51.4825702500429 -0.0177071923088171
51.4825755552152 -0.0177178872723329
51.4826786854445 -0.0179260972019999
51.4826906934252 -0.0179503953938131
51.482875077094 -0.0182161216206014
51.4829561715796 -0.0182269747546979
51.4834289570767 -0.0182586098048933
51.4834783689336 -0.0182619302320028
51.4834659764326 -0.0181191332036467
51.4833676452027 -0.0169824246868812
51.4833666339943 -0.0169704745744875
51.4833697770848 -0.0166247690572197
51.483173266021 -0.0167052590835209
51.4830190325789 -0.0155597061027671
51.4831438278304 -0.0154966938653545
51.4831902347988 -0.0144728194716946
51.4831962034353 -0.0143421706552916
51.4831718757013 -0.0135534090651464
51.4831562955583 -0.013047728482508
51.483139482831 -0.0123952058724778
51.4831342704808 -0.0121937920420563
51.4831331728483 -0.012150257881733
51.483103678576 -0.0110047555023622
51.4831663194818 -0.0109876608894272
51.483419899637 -0.0110918168365992
51.4834345051194 -0.0110359614065833
51.4836901244848 -0.0100574750874666
51.4838248768182 -0.0100516087968389
51.4839069848183 -0.00958715080136499
51.483958442256 -0.00944086159144526
51.4840147285646 -0.00904949081302035
51.4840173585331 -0.00867494457971268
51.4838850307139 -0.00847419655932661
51.4838420289452 -0.0084089742736007
51.484368766855 -0.00659994817575457
51.4845217831311 -0.00611374051288937
51.4847868631421 -0.00527100295565902
51.4849251328386 -0.0044151471062475
51.485068136238 -0.00404895147858593
51.4852445638239 -0.00359721347906918
51.485623166427 -0.00262752216875095
51.4858749767691 -0.00221570637381823
51.4861480390127 -0.00176911034879965
51.4864361729784 -0.00133657613857293
51.4875509906492 0.000337571513611263
51.4878420219166 0.000742112394290064
51.4881395516021 0.00115561288888518
51.4882243550941 0.00115932612485657
51.4883642269523 0.00116545064376297
51.489445762255 0.00184358800597339
51.4897966668562 0.00206359847865379
51.4903159168538 0.00220167281977779
51.4909840645675 0.00204364259810192
51.4917478341624 0.00207710421910404
51.4920134816492 0.00216725320939772
51.4922843151022 0.00225905583544286
51.4925107106539 0.0021681347256488
51.4930027858304 0.00178632658044775
51.4936481578595 0.00138248023330161
51.4940560305302 0.00119865614981576
51.4942388012825 0.00105105800531711
51.4942930384248 0.00100734622456446
51.4945031856153 0.000814858153860797
51.494649466487 0.000677181191564634
51.494757514499 0.000667420771395816
51.4949109675976 0.000631021815494403
51.4951159566715 0.000740844269071386
51.4952688722421 0.000714874720160182
51.49538653306 0.000694963461028556
51.495515984222 0.000484563448422944
51.4955740596851 0.000242172940480732
51.4953979277623 -0.000500215762943661
51.4964986897401 -0.00124446936825768
51.4973993586219 -0.00185341743312864
51.4975280669017 -0.00148761903791134
51.4975767027045 -0.00151922776744625
51.4985464978564 -0.00214893047475444
51.4986551882538 -0.00166877067575758
51.4990003272756 -0.00186975863280457
51.4992049203302 -0.0022642337335983
51.4993603359884 -0.00241590892040706
51.5000360788698 -0.00248721873493709
51.5001625758529 -0.00249285445689893
51.5011789595693 -0.00253810466273546
51.5015931145818 -0.00241557003901972
51.5019216661402 -0.00231839847111741
51.5021809577728 -0.00223494660770367
51.5028999006457 -0.00220350366541464
51.5030392450003 -0.00211365269143079
51.5034513214134 -0.00184803991908198
51.5036451099052 -0.00160836761998125
51.5039468392376 -0.00123506563622911
51.5041999664683 -0.000921863512185693
51.5043477406624 -0.000635724040165229
51.5046174463556 -0.000113876249142854
51.5048093429201 0.000257604137421388
51.5051529401258 0.00172794580188285
51.5051615951929 0.00181077875476818
51.5052302365664 0.0024662887076143
51.5051907463753 0.00319939335099685
51.5051231121033 0.00366417890341894
51.5050990715461 0.00382945710138691
51.5048553247092 0.00440959839456502
51.5045203824257 0.00483389426015814
51.503173247211 0.00654031595496335
51.5026641018497 0.00762970779664974
51.5026578110834 0.00765057821995229
51.5021518903736 0.00932779884151777
51.5019790203875 0.00945313323331791
51.501749525213 0.00961969421982179
51.5004767193899 0.0101485402502757
51.499869789425 0.0104006475268644
51.499062196587 0.0113449176112765
51.4980430397649 0.0125679042969463
51.4978908597689 0.0126660925525903
51.4978338619171 0.0127027824127973
51.497708590174 0.0126683976635967
51.4975132106158 0.012999766253378
51.4971620816418 0.0135952255096213
51.497360381807 0.0140938517928214
51.4970943356937 0.0143990511294358
51.4968853227681 0.0140008051878329
51.4963241432694 0.0147396275183132
51.4964369680922 0.0149751678955684
51.4963178443794 0.0152997843708713
51.4962860610282 0.0153862843782775
51.4962230084512 0.0155450523681182
51.4961780851012 0.0156585307264228
51.4958254052856 0.0165472836903156
51.495570880425 0.017227613928303
51.4955490488138 0.0172999401089093
51.4952752158616 0.0182086621531638
51.4949594366137 0.0193184012193295
51.4947710596148 0.0203329123696019
51.4945861477406 0.0211458766390231
51.4941256755802 0.021255216952434
51.4941275924051 0.021321343916936
51.4940610596243 0.0212955947858168
51.4932147756601 0.0214805122036542
51.4925279776685 0.0210395180914089
51.4912695651839 0.0192687737889699
51.491218413743 0.0191224415234333
51.4896815032086 0.0193912476122502
51.489197133756 0.0200216435183643
51.4884187170026 0.0199044574759312
51.4879665537014 0.0203247345890975
51.4878244471455 0.0200987384034867
51.4877194192031 0.0200374455927207
51.4870577820759 0.019367122547278
51.4868985101109 0.0194591329534808
51.4866821966522 0.0197259331598409
51.4865250350206 0.019742384048295
51.4863565146332 0.0199015582287219
51.4854089478642 0.0194320344006676
51.484946860005 0.0202875701290618
51.4847843405649 0.0204793040252023
51.4845417599789 0.0197763526833762
51.4841762584916 0.0189284421113005
51.4842463172932 0.018190623229909
51.4842602232132 0.0181714051069672
51.4842517650821 0.0167506014504455
51.4845333637912 0.0161948981441779
51.4845687080674 0.0160948020939381
51.4844608434221 0.0158271194129132
51.4837416306409 0.0155290367925487
51.4837203579481 0.0154956790263117
51.4838824221621 0.0131371240545491
51.4838915497894 0.01311864414618
51.4837628976987 0.012788899028616
51.4837265807965 0.0124011128371862
51.4831935591974 0.0110489272132645
51.4835731058711 0.0104418146978951
51.4831893781553 0.00922138354368107
51.48313535017 0.00880670145892711
51.4831573159653 0.00852681793342549
51.4831613601247 0.00852165178601305
