51.4928039751523 -0.10179792677684
51.4923153141773 -0.101472472975439
51.4921744504546 -0.101467516696115
51.4921257044634 -0.101521802273563
51.4919461904558 -0.101956012182078
51.4918636807375 -0.102562687342716
51.4915055285558 -0.102685521615987
51.4914029962653 -0.103132797351385
51.4910006780846 -0.103087379120521
51.4909230217578 -0.103166259291224
51.4909058613212 -0.103261394115657
51.4909036425916 -0.10326873120263
51.4907529311491 -0.103605404705911
51.4904040080942 -0.10384316953156
51.4904027503372 -0.103843221716014
51.4902859231086 -0.103540101095332
51.4902766938854 -0.103169568837079
51.4899849752912 -0.102686532054665
51.4896247414413 -0.103325371029611
51.489439722202 -0.103291718521614
51.4891634719032 -0.104237633809226
51.4891380761255 -0.10427384192585
51.4888883450428 -0.104107715206415
51.488704112416 -0.104211675753502
51.4886167325019 -0.104768030455925
51.4883143629241 -0.105183059144636
51.4881390070384 -0.105686284480532
51.4878603781513 -0.105678949290949
51.4876612871437 -0.105453120781647
51.487176957613 -0.106152033002698
51.4871356653361 -0.106506581901425
51.4864095661429 -0.106953504629288
51.4864248954222 -0.107140152404659
51.4864026457956 -0.107198671801861
51.4854425103542 -0.107655264991717
51.485829159104 -0.106245641300023
51.4857514972917 -0.106118344843713
51.4852531827563 -0.106296580305027
51.4850826892866 -0.106438668410495
51.4847053720436 -0.105581097908191
51.4846815422556 -0.105597404803924
51.4843658079408 -0.106805030926582
51.4841948909095 -0.106442075205038
51.4841663152536 -0.106064318234712
51.4837420221313 -0.105276284763394
51.4835429219073 -0.106469081815707
51.4833401706792 -0.106834920120353
51.4829255405903 -0.105982487163786
51.4825182278785 -0.106106474093776
51.4820631925746 -0.105964185056867
51.4813416077641 -0.106278595069971
51.4816989833223 -0.108034302011128
51.481787696171 -0.108272755201536
51.4820450055245 -0.109806773773104
51.4819265624428 -0.109876506935632
51.4811117275818 -0.111004668011671
51.4811923367872 -0.112834049763263
51.4811938181587 -0.112836719750939
51.4812020977838 -0.113027201427892
51.4815035859927 -0.113393675561429
51.4814368346068 -0.114011176971573
51.4815338401586 -0.114128770981041
51.4818705270048 -0.1140679769345
51.4820056852084 -0.114288377120841
51.4824474994474 -0.114414194310335
51.4825381877122 -0.115184575785282
51.482023960035 -0.115771963976906
51.4823582733106 -0.116324375619803
51.4825627665786 -0.116339342940499
51.4829027261574 -0.115984167461009
51.483156602968 -0.115709960175381
51.4834318761066 -0.115799432989627
51.483861264014 -0.115476541603193
51.4839796358109 -0.115670690539314
51.4841173777333 -0.11602412069527
51.4835131415115 -0.117736001332005
51.4835346229782 -0.117769317146508
51.4835825001382 -0.118607154693399
51.4841247222217 -0.118951190241141
51.4841259206092 -0.118953040970103
51.4842053862396 -0.118969483935946
51.4845479048115 -0.118806947082267
51.4850002824334 -0.119479602255273
51.4849546029532 -0.119647144440723
51.4851526519751 -0.120454608936492
51.4855974198837 -0.120854937010456
51.4858327434085 -0.120914498064258
51.4859992791303 -0.121388382174533
51.4862267941778 -0.121532941869101
51.4867463067293 -0.123766713910636
51.486888376396 -0.123897693409564
51.4869102293129 -0.123909384981733
51.4879990284927 -0.122192039915583
51.4881118132919 -0.122369232278739
51.4882574961803 -0.122591035555074
51.4889555969367 -0.122997158792591
51.4891533095879 -0.122796401075171
51.4892578065194 -0.122467165419203
51.4897652443432 -0.122323870248382
51.4900714754368 -0.122511175463443
51.4902620844316 -0.121384188857221
51.4902726613905 -0.121376627967379
51.4905257743608 -0.121530956416186
51.4914302612777 -0.121587370436965
51.4914046547579 -0.121206691192421
51.4910813708519 -0.120039638305675
51.4911148611628 -0.119975312102964
51.491458414422 -0.11970902658387
51.4918234561903 -0.119661582144192
51.4920095588287 -0.119337038009491
51.4924342402955 -0.119213376632688
51.49268007926 -0.119883838820887
51.4933701634754 -0.119307173519822
51.4936181427057 -0.119685013203528
51.493661337667 -0.119861520756541
51.4943229669336 -0.120106183587814
51.4944229684318 -0.120136278014147
51.4942641772223 -0.118929126589502
51.494243130008 -0.118894834432248
51.4943308619795 -0.118160136859111
51.4944028990788 -0.118083408191902
51.4944322098577 -0.11801639722453
51.4937268980651 -0.117190127550313
51.494271610001 -0.116843535509593
51.4946084321937 -0.117631062828429
51.4949886075783 -0.117663982974628
51.4950040887105 -0.117665126956005
51.4949052839799 -0.116920047167231
51.4948878761856 -0.116832510507448
51.4950752706909 -0.11640976612126
51.4951970975137 -0.116371366585274
51.4952168810788 -0.116287760318124
51.4953160494111 -0.115790252522494
51.4958239718164 -0.115672024285184
51.4959816291393 -0.115295511884944
51.4955979912086 -0.114471186844314
51.4955999763017 -0.114432500596154
51.4958889515314 -0.113847802506779
51.4958821238072 -0.113741892072078
51.4957366981704 -0.113486810540659
51.4957267670633 -0.112869549416397
51.4955840896468 -0.112455783265544
51.4958762143773 -0.112318636905819
51.4964437748875 -0.112521117790646
51.4964538645584 -0.112416289143533
51.4965291096547 -0.111712586630483
51.4963875232897 -0.111244012000852
51.4961590164157 -0.110882376270289
51.4960980407669 -0.110724657770888
51.4959662683872 -0.109978324980769
51.4959260733286 -0.109960982250323
51.4957226892977 -0.109858689331237
51.495421503854 -0.108853660005605
51.4954076440239 -0.107637785548355
51.4955858480284 -0.107349484362987
51.4961469394299 -0.106855382838509
51.4961386294936 -0.106340679347345
51.4959684648745 -0.105846227033008
51.4957547367432 -0.1056380702515
51.4956962621127 -0.104027897045129
51.4954669995607 -0.104049050662206
51.495285469785 -0.10381973174025
51.4952398547752 -0.103773042912131
51.4951160701502 -0.103651202421564
51.4954275176912 -0.102958485794322
51.4949850465423 -0.102676101766547
51.4949515392458 -0.101888786808634
51.4942292838498 -0.102127721039281
51.4940864682188 -0.102263240317094
51.4940100958228 -0.102449212357087
51.4929124942011 -0.102298453594422
51.4928039751523 -0.10179792677684
