184 4
51.4548092211134 0.00436297511119612
51.4550255475954 0.00429329224015503
51.4554275350569 0.00473280820365423
51.4562673439206 0.00462030144658247
51.4563918415108 0.00468960715958205
51.4566285199191 0.00518040645954091
51.4573576022605 0.00517639740440263
51.4576414424452 0.00583211413441319
51.4578208459708 0.00599735734664713
51.4579529544899 0.0059528264696973
51.4582144309553 0.00570341596337269
51.4585251680158 0.0057538317040943
51.4586104835982 0.00646839642693955
51.458488411728 0.006761661937037
51.4585346258092 0.00757527861805743
51.4577226686011 0.00802460189637728
51.4576951391196 0.00807822659306534
51.4579676630308 0.00884776496520454
51.4579662207869 0.00923094103546725
51.4579544478848 0.00930412845494419
51.4574636136023 0.00994744847249797
51.4567894484722 0.00974241827193692
51.4568359278525 0.0110058313002055
51.4568308323587 0.0110146273090434
51.456814719107 0.0111101716147177
51.456498815253 0.0119949535135887
51.4565648584167 0.012290292896843
51.4566426156381 0.0123693139631445
51.4570541300247 0.0132051489773529
51.4570574191395 0.0133015467676846
51.4559410139485 0.0135268147603525
51.4558990122172 0.0136743863320218
51.4559030366163 0.0136808535594066
51.457409887921 0.0145910251685556
51.4575365065576 0.0149393647159096
51.4575896051708 0.0150406871490089
51.4576735716294 0.0158513317079436
51.4577107031818 0.0160446458710352
51.4585553218914 0.0166829020371169
51.458780489037 0.016941124632812
51.4588925743696 0.0173499654955046
51.4588389514947 0.0176814735043235
51.4597533005709 0.0212693698522788
51.4595094297235 0.0215959148969728
51.4586395286338 0.0218310536590901
51.4581885134871 0.0241376352537156
51.4581579161243 0.024904664196311
51.45715122514 0.0256365470210023
51.4566159097974 0.0249102411655089
51.4557418270772 0.0246843981756044
51.4556174947479 0.0247311160685581
51.4543215007166 0.0264720898404796
51.4542777700408 0.0267031169305277
51.4532520291489 0.0262690264598398
51.4528592230476 0.0262443938147223
51.452736230024 0.0266348422860919
51.4526187320241 0.0279861911086423
51.4523385292655 0.0282966810254365
51.4524424017334 0.0296191453697753
51.4505343633466 0.0300733936230125
51.4504460656576 0.0299444011976233
51.4489379683198 0.0307015101690302
51.4488760643176 0.0308030686361485
51.4481378351592 0.032496481836718
51.4478602270912 0.0325633004914697
51.447185720315 0.0325252775281805
51.4467553586073 0.0320896767291026
51.4447556787136 0.0323687243699608
51.444201587674 0.0328055579851777
51.4433781563461 0.0328220270716226
51.4431361369812 0.0321636953479174
51.4414686066301 0.0304789567560163
51.4403383583761 0.0306914991964639
51.4398167243541 0.031123345789297
51.4375364330387 0.031435032733325
51.4373863461506 0.0314840128015405
51.4373693013395 0.0314922726884667
51.4373687459029 0.0314931971130388
51.4367358733738 0.0328131327750376
51.435581171898 0.0325639953706266
51.4349534610309 0.0319373005761545
51.433224437516 0.0321977043278542
51.4327226276026 0.0326420924918593
51.4322332372648 0.0326968801556333
51.4319027033251 0.0323162675073759
51.4316227315184 0.0313992561770862
51.4311877348367 0.0325947236989473
51.4311200480502 0.0326563660143292
51.4308496391842 0.0320591089137496
51.4307634405381 0.032104747235873
51.4302198891348 0.0328772480211211
51.4298366958425 0.0327648730512019
51.4295944031281 0.0334959277465404
51.429606330202 0.0336790035745476
51.4290947110204 0.0343566906331553
51.4285348293642 0.0339353057587029
51.4279631514919 0.034851320588649
51.4277690360046 0.0348884794558653
51.4277142412442 0.0350101096723226
51.4276777473934 0.0350615062426566
51.4266136048952 0.0348938405648701
51.4263896527774 0.0340602964347978
51.4255875177854 0.0338700173157729
51.4245964085049 0.0340526561845014
51.4248493908804 0.0329751308058275
51.4251219301408 0.0305040588229249
51.4254477978283 0.0303656252957368
51.4264669091873 0.0301905496559056
51.4275783490232 0.0272575295704984
51.4281278416413 0.0273349884417844
51.4288867699777 0.0259848598450186
51.4289875845372 0.0251818102273375
51.4285176805632 0.0235517237895748
51.4283013389363 0.0233038779452198
51.4278095284735 0.0234574556059578
51.4275030099268 0.0224441678896629
51.4273502394587 0.0224248497584284
51.4266522241652 0.0218159449221705
51.4266037062381 0.0216995861198295
51.4266383874639 0.0210231669502457
51.4266678862621 0.0209912589453329
51.4271279915843 0.0200899847715881
51.4283105678725 0.0204811303955697
51.4283920789912 0.0204046643552701
51.4289438765384 0.0208596850103369
51.4292417842439 0.0204754784379946
51.4297104623724 0.0186483923595922
51.4297376942371 0.0186019099663457
51.4300993934599 0.0188616052790767
51.4301283466088 0.0189761585976622
51.4300624226247 0.0206365836137526
51.430108562572 0.0207762123303386
51.4308903464783 0.0211937216854467
51.4313277927431 0.0207724817560534
51.4313326139471 0.0207222819237904
51.4314881343893 0.0203317732189153
51.4320719121858 0.019797286859684
51.4327071183414 0.0198415546455981
51.4337384155485 0.0187180042170267
51.43374720081 0.0186411672617411
51.4345166535829 0.0180158829355023
51.4349304645058 0.0178075422654265
51.4355303662048 0.0165965630261222
51.4356764936973 0.0161084343485118
51.4359716825987 0.0138940396693228
51.436781567977 0.0143046566919074
51.437415062094 0.0143649134346911
51.4375594884824 0.0141949776368204
51.4385190280649 0.0120689932469046
51.4391891258758 0.0121127977051459
51.4400416528112 0.0119146466723722
51.4402568728258 0.0120563892671688
51.4405787296173 0.0119040805549947
51.4412018956178 0.011780434138034
51.4416206483486 0.0111000211969197
51.4416952706949 0.0107696710027923
51.4428200099952 0.00941334030968226
51.4432484083639 0.00907679299801473
51.4438418075794 0.00762066064699608
51.4438482707938 0.00737450795057879
51.4442239744384 0.0068387818596801
51.4442921366791 0.00597644709448097
51.4450673612689 0.00488345239117976
51.4452856483521 0.00481482062289349
51.4455386902626 0.00402807155261197
51.4462448083594 0.00513567407273001
51.4470420378634 0.00390143037421707
51.4476431627975 0.00424611344886246
51.448708398981 0.00268452758435252
51.4498613475893 0.0031658543492379
51.449815559871 0.00416681079115941
51.4498379045755 0.00456353888774156
51.4499691370346 0.00521150676279344
51.4503542788339 0.00604160619224124
51.4512035880566 0.00601499149186536
51.4514833083762 0.00468331719119638
51.4516360550861 0.00456220059044181
51.4522579527856 0.00448062022781922
51.452283361416 0.00451413061733517
51.4528159243337 0.00465174136702952
51.4531379445931 0.00383192537609165
51.4536933411093 0.00397492198091787
51.4538487567575 0.00269801067913484
51.4548092211134 0.00436297511119612
7 4
51.4495181876292 0.0522644170264613
51.4498069151043 0.0522512580785145
51.449887695738 0.0522998551640187
51.449735989961 0.0528669210716582
51.4493936189733 0.0531043203557306
51.4494540449342 0.0523695261048614
51.4495181876292 0.0522644170264613
