275 4
51.4462448083594 0.00513567407273001
51.4455386902626 0.00402807155261197
51.445456998303 0.00365298872007075
51.4456384141718 0.00322202653509419
51.445883321035 0.00308442578846756
51.4462502518474 0.0029978459586703
51.4458770116743 0.00129055722392764
51.4463089790484 0.00113323960497946
51.4465159941638 0.000471285785043031
51.4465334651034 0.000221920615615728
51.4468364228745 -0.000372841853370722
51.4467758654798 -0.00058052766545442
51.4466788341368 -0.00173882676960085
51.4460625952506 -0.00238985858126291
51.446059010249 -0.00241161036421104
51.445361567403 -0.00305097897500713
51.4457831855603 -0.00450675317650328
51.445807490258 -0.00496809188641909
51.4462221689157 -0.00503450065784864
51.4467622013262 -0.00573145075377507
51.4467590619616 -0.00642953027713284
51.4471775298844 -0.0078558515760676
51.4479217670485 -0.00628182239509639
51.4480516194808 -0.0062679783650298
51.4484472697199 -0.00595041037639738
51.4484820207407 -0.00595328681631414
51.4490566856377 -0.00666764044839077
51.4491196604373 -0.00748984626533928
51.4490141302892 -0.00806200671795274
51.4490096606225 -0.00812699135455171
51.4498541786104 -0.00851743096368269
51.4498331931769 -0.009499706279601
51.4501469578731 -0.0101885629978142
51.4502342183526 -0.0108487071611556
51.4503850281108 -0.0109625990400911
51.4504125470413 -0.011636142329997
51.4495922689227 -0.0127061798753517
51.4495920020509 -0.0127116500365104
51.4496510199614 -0.0131596574998901
51.4503013200399 -0.0135811716093679
51.450433242896 -0.0137796711074277
51.4498258802171 -0.0150330286176882
51.4498000648372 -0.0154676319927025
51.4501678310131 -0.0155885065914708
51.4505778882304 -0.0164818524240195
51.4505982843703 -0.0165449300354216
51.4505887839024 -0.016690115712623
51.451163134206 -0.0173632336713529
51.4511589287563 -0.0179598443258936
51.450983043101 -0.018260690897373
51.4507491024658 -0.0183554311504209
51.4506979670883 -0.0183458972716051
51.4503285273647 -0.0177377085976521
51.4497704321983 -0.01810541649609
51.4497220402547 -0.0187155509098004
51.4498472600152 -0.0189647854774471
51.4499649694946 -0.019062217279099
51.4499941715025 -0.019146392508116
51.4505420163374 -0.0201832070130064
51.4503326779882 -0.0214263938024884
51.4510159530774 -0.023207610876798
51.4512900082282 -0.0232363577254288
51.4514293808655 -0.0230512656614627
51.4534141065174 -0.0231400924887049
51.4535338962384 -0.0242143824467889
51.4539986696678 -0.0249922912907988
51.454395744403 -0.0252098960192032
51.4546347896338 -0.0241533185553698
51.4546459827134 -0.0234520442059556
51.4557645957262 -0.0231356246400623
51.4558976912206 -0.0232127135848608
51.4561814252972 -0.0230637343143231
51.4563314667222 -0.0227809599798304
51.4563848544366 -0.0227534923510568
51.4564194574745 -0.0227582871953669
51.4571022960851 -0.0221475835924
51.4571436966591 -0.0221503039364668
51.4578133680541 -0.0215905920817954
51.4574616028272 -0.0226521286735976
51.457544164574 -0.0231657902637366
51.4576066533823 -0.0231928803655281
51.4581073921565 -0.0237947058425723
51.45828318995 -0.023733109953584
51.4593470724161 -0.0241271373452765
51.4597676722309 -0.0238308796582799
51.4603016143575 -0.0241892925779548
51.4611666478265 -0.0255501535795067
51.4622083127408 -0.0248870196006763
51.4622685956648 -0.0248205576755759
51.4622894083784 -0.0247432179197146
51.462605481855 -0.0244325871528168
51.4640930571437 -0.0238978066223221
51.4644688820208 -0.0240120254089486
51.4646318013941 -0.0243064943936861
51.4648490681964 -0.0243690447812825
51.4651281036418 -0.0243092735311924
51.4651905283445 -0.0242472247616309
51.4653580464055 -0.0236730520391903
51.4665460098413 -0.0231348984202389
51.4666336925047 -0.0232859048495423
51.4672806358817 -0.0226469426868882
51.4676602210493 -0.0227655069178107
51.4679806695735 -0.0220803360836128
51.468075565192 -0.0214652191448079
51.4681379917513 -0.0213500977251759
51.4681410297257 -0.0212158210061472
51.467985605407 -0.0208545374740157
51.4678093926311 -0.019714813114436
51.4675715762649 -0.0190799145462218
51.4674741969212 -0.0189725438415722
51.4674053879148 -0.0188162143186028
51.4674017612397 -0.0187399216806646
51.4672196548782 -0.0179334575060132
51.4669452752337 -0.0175133635890073
51.4670294721671 -0.0166179659069907
51.4668794167425 -0.0161763447304339
51.46642576199 -0.0157506276164394
51.4661922098641 -0.0157831952815331
51.4655322583585 -0.015353856513658
51.4657453218509 -0.0149819633376899
51.4663808050067 -0.0129900010759042
51.4665114386785 -0.0129267523624452
51.4667560324243 -0.0132221584122406
51.46677997504 -0.0132769117355743
51.466837309923 -0.0142732420075998
51.466841946905 -0.0143612417641266
51.4668492169481 -0.0143923841397161
51.4673005717962 -0.0149846237139633
51.4673213017729 -0.0150620730345163
51.4678677929849 -0.015607936046921
51.4678828477575 -0.015631618831456
51.4679272528007 -0.0160562250812434
51.467974167872 -0.0161298097398124
51.4687667863939 -0.0162070196460616
51.4690624670098 -0.016483028044715
51.4690462248773 -0.0166654852441343
51.4691469694223 -0.0172587292856091
51.4694264868833 -0.0180411776453991
51.4694332639032 -0.0189155837862183
51.4694681778725 -0.0190292260438148
51.4696601703657 -0.0191973227316391
51.469801198944 -0.0194458624595082
51.4704457690047 -0.0202270155090008
51.4705740376566 -0.0202790413936622
51.4706114412886 -0.0203485349367428
51.4707345693706 -0.0207670331870022
51.4707666980073 -0.02094479037405
51.4707865509824 -0.0210078023354404
51.4714613930218 -0.021686889856323
51.4715739011634 -0.0216360774930065
51.4720669457315 -0.0216642548579029
51.4723958678131 -0.02214225348586
51.4725311528307 -0.0220986479380984
51.4732943323322 -0.0228026887523571
51.4733429010684 -0.0227880037422719
51.4737597707497 -0.0229904550020008
51.4738631870591 -0.0229122540103851
51.4741430085392 -0.0215347807262065
51.4737335437507 -0.0213078003430414
51.4736290106852 -0.0209522249669701
51.4736063257664 -0.0209451333320116
51.4732505235281 -0.0210532570968323
51.473359741205 -0.0203069665813606
51.4733348462558 -0.0202648280421004
51.4731819293772 -0.0193868227387673
51.4731348666561 -0.0193150138119362
51.4728335069396 -0.0201713696378412
51.4722947369543 -0.0200281264927796
51.4722806188939 -0.0199640335073768
51.4722928725045 -0.0198006143601011
51.4720774091232 -0.0191637356840199
51.4720255439863 -0.0191056711143311
51.4719350609845 -0.0186136865429119
51.4722992992809 -0.018180354121394
51.4727594218785 -0.0185797486293453
51.4729108908203 -0.0173663449076931
51.4727834326131 -0.0172081496170769
51.4725810842853 -0.0165608532072303
51.4726032720399 -0.0162781580357126
51.4728633376124 -0.0159051211929963
51.4725989640186 -0.0149878115972101
51.4725597636424 -0.0149292013154909
51.4720992736615 -0.0151831938462169
51.4720120157041 -0.0150897471535404
51.4717411234289 -0.0152319808001879
51.4709454693296 -0.0147949568227984
51.4709669674305 -0.0147319329806961
51.4711053207946 -0.014121164831209
51.4710653308068 -0.0136126412875116
51.4712033022221 -0.0129955927307657
51.471176955459 -0.0125603203173549
51.471165666483 -0.0125148660400253
51.4712375923448 -0.0121121257883248
51.4712348315353 -0.0118485668325303
51.4709487649032 -0.0110375608908769
51.4715916571154 -0.0102114329694768
51.4715686059833 -0.00991266358989519
51.470659658402 -0.00931695067573691
51.4706501669056 -0.00932448699727948
51.4703941664117 -0.00933206888867317
51.470295289036 -0.00929054757280054
51.4699903633274 -0.00846591157017693
51.4692301432217 -0.00812114421195693
51.4690926718264 -0.00709941287430714
51.4684773860954 -0.00625866374050042
51.4684376961362 -0.00609751880549559
51.4683619911636 -0.00604419294902926
51.4682412426727 -0.00598012879038677
51.4676155595274 -0.00436515188552576
51.4670667444411 -0.00415060938291095
51.4669745081368 -0.00381809173797539
51.4661382871727 -0.0037097635483156
51.4658986651469 -0.00504926642841968
51.4651115412779 -0.00523209642934811
51.4648004209156 -0.00448892485775796
51.4647622712195 -0.0041279480194498
51.4648854611927 -0.00292045252590084
51.4646619553443 -0.00235520909899154
51.4645262847898 -0.00154231693640872
51.4640607254298 -0.00136015074531341
51.4636463395138 -0.000198602892426965
51.4640596911777 0.00118798818933475
51.4637959951549 0.00157327168483143
51.4634133938492 0.00176164521855732
51.4629039838677 0.00160000033887468
51.4628011900912 0.0030549086154489
51.4629586182406 0.00352781666101009
51.4631628460515 0.00369783765520249
51.4632095552131 0.00394737364442779
51.4635106820115 0.00449685681526387
51.4633849741852 0.00519227595408253
51.4625713986607 0.00483802613202622
51.4624856126758 0.00488649371881006
51.4624382902893 0.00510401147511753
51.4624415413319 0.00533442861938437
51.4613773020462 0.00578534829463794
51.4613442848905 0.0063120953264788
51.4611274370584 0.00663279425583669
51.4603898943078 0.00612258579530211
51.4600100715061 0.00633726091616198
51.4599238883936 0.00656647324335354
51.459288312904 0.00633884180522922
51.4591203893022 0.00673727764839349
51.4590298296786 0.00674944722961666
51.4586104835982 0.00646839642693955
51.4585251680158 0.0057538317040943
51.4582144309553 0.00570341596337269
51.4579529544899 0.0059528264696973
51.4578208459708 0.00599735734664713
51.4576414424452 0.00583211413441319
51.4573576022605 0.00517639740440263
51.4566285199191 0.00518040645954091
51.4563918415108 0.00468960715958205
51.4562673439206 0.00462030144658247
51.4554275350569 0.00473280820365423
51.4550255475954 0.00429329224015503
51.4548092211134 0.00436297511119612
51.4538487567575 0.00269801067913484
51.4536933411093 0.00397492198091787
51.4531379445931 0.00383192537609165
51.4528159243337 0.00465174136702952
51.452283361416 0.00451413061733517
51.4522579527856 0.00448062022781922
51.4516360550861 0.00456220059044181
51.4514833083762 0.00468331719119638
51.4512035880566 0.00601499149186536
51.4503542788339 0.00604160619224124
51.4499691370346 0.00521150676279344
51.4498379045755 0.00456353888774156
51.449815559871 0.00416681079115941
51.4498613475893 0.0031658543492379
51.448708398981 0.00268452758435252
51.4476431627975 0.00424611344886246
51.4470420378634 0.00390143037421707
51.4462448083594 0.00513567407273001
15 4
51.4568638085702 -0.0266139764840796
51.4569296305308 -0.0265400462205144
51.4573861849834 -0.0253408661806693
51.4569775963481 -0.0248933789075916
51.456979976837 -0.024815894435595
51.4562895469467 -0.0235951486517937
51.4561762996008 -0.0247596775787145
51.4563993616618 -0.0254490856922024
51.4563239112293 -0.0256719032006567
51.4562667300131 -0.0260774137183977
51.4562409232046 -0.0261091469035398
51.4562191750313 -0.0261523357653282
51.4568639636671 -0.0304455397936498
51.4574326107762 -0.0293126651166427
51.4568638085702 -0.0266139764840796
