51.4707074715233 -0.0386596609190094
51.4710411115664 -0.0403435211327269
51.4711155711349 -0.0405761085108164
51.4702806269491 -0.0416180158037705
51.4701136263658 -0.0414479219119154
51.4699509716228 -0.041096718360624
51.4699306664211 -0.0410651783545781
51.4688049549964 -0.0420141971585091
51.4687715356887 -0.0420156278715992
51.4683675655931 -0.0422767583070323
51.4683086410819 -0.0424574683740321
51.4672438270614 -0.042332099226588
51.4669356524 -0.0429409721371801
51.4662558365584 -0.0428665465711654
51.4658271455185 -0.0435372991214903
51.4654120391309 -0.043594583129738
51.465649533495 -0.0456198735654514
51.4658761354893 -0.0458278989124171
51.4659038814342 -0.0458744335109592
51.4659577728115 -0.0461465807748512
51.4658207228517 -0.047525628485194
51.465862960695 -0.047589470116711
51.4662697592893 -0.0478537985039232
51.4663942682947 -0.048879698133172
51.4661818863666 -0.0494070329321351
51.4667094573764 -0.0501385704558435
51.4667995650604 -0.0500699142028115
51.4671899260127 -0.050632813113319
51.467663748257 -0.0503435008636452
51.4678294943679 -0.049768639043492
51.4678480759397 -0.0497615550224241
51.4684233327133 -0.0511660917540131
51.4687972426147 -0.0509126127593152
51.4693479453859 -0.0508891434948178
51.4693872185131 -0.0508666945686435
51.4696963119443 -0.0511108982085873
51.4697675636925 -0.0512491344422384
51.4702907799175 -0.051102660891514
51.4707120550445 -0.0511621129830697
51.4708017238879 -0.0512779606841202
51.4714486537698 -0.0508833090199696
51.4714581594521 -0.050898100140001
51.4715911611973 -0.0515278270011233
51.4719491138029 -0.0516610968246495
51.4723058902752 -0.0519833070226074
51.4723085563592 -0.0519976776563328
51.4727687759109 -0.0528051056103179
51.4727790864613 -0.0529441675042026
51.4728806963232 -0.0531837011866323
51.4729909517572 -0.0532996316225084
51.473148447939 -0.0533585819169806
51.4736914619925 -0.0543884515339436
51.4738232058126 -0.0544504017155253
51.474197101563 -0.0540277319484146
51.4742715761974 -0.0537212123935279
51.4746026450514 -0.0533345495682155
51.4746547645113 -0.0533331618317079
51.4748301804886 -0.0534967831712642
51.4753602912795 -0.0532401979885258
51.4757324305843 -0.0537787128923118
51.4761567903555 -0.0531738718754031
51.4762395762501 -0.0531622731505969
51.4765487614829 -0.0525244489054375
51.4768379431062 -0.0526255234149426
51.4769085723743 -0.0525802455983631
51.4773454628078 -0.0526272982924416
51.477445219539 -0.0528364186263634
51.4774248790238 -0.0533223225020658
51.4776188768088 -0.0534788692899239
51.4776980110496 -0.0534151818752969
51.4784011495061 -0.0534220540997856
51.4784600318323 -0.0532540250274153
51.4788313199412 -0.0530914529502299
51.4789320102184 -0.0531294366536888
51.4793407280604 -0.0530661977961943
51.4794081935189 -0.0531010845267668
51.4800350286207 -0.0528169555970824
51.4801437002521 -0.0528375006508086
51.480427887825 -0.0519288787978179
51.4807640850276 -0.0515969099136562
51.4809683443913 -0.0509859272387587
51.4809654870428 -0.0508897464589661
51.4813236048399 -0.0503677867777381
51.4814542930126 -0.0499984918639678
51.4819016136065 -0.0495320873383472
51.4820224178087 -0.0492443121412635
51.4820652259724 -0.048985870125937
51.4821552583374 -0.0487992735163993
51.4827497257113 -0.0488829120874631
51.48296545184 -0.0492103626982428
51.4836502610788 -0.0493961985051851
51.4836842181456 -0.049486545230783
51.4847804381704 -0.0496252637130791
51.4853520702168 -0.0505847734084161
51.4861154324338 -0.0493639146518485
51.4859936159461 -0.0474840579780524
51.4861675097187 -0.0473506262219093
51.487469630903 -0.0459527428907614
51.4875680241411 -0.0455776401765625
51.4873581180754 -0.0449527822028352
51.4862563924957 -0.0445812805450006
51.485510832366 -0.0449309709843363
51.485173595566 -0.0443044663988488
51.4849825037841 -0.0440695487905797
51.4840446041414 -0.0435866903628498
51.4838279494585 -0.0436140135967419
51.4837148937829 -0.0437133794583867
51.4834689483534 -0.0436986108479932
51.4827857482841 -0.0416709740142677
51.4830654756069 -0.0402853962591554
51.482889480272 -0.0399967771161958
51.4827936432783 -0.0396201724319422
51.4827642576219 -0.0389273367961091
51.4824709406111 -0.0387463581646594
51.481860091521 -0.0376464778175358
51.4817739788483 -0.0371101092910276
51.4819129861537 -0.0366334227271139
51.4819080210773 -0.0362510293479497
51.4821505443199 -0.0359057394628239
51.4822340675864 -0.0355196602082043
51.4822515416986 -0.0352587300297277
51.4819957612781 -0.0346035446122918
51.4814870445607 -0.0343319917253759
51.4816170468221 -0.0335280625976988
51.4812541952553 -0.0329378262688139
51.4813767877402 -0.0322232762533105
51.4812292686332 -0.0317363532574282
51.4806911186862 -0.0315380634436674
51.4804783096885 -0.0315265651124287
51.480326585968 -0.0318121468280526
51.4803260608935 -0.0318130006425863
51.4800985651954 -0.0321369901624144
51.4799101069748 -0.0322854565221498
51.4793082442946 -0.0312961211457456
51.4792896829636 -0.0313311179686043
51.4786844335369 -0.0315110670652964
51.4786714662995 -0.032597144944545
51.4786610766646 -0.0326101784535947
51.4780366974589 -0.031527200494667
51.4778254891589 -0.0322698550973485
51.4771322483682 -0.0320387089948917
51.4770163923515 -0.0321688429279978
51.4766807925801 -0.0314191104288101
51.475504506528 -0.0321034243878974
51.4754677761447 -0.0320896888342441
51.4754570887784 -0.0320153479698497
51.4763580853619 -0.0307093217452575
51.4763587088944 -0.0302647553615046
51.4763803406648 -0.0301396277985448
51.4763708393224 -0.0300877942314573
51.4754190618464 -0.0292054249904835
51.4754038152162 -0.028726288592234
51.4753164435898 -0.0285024477004435
51.4756225733075 -0.0276962373928374
51.4753100092247 -0.0263992836931818
51.475280205366 -0.0263537900536431
51.4751375314206 -0.0262789740118615
51.4750931860036 -0.0262241349489651
51.4750709366183 -0.0262215334559088
51.4750451557929 -0.0262334507954523
51.4749725544428 -0.0262410964555899
51.4744651852949 -0.0266436422726
51.4742877633965 -0.0266729076783209
51.4742340081597 -0.0269029485415805
51.4743276078747 -0.027694510180726
51.4736240877756 -0.02730183092286
51.4736944236527 -0.0280359723522239
51.4733845300302 -0.0283831941966105
51.4733607879989 -0.028500331984771
51.4731473645198 -0.0285859926768844
51.4725007544763 -0.0288883581126176
51.4725378493514 -0.0297795631933201
51.4725250361749 -0.0298035038511179
51.4716650404083 -0.029685741948948
51.4713727880196 -0.0300826331763861
51.4714059333257 -0.030450190220049
51.4713644487657 -0.0305923049502905
51.471372820259 -0.0316529529697565
51.4714652554411 -0.0317075038968602
51.4721986046427 -0.0315751435209412
51.4722797402626 -0.0318830620846656
51.4722257047238 -0.0325630590202394
51.4716663416596 -0.0328417820676829
51.4716768094701 -0.0332138802984161
51.4714315303549 -0.0333729491740428
51.4713074104092 -0.0337716084285292
51.4711478642397 -0.0336875284109553
51.4708516840461 -0.0341673055777116
51.470812213684 -0.034140272155488
51.4704950234476 -0.03447159775685
51.4705127847544 -0.0350485190657541
51.470310149703 -0.0353973526884514
51.4702841395624 -0.0353634482287658
51.4697463001257 -0.0350814511911584
51.4693884085235 -0.0355323953213714
51.4691358861551 -0.0356242056621919
51.468954386908 -0.0352117518163447
51.468286417922 -0.0357695502260027
51.468005517081 -0.035648537719925
51.4676863638567 -0.0358736696441809
51.4674296246626 -0.0354347818313603
51.4667200033293 -0.0360285343885036
51.4665774481881 -0.0360409470521545
51.4665531505943 -0.0356209320449038
51.4660672633194 -0.0351666151161381
51.4659586722462 -0.0352369246464583
51.466105896925 -0.0359217135157867
51.4664799631646 -0.0362268749754519
51.4663658405213 -0.0371641056905119
51.4666912213647 -0.0375900765214022
51.4674986923668 -0.0372504636668238
51.4675569613077 -0.0371921690413299
51.4680802269356 -0.0376457490008167
51.4685981047896 -0.0364940878418833
51.4690671414211 -0.0364739511195529
51.4691904479254 -0.0370085736132388
51.4692946293807 -0.0383882046355177
51.4704984473476 -0.0384283391279238
51.4706433859929 -0.0386228759898088
51.4707074715233 -0.0386596609190094
51.4735625714347 -0.0506500224423115
51.4736825871056 -0.0509256945857121
51.4737514897216 -0.051593326366904
51.4735604474867 -0.0521125828887807
51.473122792852 -0.0520899092185165
51.4732143881938 -0.050823244728721
51.4735302161915 -0.0505910888231119
51.4735625714347 -0.0506500224423115
