301 4
51.4582245957857 -0.0459162825685671
51.4579099276099 -0.0459801631446944
51.4575165510071 -0.0454535059762294
51.4573895369339 -0.0454976228921782
51.4573206020957 -0.0465721668467207
51.4569322666586 -0.0467686697520534
51.4565447265894 -0.0457128013508986
51.4563334118138 -0.0455967364065459
51.4562150629682 -0.0465113648626651
51.455648416549 -0.0471859217810462
51.4557901496376 -0.0478851891183651
51.4554979526159 -0.0481702614582264
51.4552309568593 -0.0481331107222593
51.4546668851278 -0.047623717342066
51.4544532070173 -0.0492826773549751
51.4544381277365 -0.0493273492112397
51.4526347213137 -0.0505548655931667
51.4531314762984 -0.051114846561455
51.4542396969902 -0.0526463960596433
51.4553524969179 -0.0533124172799867
51.4557440458603 -0.0540452232074163
51.4557718264078 -0.0542023608956627
51.4577376546056 -0.0541187605761003
51.4581039800486 -0.0555750066214744
51.457978713015 -0.0570369598308571
51.4574097261816 -0.0584150712708796
51.4574184272102 -0.0587124807389227
51.4573876640055 -0.0595585795703994
51.4568434618681 -0.0603661512736908
51.4567062681024 -0.060871263629768
51.4567013318228 -0.060964163717659
51.4568095379495 -0.0617503602583684
51.4569750595224 -0.0627356572085265
51.4577391187554 -0.0639160296444634
51.4587457617226 -0.0645707219330854
51.4593602554826 -0.0646482240643421
51.460249482754 -0.0640230848306682
51.4602825833983 -0.0640458972104901
51.4604340089703 -0.0642384171927054
51.4608787682148 -0.0645227405349675
51.4609194278578 -0.0645677854959993
51.4612262104517 -0.0647608596010622
51.4617715861366 -0.065062658285851
51.4620881985827 -0.065393841919209
51.4619817647289 -0.0664897521202471
51.4622935565935 -0.0673358198205191
51.4622621412539 -0.0677042757569187
51.4621132665136 -0.0680425574578856
51.4620913716596 -0.0680668652545786
51.4622643912032 -0.0689484776217193
51.4626126820959 -0.0691677283893897
51.4625696052111 -0.0698875472176859
51.4618407314375 -0.0701577077359497
51.4617885778338 -0.0702444189167413
51.4618291183056 -0.0711127466491798
51.4626992355647 -0.0706955135089666
51.4627784975328 -0.0715406235312794
51.4625584495815 -0.0724334828094074
51.4621170779108 -0.072709413478765
51.4619602198824 -0.0727105617332276
51.4619583937182 -0.0727143182365956
51.4619466160463 -0.0727525596633052
51.462121784531 -0.0747687127460918
51.4617615576681 -0.0753111166216524
51.4624000852369 -0.0764098547026055
51.4623937765457 -0.0766171272819351
51.4622344050689 -0.0772707234167356
51.4623017151002 -0.0776584062088693
51.4623951076621 -0.0777507448724444
51.4624584784201 -0.0778433957668196
51.4625736502519 -0.0781345875944344
51.4633026156121 -0.0787410208108804
51.4638044999011 -0.0784977345961155
51.4638950301767 -0.0785964892798612
51.4640976008539 -0.0785924913018577
51.4644373853234 -0.0788039905009234
51.4650759239943 -0.0784019491866705
51.4655564723345 -0.0792321643516508
51.4656215476611 -0.0792204101353577
51.4659986129606 -0.0784262198619036
51.466835676935 -0.0785413388166278
51.4669706408895 -0.078208151819751
51.4679602630234 -0.0781530374452108
51.467967978654 -0.0780807741948536
51.4679863760333 -0.0767959003539784
51.4680051127652 -0.076770776659916
51.4683274795591 -0.0765888873018013
51.4689349187053 -0.0750210115158017
51.4691374879241 -0.074951228936008
51.4692398698534 -0.0750981620650813
51.4694419285549 -0.0766077873699993
51.4691199923139 -0.0772215457983603
51.4691614633779 -0.0780566201769304
51.4697059802149 -0.0785440969942221
51.469925217174 -0.0783612040887839
51.4701573176205 -0.0779374856667831
51.4702189241538 -0.0775496593691969
51.4702952264467 -0.0774879243045532
51.4712844186064 -0.0780043241551897
51.4713176748712 -0.0779984151289514
51.4713961544975 -0.0778007718530544
51.4714375516955 -0.0777540368541689
51.4719611365048 -0.0778913532665329
51.4722062348365 -0.0780960576692759
51.472264717393 -0.0784554659050736
51.4723923687304 -0.0786579857395768
51.4725287479686 -0.0788061210019219
51.473121898716 -0.07824575313709
51.4733432712982 -0.0784235609937365
51.4733855507598 -0.0783867603804143
51.473510638963 -0.0782518554558157
51.4736698577962 -0.0776269573618071
51.4743736484858 -0.0779699384162618
51.4744732828331 -0.077889170829579
51.4745672350941 -0.0779059990656616
51.4748028503 -0.0768853545441012
51.4750933085492 -0.0768353825761542
51.4753739491488 -0.0774859769380093
51.4754964703478 -0.0773755112796474
51.4758541179028 -0.0773604730321066
51.4759836395901 -0.0778688995380106
51.4763232851676 -0.0779293047210352
51.4764228150578 -0.078034117973925
51.4763012595841 -0.0787466383342671
51.4765357492526 -0.0790337379786315
51.4767200063548 -0.0789764847461608
51.4770185421437 -0.0794634592320685
51.4770958232244 -0.0799993887098929
51.4774075151624 -0.0801645223835435
51.477637087999 -0.0805139416021495
51.4774337146127 -0.0810950237980117
51.4774387151737 -0.0811478888596052
51.4777589506844 -0.0821101085479549
51.4782085425568 -0.0819067306560913
51.4783893041551 -0.0821853066193027
51.4785184116004 -0.08241131263951
51.4786984341573 -0.082243464369675
51.4791580318366 -0.0823385329736121
51.479167692879 -0.082324591351611
51.4796724769526 -0.0824780871171193
51.4794891033991 -0.0830348372326816
51.479981369284 -0.0839736353725557
51.480316971209 -0.084034378582105
51.480447062493 -0.084931734380687
51.4806938554226 -0.0851859585329439
51.4808553145151 -0.0847399593677281
51.4809607950034 -0.0847526396178477
51.4809960987507 -0.0848060208136971
51.4811055856095 -0.0848438261642035
51.4812417850641 -0.0848713692383481
51.4813215732409 -0.0843018463263706
51.4813939249432 -0.0846804643856819
51.4812431617194 -0.0848730927530914
51.4814523739923 -0.0852262669343666
51.4815421698085 -0.0850712228938229
51.4821922273785 -0.0840853389547178
51.4822341718046 -0.0840224256805296
51.4823086770315 -0.0837734936806358
51.4822751325992 -0.083497741035011
51.4834167164817 -0.0805864282578921
51.4835103035691 -0.0805095851161351
51.4833078610216 -0.0793793811773519
51.4831803026292 -0.0785952851288759
51.4830823727549 -0.0780943551450753
51.4829423173382 -0.076022708261557
51.4830637045378 -0.0758213046109206
51.4843611163404 -0.0762303063347182
51.4848512556256 -0.07584688103104
51.4850950031935 -0.0747914502103497
51.4856615525311 -0.0753060334266622
51.4858704391846 -0.0757581368541469
51.4862211681634 -0.0753544366143676
51.486657116598 -0.0751037852057976
51.4866021297687 -0.073786323458921
51.4864323827184 -0.0737142645226795
51.4857593020436 -0.0723851119859637
51.4856297624503 -0.0724292897880335
51.4850656180482 -0.0716681038626324
51.4838098169529 -0.0718606142786532
51.4837718012461 -0.0705605719384508
51.4837376708763 -0.0704423101297078
51.4829584620526 -0.0700628996687086
51.4827436599491 -0.0690836134586926
51.4834678355165 -0.0674426316186644
51.4835680669312 -0.0674203438405218
51.4838460259639 -0.0670377275832779
51.4840467615618 -0.0665134937859982
51.4846783152373 -0.065837665504749
51.4846796547572 -0.0653847963099272
51.4848705569745 -0.0645647857222344
51.484867941471 -0.0640904685214121
51.4842625321187 -0.0632672559170414
51.4844081678189 -0.06170552328117
51.4843114592332 -0.0614405274587348
51.4843599726788 -0.0610198616153521
51.4840354383585 -0.0588902488900407
51.4838267416566 -0.0586164794326722
51.4836452830792 -0.0584620890966665
51.4841111627646 -0.0563845393038292
51.4841071458893 -0.0562235614942308
51.4844272423774 -0.0551855741391665
51.4847909031009 -0.0551646386894156
51.485031184173 -0.0549843566306598
51.4853263749295 -0.0543910749506409
51.485326722687 -0.0543199248367822
51.4844600766962 -0.0534747057230055
51.4844589133455 -0.0521756992594222
51.484617804116 -0.0517557799227894
51.4852149484382 -0.0512594583191983
51.4852764467619 -0.051070507144224
51.4853520702168 -0.0505847734084161
51.4847804381704 -0.0496252637130791
51.4836842181456 -0.049486545230783
51.4836502610788 -0.0493961985051851
51.48296545184 -0.0492103626982428
51.4827497257113 -0.0488829120874631
51.4821552583374 -0.0487992735163993
51.4820652259724 -0.048985870125937
51.4820224178087 -0.0492443121412635
51.4819016136065 -0.0495320873383472
51.4814542930126 -0.0499984918639678
51.4813236048399 -0.0503677867777381
51.4809654870428 -0.0508897464589661
51.4809683443913 -0.0509859272387587
51.4807640850276 -0.0515969099136562
51.480427887825 -0.0519288787978179
51.4801437002521 -0.0528375006508086
51.4800350286207 -0.0528169555970824
51.4794081935189 -0.0531010845267668
51.4793407280604 -0.0530661977961943
51.4789320102184 -0.0531294366536888
51.4788313199412 -0.0530914529502299
51.4784600318323 -0.0532540250274153
51.4784011495061 -0.0534220540997856
51.4776980110496 -0.0534151818752969
51.4776188768088 -0.0534788692899239
51.4774248790238 -0.0533223225020658
51.477445219539 -0.0528364186263634
51.4773454628078 -0.0526272982924416
51.4769085723743 -0.0525802455983631
51.4768379431062 -0.0526255234149426
51.4765487614829 -0.0525244489054375
51.4762395762501 -0.0531622731505969
51.4761567903555 -0.0531738718754031
51.4757324305843 -0.0537787128923118
51.4753602912795 -0.0532401979885258
51.4748301804886 -0.0534967831712642
51.4746547645113 -0.0533331618317079
51.4746026450514 -0.0533345495682155
51.4742715761974 -0.0537212123935279
51.474197101563 -0.0540277319484146
51.4738232058126 -0.0544504017155253
51.4736914619925 -0.0543884515339436
51.473148447939 -0.0533585819169806
51.4729909517572 -0.0532996316225084
51.4728806963232 -0.0531837011866323
51.4727790864613 -0.0529441675042026
51.4727687759109 -0.0528051056103179
51.4723085563592 -0.0519976776563328
51.4723058902752 -0.0519833070226074
51.4719491138029 -0.0516610968246495
51.4715911611973 -0.0515278270011233
51.4714581594521 -0.050898100140001
51.4714486537698 -0.0508833090199696
51.4708017238879 -0.0512779606841202
51.4707120550445 -0.0511621129830697
51.4702907799175 -0.051102660891514
51.4697675636925 -0.0512491344422384
51.4696963119443 -0.0511108982085873
51.4693872185131 -0.0508666945686435
51.4693479453859 -0.0508891434948178
51.4687972426147 -0.0509126127593152
51.4684233327133 -0.0511660917540131
51.4678480759397 -0.0497615550224241
51.4678294943679 -0.049768639043492
51.467663748257 -0.0503435008636452
51.4671899260127 -0.050632813113319
51.4667995650604 -0.0500699142028115
51.4667094573764 -0.0501385704558435
51.4665842888012 -0.0506181453954789
51.4656454969813 -0.0503288653566015
51.4658379254718 -0.049607001470534
51.4656330446888 -0.0491263140511694
51.4649608094712 -0.0488210704607916
51.4648064280351 -0.0485011022807168
51.4647732957206 -0.0476450019034737
51.4644245752559 -0.047127148524217
51.4640663484278 -0.0470155498587667
51.4638725986432 -0.0467611361678884
51.4629471395571 -0.0467439137995685
51.462437542351 -0.0458353220116759
51.4615025679185 -0.0461857669627887
51.461276199039 -0.0456411317998448
51.4606225103988 -0.0454297723455781
51.4603146383409 -0.045518413734289
51.459810392643 -0.0461608260953364
51.4594423995616 -0.0449997335115623
51.4593729850131 -0.0449667367603264
51.4584891055992 -0.0457395354856716
51.458442448604 -0.0457018868906849
51.4582245957857 -0.0459162825685671
12 4
51.4701153539366 -0.0808089919029472
51.4706721654438 -0.0805543622886756
51.4707430602275 -0.080398358690632
51.4702457074636 -0.0798973534768573
51.4702470529882 -0.0797379785113809
51.469678005624 -0.0788997574667889
51.4693306044903 -0.0798970712179031
51.4693729849505 -0.0800311018383916
51.4694377823288 -0.0806997154467317
51.4692586460195 -0.0814928861926195
51.4702355900073 -0.0815859361256444
51.4701153539366 -0.0808089919029472
8 4
51.4735604474867 -0.0521125828887807
51.4737514897216 -0.051593326366904
51.4736825871056 -0.0509256945857121
51.4735625714347 -0.0506500224423115
51.4735302161915 -0.0505910888231119
51.4732143881938 -0.050823244728721
51.473122792852 -0.0520899092185165
51.4735604474867 -0.0521125828887807
5 4
51.4901715957941 -0.0993936436136215
51.4905220289657 -0.0997932194737758
51.4906237273556 -0.0997889909469826
51.4906009317271 -0.099286592398417
51.4901715957941 -0.0993936436136215
