51.494737314392 -0.0325066258412425
51.494555302783 -0.0325624506505113
51.4943416280804 -0.032686868087318
51.4941888171221 -0.0326934472799376
51.4940445977111 -0.0326709118043118
51.493900529401 -0.0326627422627347
51.4937563079886 -0.0326400883082531
51.493674971742 -0.0326147269561076
51.4936013390245 -0.0325984175227605
51.4935665968572 -0.0325906486333073
51.4935145984457 -0.032577802591224
51.4931680901615 -0.0331065531383931
51.4930777352879 -0.0331491637217166
51.4925533629579 -0.0337614560726268
51.4925633307919 -0.0340932434289159
51.4928852945677 -0.034743947997709
51.4925695774936 -0.0352491395631663
51.4922098210143 -0.0353365850508023
51.4918536185058 -0.0361568309376381
51.4913825414833 -0.0359852569982265
51.4908529682727 -0.036685132506727
51.4908430997128 -0.0374543637387765
51.4913504283203 -0.0385193465259584
51.4917339131993 -0.038377698830523
51.4920792231025 -0.0388184952478238
51.4922764944814 -0.0388847384726151
51.4925357566818 -0.0395722510321755
51.4929078315305 -0.0398020375142046
51.4929229897377 -0.0400688725480347
51.4926062066578 -0.0404524465196475
51.4925658089905 -0.0404289983697349
51.4921221088454 -0.0404857953586112
51.4923137360444 -0.041489661413854
51.4922503282302 -0.041536444505196
51.4920828088315 -0.0419919978634172
51.492083559913 -0.0420369812345631
51.4919843049081 -0.0422951733592064
51.4920178973982 -0.0424549110570535
51.4920137344662 -0.0424748059282524
51.4918424083836 -0.0426217042718958
51.491878645238 -0.0429830067030804
51.4918941292622 -0.0430112056858452
51.491899163392 -0.0430919940027922
51.491806863908 -0.0432714942169112
51.4917929295607 -0.0433738799902515
51.4915006867989 -0.0440274106294358
51.4916670438985 -0.044304752565048
51.49134213077 -0.0451235791670228
51.4916393538757 -0.0455880958387528
51.4915209162827 -0.0462116122671501
51.491344106419 -0.0463641928545398
51.4910347193818 -0.0461352435641973
51.4907845226799 -0.0461296689976094
51.4906021277666 -0.0462653831622372
51.4903508217203 -0.0461554564900021
51.4901583427393 -0.0459665282610423
51.4898413840573 -0.0459845936480644
51.4896502669182 -0.0458558254065034
51.4893152252701 -0.046088920636358
51.4885322210168 -0.0459397349757985
51.4882347332766 -0.0455833340797409
51.4875680241411 -0.0455776401765625
51.487469630903 -0.0459527428907614
51.4861675097187 -0.0473506262219093
51.4859936159461 -0.0474840579780524
51.4861154324338 -0.0493639146518485
51.4853520702168 -0.0505847734084161
51.4852764467619 -0.051070507144224
51.4852149484382 -0.0512594583191983
51.484617804116 -0.0517557799227894
51.4844589133455 -0.0521756992594222
51.4844600766962 -0.0534747057230055
51.485326722687 -0.0543199248367822
51.4853263749295 -0.0543910749506409
51.485031184173 -0.0549843566306598
51.4847909031009 -0.0551646386894156
51.4844272423774 -0.0551855741391665
51.4841071458893 -0.0562235614942308
51.4841111627646 -0.0563845393038292
51.4836452830792 -0.0584620890966665
51.4838267416566 -0.0586164794326722
51.4840354383585 -0.0588902488900407
51.4843599726788 -0.0610198616153521
51.4843114592332 -0.0614405274587348
51.4844081678189 -0.06170552328117
51.4842625321187 -0.0632672559170414
51.484867941471 -0.0640904685214121
51.4848705569745 -0.0645647857222344
51.4846796547572 -0.0653847963099272
51.4846783152373 -0.065837665504749
51.4851443170342 -0.0662275368169196
51.4861495806623 -0.065540503287037
51.4866121657486 -0.0661483340381041
51.4871014870821 -0.0657063845851223
51.4871891988291 -0.0649797716389945
51.4873241827927 -0.06473724583908
51.4881688470544 -0.0651651349586766
51.4882682737104 -0.0654264827164513
51.4884946575863 -0.0656671377464644
51.4885936436203 -0.0656729245867852
51.4888605648234 -0.0653626940042556
51.4890095894562 -0.0643039984611698
51.4888332279897 -0.0638316544161421
51.489121823973 -0.063059560127891
51.4889850756191 -0.062699793450888
51.489248334318 -0.0621575087289116
51.4891940028022 -0.0613179939430878
51.4891942723149 -0.0613179825104625
51.489313098465 -0.0606098410464264
51.4894681242946 -0.0605033790216286
51.4896297786897 -0.0599715647055482
51.4905100923805 -0.0601350349964261
51.4900032929432 -0.0611116860919114
51.4900055017239 -0.0611854666016619
51.4900111592739 -0.0612068425184054
51.4900120822154 -0.0612463533929855
51.4901480891503 -0.0617132850611932
51.4899795956047 -0.0623920685693938
51.4898961805987 -0.0625288634267473
51.4898603660335 -0.0625213553523818
51.4893822654993 -0.0631466238747509
51.4895566545059 -0.0635048000464786
51.4899945084986 -0.0637031187197968
51.4900621475063 -0.0641081054958815
51.4902930824723 -0.0643846764219371
51.490730490328 -0.0635431881132089
51.4908045773163 -0.0635437306993101
51.491156501016 -0.0639825266153599
51.4913535178768 -0.0638491128627704
51.4915439500745 -0.0640138591070223
51.4919050034513 -0.0639220729414684
51.4919663708872 -0.0644046643480208
51.4922070812919 -0.064358480012511
51.492205896626 -0.0652291473122169
51.492208486496 -0.0652335510920675
51.4921588680935 -0.0655391203786766
51.4921968063858 -0.0660678423728939
51.4919251301427 -0.0663242511415045
51.4918540599285 -0.0673247187481811
51.4918783456316 -0.0673309368443128
51.4924510792621 -0.0684699976584901
51.4924285875602 -0.068654574524024
51.4924311719302 -0.0686914043328831
51.4920829109846 -0.0693255297831793
51.492295994185 -0.0702879852036803
51.4922793683311 -0.0703211127461907
51.4922829945449 -0.070787387534948
51.4929732356014 -0.0718360241474072
51.4929227686415 -0.0720964919562324
51.4924757979385 -0.0721739051739834
51.4924337295562 -0.0722234274463535
51.4923018572522 -0.0730446159440744
51.4924447715169 -0.0736174988948077
51.4926647649432 -0.0738423316009621
51.4927792816363 -0.0738249143993687
51.4932065301396 -0.073137953263975
51.4931052577676 -0.0725389566356688
51.4941203580567 -0.0719613939409553
51.4941441746194 -0.0719828383375446
51.4942693992026 -0.0722503917510579
51.494578409848 -0.0721752328971339
51.4948363803643 -0.0723858760340387
51.4946941413522 -0.0739332955086739
51.4947998602586 -0.0741574928985848
51.494964982332 -0.074227147569667
51.4949955223677 -0.0743186288786662
51.4950751951905 -0.0749770046503496
51.4949233267787 -0.075884716056493
51.4949184258188 -0.0759038086727397
51.4949210335705 -0.076018916813907
51.4954172111708 -0.0763816923562007
51.4957397486359 -0.0760349259159301
51.495712417332 -0.0759307158391948
51.4956778167927 -0.0754711746076904
51.4960474732285 -0.0751800250586157
51.4963395915094 -0.0751272133452317
51.4963790245124 -0.0748184923662604
51.496354238845 -0.0743711227942191
51.496355905195 -0.0743576298446421
51.4965006063021 -0.0739994510988281
51.4965094555988 -0.0739908818714682
51.4969190184066 -0.0738854776308496
51.4971436740217 -0.0741479108810606
51.4972737687449 -0.074099188615307
51.4977234606883 -0.0745268785274095
51.4978707642767 -0.0744530796576225
51.4979297195094 -0.07401392570996
51.497756118202 -0.0734773098753132
51.49775644131 -0.0734422535527749
51.4978392877264 -0.0730019729023885
51.4980008844883 -0.072818754894604
51.4977301296681 -0.0716225690190216
51.4976905723389 -0.0715459568780524
51.4976950077192 -0.071531396237237
51.4983224135835 -0.0709951844494025
51.4983225483498 -0.0709924465820206
51.4987281379364 -0.0699244931711463
51.4987152844877 -0.0695532192137669
51.4990756626275 -0.069480258681124
51.4995346493433 -0.0698544263900344
51.4996730702689 -0.0703609361716906
51.499790263942 -0.070435221886602
51.5000187781872 -0.070363440639672
51.5000866802685 -0.0694583251244722
51.5001514580526 -0.0693466526384191
51.5002804915602 -0.0694356419814244
51.5004132508111 -0.069472441825363
51.5007185985119 -0.0691749017033377
51.5008572486335 -0.0692582581296843
51.501064418253 -0.0692278812367782
51.5010892848365 -0.0686360500455556
51.5013258707839 -0.0686341260101865
51.5013085791911 -0.0688888474494912
51.5012556096443 -0.0692972568823401
51.5013450908605 -0.0693646352394579
51.5014783622635 -0.0691158222741502
51.501542987434 -0.0690112802140632
51.5016997436266 -0.0690749832073004
51.501765368945 -0.0696646614278027
51.5017055220515 -0.0697536760834721
51.5018901142137 -0.0702087196219276
51.5021769347971 -0.0701127299671946
51.5020397716869 -0.0695461461871621
51.5018667173117 -0.068831039058869
51.5018638110519 -0.0688183315657134
51.501796728469 -0.0685279705412774
51.5017210316825 -0.0682004340771417
51.5015599532673 -0.0675033628726089
51.5015281957024 -0.0673655930133628
51.5013850220162 -0.0667460579741323
51.5012849215629 -0.0663127607481849
51.5010834618541 -0.0654409981173619
51.5009370764464 -0.0648072365413713
51.5007485599151 -0.0637345283438977
51.5007519022161 -0.0635830396164219
51.5007812593307 -0.0622471127003608
51.5007944929648 -0.0616443699183811
51.5007998640529 -0.0613982324105562
51.5008298969351 -0.0605666857108584
51.5008602586701 -0.0597227689594823
51.5008973588471 -0.0586943101943906
51.5009169590593 -0.0581514053528202
51.5009514362351 -0.057535282261413
51.5009863777367 -0.0569093970459598
51.5011003020632 -0.056731581797689
51.5014183188215 -0.0563867244923741
51.5014515196933 -0.0563070235790187
51.5015821554116 -0.0559930629627768
51.5018333948921 -0.0553892044637553
51.5019601142041 -0.0550452300620965
51.501961918091 -0.0550401636571665
51.5023406036288 -0.0540119743142829
51.5027714091244 -0.0528421912234679
51.5028032180401 -0.0527437738834258
51.5029082151099 -0.0524185311659766
51.503179251809 -0.0518818648976175
51.5035300119897 -0.0511873457363203
51.5037705787549 -0.0507108921700899
51.5038973040631 -0.0504600328044678
51.5039791158532 -0.0502979359109548
51.5040742934513 -0.0501124571999139
51.5042925968955 -0.0496868413546247
51.5044550807768 -0.0493699372021818
51.5044929591345 -0.0492960851316802
51.5046497249938 -0.0489867884404913
51.504558480766 -0.0483711078063666
51.5047152441455 -0.048061807556076
51.5048519157139 -0.0481712104815963
51.5049210000761 -0.0481682583909925
51.504923874848 -0.0481681355469157
51.5050671352741 -0.0481332621582475
51.5052972039324 -0.0479071985516372
51.505411116089 -0.0477294628645729
51.505514695215 -0.0474656747284488
51.5053107321581 -0.047099789309771
51.5053301990245 -0.0468759526191116
51.5053333651578 -0.0468393428870731
51.5052588582073 -0.046684038035389
51.5053309387893 -0.0464183877529596
51.5053774348297 -0.0462467397320255
51.5056045149704 -0.0463811425287119
51.5056955499488 -0.0464492475684821
51.5058299139902 -0.0464146298232151
51.5059394420041 -0.0462868574121674
51.5059710140828 -0.0462501013664439
51.5061593876459 -0.0456800670217978
51.5061548176388 -0.0456162233802441
51.5061359020798 -0.0453497078945586
51.506259491312 -0.0453159040944853
51.5062611922681 -0.0453154748656545
51.50660002075 -0.045142478540154
51.5069281849407 -0.0448690637131907
51.5069450356981 -0.0448444609325137
51.5071213523378 -0.0445869292986546
51.5072269609597 -0.0443482255768904
51.5072772968128 -0.0442345038531434
51.5073149793358 -0.0440358963718094
51.5074086827692 -0.0435416552220708
51.5075235377153 -0.0429358892130629
51.507550062985 -0.0427960957469024
51.5075821534037 -0.0425642197204048
51.5075835201096 -0.0425545371407341
51.5076707273784 -0.0419408027912329
51.5076795571836 -0.0413928052817219
51.5076609232762 -0.0411275773954118
51.5076441882638 -0.0408899521686854
51.5077918578837 -0.0405809948562972
51.5077409249094 -0.0402229319702181
51.5077319166694 -0.0401142460754244
51.5076170696928 -0.0387295141148742
51.5075486114574 -0.0383452363207816
51.5075177510884 -0.0381717852829946
51.50748354183 -0.0378895252740945
51.5074551772191 -0.0376557285412538
51.5074046991345 -0.0372394327622197
51.5074030292793 -0.0372256032296437
51.5072977016071 -0.0368410131630098
51.5072529704106 -0.0365587325368196
51.5072273449717 -0.0363974153755309
51.5070366554961 -0.0357042573084452
51.5069687816642 -0.0354574307050981
51.5069279283759 -0.0352673045006579
51.5067541638184 -0.0344579411613848
51.5066975974996 -0.0343817214883472
51.5061445337878 -0.0336365766283763
51.5059353737932 -0.033354732698741
51.505655305278 -0.0333316240194791
51.5050972404016 -0.033285674571734
51.5050168477849 -0.0332790374141692
51.5048504660559 -0.0330124680613446
51.5042228009833 -0.0328583176294507
51.5040017237204 -0.0328040398607162
51.5039081270779 -0.0331250437357751
51.5035776426298 -0.0331030388099733
51.5036731219434 -0.0324816174906928
51.5033110603931 -0.0324797484423885
51.5028319389879 -0.0324773376684543
51.5023921975011 -0.0324751314690566
51.5020354542018 -0.0325223354252818
51.5016179816155 -0.0325775000631854
51.5014137301196 -0.0326044730192252
51.5009957204131 -0.032659777926396
51.5007082233338 -0.0326333123773453
51.500534355989 -0.0326172783110589
51.5003562563957 -0.0326008326328065
51.5002017062481 -0.0330396676005047
51.5001222592324 -0.0330465333346696
51.499528241229 -0.0330975306913424
51.4995274015755 -0.0330796289394258
51.4995051430134 -0.0325994715620818
51.4988904766688 -0.0326093104858369
51.4981777554929 -0.032620757970701
51.4977914655791 -0.0326269387333079
51.4977903378956 -0.0331224584524339
51.4977902993313 -0.0331362396984739
51.497626135004 -0.0331466330568297
51.497502472739 -0.0331544512202592
51.4970223710939 -0.0331847407602361
51.497020754047 -0.0331848103706847
51.4964898196585 -0.03262323774875
51.4960288327518 -0.0327104383581481
51.4958981725579 -0.0327351884622607
51.4957126138857 -0.0323973972115329
51.4956425159801 -0.0323988716477212
51.4950474074143 -0.0324116698477446
51.494737314392 -0.0325066258412425
