51.4884993066395 -0.0780385467382219
51.4880857408341 -0.0779712595182917
51.4879804869618 -0.0778901761852146
51.4875365393754 -0.07830586796933
51.4872820290132 -0.0783715553638133
51.4873218160991 -0.0785886414322979
51.4873079865375 -0.0798738664078542
51.4866984967685 -0.0798210892875045
51.486598008799 -0.0801737517500124
51.4864923857666 -0.0802951662080483
51.4848585027708 -0.0794860665156543
51.4848113390121 -0.0795430316929891
51.4859197189521 -0.0810475600334588
51.4862498364189 -0.0812290588800442
51.4862454372531 -0.0813228254462213
51.485966644852 -0.0819925664041739
51.4857067996995 -0.0820070326538692
51.485582346455 -0.0820051294280476
51.4851280321067 -0.0821781002645378
51.48553305663 -0.0829217443909283
51.4856302058327 -0.0831121940132209
51.4853600697643 -0.0838886701603351
51.4851516929869 -0.0840269678088292
51.4852214801521 -0.0850025923217607
51.4850146276415 -0.0852453254066527
51.4850139663648 -0.0852543785238778
51.4846706715818 -0.0859448285495441
51.4841391014893 -0.0861327475978573
51.4840186069207 -0.0860153582895001
51.4832308106775 -0.0861806317347743
51.4831230503393 -0.0864579132472962
51.4836272477747 -0.0877276399058584
51.4836476050478 -0.0879671421319458
51.4834360027082 -0.0884593108429348
51.4833527379105 -0.0886347442948597
51.4818885343722 -0.0892306829325865
51.4818265157802 -0.0894852565598046
51.4818133426798 -0.0895209562265211
51.4829913377062 -0.0906654016444066
51.4831760581207 -0.0913652024571892
51.4830957313005 -0.0915557069301349
51.4830711565847 -0.0916089830282273
51.4819106125892 -0.0909670337352372
51.4821560465115 -0.0920666029185605
51.4821536624874 -0.0923952779696282
51.4827458712182 -0.0928009136949477
51.4831458371283 -0.0925024317760102
51.4832411882648 -0.0931636947414834
51.4831411468341 -0.0934522752084854
51.482769957908 -0.0933201504777169
51.4826722420764 -0.0934421441333138
51.4828901529501 -0.0943044420723551
51.4830267986747 -0.0942987455977049
51.4831609367281 -0.0936188880952541
51.483628915432 -0.0938153810781688
51.4836479779801 -0.0931907829432082
51.4837919107006 -0.0930029694176635
51.4838558230003 -0.0930633606449273
51.4843184681154 -0.0931142438644697
51.4843988280053 -0.0936222452565516
51.484364539548 -0.0936974212798234
51.4840217002846 -0.0938215649631782
51.483775091915 -0.0941748046087009
51.483838864648 -0.0943981314041044
51.483711696766 -0.0948543338154423
51.4838263438131 -0.0951989247690372
51.4840417548299 -0.0952106116180859
51.4840191894646 -0.09588036733412
51.4836956855122 -0.095910943015085
51.4834433304603 -0.0962040824163981
51.4834522092589 -0.0967510371560485
51.4834345835219 -0.0969390416448354
51.4834068088074 -0.0970113298534926
51.4827746182938 -0.0973319081971731
51.4827744374516 -0.0973706280530691
51.4832212448845 -0.0982630863248348
51.482913708549 -0.0990067853314973
51.4827225561934 -0.0988832788312674
51.4823304144067 -0.100114856721746
51.481891005936 -0.0999665159348638
51.4818486946921 -0.100062797118931
51.4815672485628 -0.100430970327174
51.4815155314649 -0.10049605471589
51.4815201709058 -0.101037819433265
51.4811421019551 -0.101435170577359
51.4811220908624 -0.102009421770202
51.4816726816097 -0.101312319972023
51.4816873734835 -0.101336884058497
51.4812754335961 -0.102552134710761
51.4813402634663 -0.102652871433972
51.4813191691913 -0.103127185639439
51.4806159277556 -0.104086246551673
51.4804641012032 -0.104304024732109
51.4804376244386 -0.104874021699566
51.4809175993073 -0.105491427071095
51.4811856436381 -0.106106819023871
51.4812714039699 -0.106178907080843
51.4813416077641 -0.106278595069971
51.4820631925746 -0.105964185056867
51.4825182278785 -0.106106474093776
51.4829255405903 -0.105982487163786
51.4833401706792 -0.106834920120353
51.4835429219073 -0.106469081815707
51.4837420221313 -0.105276284763394
51.4841663152536 -0.106064318234712
51.4841948909095 -0.106442075205038
51.4843658079408 -0.106805030926582
51.4846815422556 -0.105597404803924
51.4847053720436 -0.105581097908191
51.4850826892866 -0.106438668410495
51.4852531827563 -0.106296580305027
51.4857514972917 -0.106118344843713
51.485829159104 -0.106245641300023
51.4854425103542 -0.107655264991717
51.4864026457956 -0.107198671801861
51.4864248954222 -0.107140152404659
51.4864095661429 -0.106953504629288
51.4871356653361 -0.106506581901425
51.487176957613 -0.106152033002698
51.4876612871437 -0.105453120781647
51.4878603781513 -0.105678949290949
51.4881390070384 -0.105686284480532
51.4883143629241 -0.105183059144636
51.4886167325019 -0.104768030455925
51.488704112416 -0.104211675753502
51.4888883450428 -0.104107715206415
51.4891380761255 -0.10427384192585
51.4891634719032 -0.104237633809226
51.489439722202 -0.103291718521614
51.4896247414413 -0.103325371029611
51.4899849752912 -0.102686532054665
51.4902766938854 -0.103169568837079
51.4902859231086 -0.103540101095332
51.4904027503372 -0.103843221716014
51.4904040080942 -0.10384316953156
51.4907529311491 -0.103605404705911
51.4909036425916 -0.10326873120263
51.4909058613212 -0.103261394115657
51.4909230217578 -0.103166259291224
51.4910006780846 -0.103087379120521
51.4914029962653 -0.103132797351385
51.4915055285558 -0.102685521615987
51.4918636807375 -0.102562687342716
51.4919461904558 -0.101956012182078
51.4921257044634 -0.101521802273563
51.4921744504546 -0.101467516696115
51.491794148816 -0.1006720973641
51.492050698816 -0.100159972733371
51.4919700036464 -0.0995240893338267
51.4918469783223 -0.0992996173005979
51.49195697954 -0.0990699666952102
51.4922914057124 -0.0980440992474572
51.4923629281105 -0.0975540286709367
51.4924654669939 -0.0974021229694346
51.4926731796191 -0.0970945177420698
51.4931210982773 -0.0977007481122766
51.4931849834529 -0.0979924169104039
51.4932894267774 -0.0991721556098625
51.4938051568895 -0.0992037964379854
51.4942712074037 -0.0991987822726255
51.4942734091401 -0.0991959587606936
51.4942994120316 -0.0986870950846353
51.4945669116539 -0.09771432074646
51.4945618606899 -0.0976911313370799
51.4943471033766 -0.0973705773423917
51.4943243667034 -0.096844736909656
51.4941673442922 -0.0960436975485812
51.4941110660939 -0.0958830777094513
51.4941235469279 -0.0958599896214497
51.4943169989606 -0.094807500009383
51.494120075212 -0.0942349998403203
51.4940749263594 -0.0941729797676667
51.4937488429396 -0.0942937175361578
51.4936326938191 -0.0935305444210703
51.4936589802685 -0.0934663766971491
51.4936284335535 -0.0926438085987618
51.4934100474611 -0.0924602673976936
51.4933529523163 -0.0922663122900355
51.4935496897444 -0.0918043684974134
51.493724029282 -0.0916952955318954
51.4938994901198 -0.0905615915416283
51.4942494275599 -0.0902552465706035
51.4941548599994 -0.0899576185291455
51.4934661146381 -0.0895866026972951
51.4931937774155 -0.0891874959485073
51.4931874670353 -0.089164360813193
51.4934302241354 -0.0885536715691241
51.4929324437823 -0.0874562168302996
51.4930515978797 -0.0870946632674844
51.493031194332 -0.0869460967865421
51.4938378646654 -0.0855355648497352
51.4934916399453 -0.0852260451182508
51.4934304504897 -0.0852555715669965
51.4928288315375 -0.0853267462485181
51.4926806254626 -0.0849547750063979
51.4926938171112 -0.0845625007068301
51.4924877686859 -0.0843865611010204
51.4923662544013 -0.0842728802671902
51.4921133331451 -0.0842159006865804
51.4921382521272 -0.0839087753487321
51.4917381627388 -0.0832521077407828
51.4917780048623 -0.0829011249316211
51.4916947653273 -0.0828136368540608
51.4916631687998 -0.0827286145751294
51.4911828120001 -0.0824030233613461
51.4911677066633 -0.0822379709079916
51.4913333299 -0.0818988154022879
51.4912777337742 -0.0815337876258271
51.4912691468114 -0.081508968483467
51.4908592132643 -0.0815261775145529
51.4906878635732 -0.081575652887339
51.4906768521102 -0.0816004630331892
51.4902103274516 -0.0813787076606276
51.490034793412 -0.0809746624201195
51.4901167272447 -0.0804274983070963
51.4901076593088 -0.080406263260646
51.4897545098189 -0.0799546949284022
51.4897492836372 -0.0799539643492691
51.4896415490624 -0.0797487469313678
51.488924354742 -0.0793773334383324
51.4889088182484 -0.0793563709810282
51.4889486044484 -0.0788929375301265
51.4891683219128 -0.0785857169274462
51.4888723709077 -0.0776203616052841
51.4884993066395 -0.0780385467382219
51.4906009317271 -0.099286592398417
51.4906237273556 -0.0997889909469826
51.4905220289657 -0.0997932194737758
51.4901715957941 -0.0993936436136215
51.4906009317271 -0.099286592398417
