269 4
51.4946645116738 0.0601723970720991
51.4946712314217 0.0606955825952869
51.4947997731127 0.0625886090653665
51.4948075548306 0.0627646409113567
51.4949024186667 0.0649090479131914
51.4949205312306 0.065320145296159
51.494997161716 0.0670529838805482
51.4950442022713 0.0681173976784335
51.4950593758134 0.0682765424680811
51.495278486167 0.0700434052441658
51.4953270363375 0.070435337882843
51.4956549744671 0.0725131497740833
51.4958059119418 0.0734696914940181
51.495926441586 0.0742338504464514
51.4959658925363 0.0744837866063563
51.4960953562526 0.0752964655350681
51.4960548384605 0.075553936673192
51.495870592239 0.0758048771930102
51.4959291326179 0.0760681544532639
51.4956093433639 0.0761244196838552
51.4951182474172 0.0768278769201158
51.4949844743411 0.0768379509048041
51.4949241803616 0.0771306257580853
51.494827748051 0.0784479474476356
51.4947988754547 0.0784943850310272
51.4940801392295 0.0780817069329049
51.4939043287594 0.0778360296869842
51.493594897311 0.0779723343934751
51.4927012604178 0.0774400723064064
51.4926528833108 0.0775522560631568
51.4926008482491 0.0776273333494301
51.4922705248302 0.0778112656449877
51.4914952964223 0.0788663696272278
51.4914396917681 0.078863839962433
51.4912314238151 0.0794449110274232
51.4911618376353 0.0801242206644962
51.4911127674602 0.0801841057651363
51.4909307288482 0.0806241891926169
51.4908897629986 0.0813570565572344
51.4911294372859 0.0821827634469337
51.4908626604749 0.0824632652949516
51.4907055724675 0.0836642656480925
51.4910079301158 0.0856102651437638
51.4908216301716 0.0858844429099486
51.4907718885822 0.0864872032527418
51.4899740052688 0.0874267158027759
51.4899248815952 0.0877873174732837
51.489843256806 0.0884533371617493
51.4906586197097 0.0900607800400056
51.4907035497989 0.0900871835318398
51.4908446256115 0.0919312998425036
51.4918592772155 0.0920263303664227
51.4924081785214 0.0944913906933887
51.4916383590428 0.0963720747387466
51.4916377871927 0.0968817148871929
51.49172461716 0.0971791946603378
51.4922816522407 0.0984355314327952
51.4922797797338 0.0988063871670347
51.4920451121963 0.0997265808295705
51.4914885277077 0.100213402017132
51.4905903587356 0.101655834420412
51.4890462345234 0.100941092867252
51.4885514812289 0.101534158324688
51.4882343334296 0.101397125572522
51.4879337370344 0.100607285923312
51.4877612810675 0.100422873402428
51.4877242094098 0.100399554264117
51.4868476416402 0.100315207644049
51.4863699483789 0.100929700793463
51.4863320316653 0.100923444859417
51.485843901181 0.101653592952853
51.4853038534847 0.101498243508533
51.4849528683119 0.102075303633204
51.4846047853161 0.102289803198923
51.4844660710166 0.101843190384772
51.4844107282062 0.101249235786495
51.4841643312482 0.101082218872693
51.4834744747228 0.101931785187667
51.4833152670701 0.100988206560495
51.4828133164631 0.10004610697721
51.4824922786926 0.100271711453457
51.481389257145 0.0999257026121004
51.4807893473686 0.0991870840816871
51.4802285319569 0.10101923190748
51.4800464456994 0.101261891371997
51.4792779675931 0.101537201926574
51.4791818424897 0.101809098843518
51.4796556076278 0.103419565146941
51.4795413088446 0.103917425761693
51.4792357619217 0.104256269556481
51.4787309744214 0.103964795944454
51.4783926829894 0.104580218623992
51.4777954967623 0.104868575249325
51.4777142133206 0.105850490408161
51.4775842863682 0.105996610735367
51.4775509806454 0.106184109307822
51.4765969431238 0.106969059872053
51.4765105111986 0.107396208961614
51.476008865331 0.107270499205721
51.4748922249917 0.107658225259309
51.47398598657 0.106043279640737
51.4739811707252 0.105890964796201
51.4736901010417 0.104256668838574
51.4736664127133 0.101818308732805
51.4736747896779 0.101812401158574
51.4745326148272 0.0968684462626378
51.4744178851053 0.0967083596575213
51.4734851511089 0.0962705792402704
51.4732178508354 0.0950847009317845
51.4734312529798 0.0948145175316547
51.4734467434971 0.0947576439612159
51.473644605449 0.0929613177932522
51.4729039324718 0.0920274656921631
51.4722392978405 0.0921122215988905
51.4721119485913 0.0920191323481252
51.4709719024019 0.0881304809391333
51.4703847028708 0.08714345856543
51.470299001652 0.0870387538207172
51.4702462714563 0.0866727082956381
51.4698621346494 0.0855096618682526
51.4696998461302 0.083417090405965
51.4710071268502 0.0791424737366565
51.4708781185923 0.0788432476407671
51.4689312326162 0.0755781368605982
51.4686002344183 0.0754092594697338
51.4652854692066 0.0741781406678313
51.4659243453082 0.0709676790402259
51.4655637956489 0.0680313883288678
51.4657727250307 0.0643792890975698
51.4658533712499 0.0641391026137846
51.4646861576958 0.0622597951906451
51.4645729662415 0.060066370223908
51.4649550255568 0.0594230992830811
51.4660289122294 0.0588496574904003
51.4677660228817 0.060107625614264
51.4679598559691 0.0598157741889929
51.4685510315072 0.0584861998239859
51.4687487631691 0.0582332133826544
51.4690826497923 0.0573015956886449
51.4690693303167 0.0567080084272469
51.4699686438238 0.0552149647230432
51.4704789932549 0.0540211398179307
51.4696134738321 0.0521644603088474
51.4699367949751 0.0513303691922143
51.4691517981616 0.0494575465587613
51.4692572450139 0.048794490642345
51.4691409250497 0.0479344029922959
51.4693905560563 0.047040245693662
51.4698489901096 0.0469410980260098
51.470493778979 0.0462400693740315
51.4706570912192 0.0456705150542052
51.4711147227095 0.0455245391275045
51.4714059106298 0.0459164068580969
51.4722385473868 0.0461039647528763
51.4723891502141 0.0459433015951884
51.4727018394174 0.0458448588943499
51.4729341951296 0.0448887047711924
51.472854862059 0.0447311694531492
51.4726108138087 0.0436205039971889
51.4732401442948 0.0428251401006905
51.4732137038229 0.0421238265834862
51.4724926835366 0.041050290060853
51.4724701489922 0.0407334759958905
51.4726299167803 0.0403040531733675
51.4737972140066 0.0401950239983125
51.4739672714623 0.0400163262573364
51.4740055909353 0.0395086890070952
51.4733042350134 0.0383731264700788
51.4742330092631 0.037664753755045
51.474576120235 0.0377863078079593
51.4746859320614 0.0383321384566836
51.4753823027457 0.0393873685390285
51.4753285534203 0.0398052835210442
51.4753840824886 0.0409435555566927
51.4751272582509 0.0415720561825684
51.4750882736431 0.0422102794746433
51.475271166123 0.0431166574789088
51.4755983154172 0.0436740050313987
51.4756049301731 0.043830909644916
51.4757882823479 0.0446895943058647
51.4760643210359 0.045455308023494
51.4761341916239 0.0456140947661173
51.4761574061029 0.0457726941626666
51.4762377847209 0.046158735360338
51.4763521177599 0.0465823932540276
51.4777703808682 0.0484838381522402
51.4788355015723 0.0476368459185404
51.4789545731432 0.0475881515244794
51.4796301815757 0.0474906434383598
51.4796904075655 0.0475734928570755
51.4812753570099 0.0509029279469128
51.481473898175 0.0517075690263128
51.4818239192693 0.0521166958246934
51.48359990796 0.0515068234927715
51.4837473244922 0.0515800610445426
51.4841638739468 0.0519994384790799
51.4842412532361 0.0520523146729293
51.4849737395514 0.0522752122846927
51.4855542529238 0.0512210455507212
51.4859456580479 0.0508217635446724
51.4863742253428 0.0509705623020534
51.4866991064435 0.0502676997766051
51.4869001895071 0.050140737200787
51.4870760431376 0.0503512352495743
51.4871466488468 0.0505344477972849
51.487540315347 0.0508231302956293
51.4877876954165 0.0504804305172827
51.4878963790061 0.049771290631376
51.4878907046604 0.0497513211212454
51.4883548918759 0.0491121557795347
51.4886861986786 0.0494043321101084
51.488815768771 0.049423682059083
51.4889655809703 0.048958654174552
51.4897651503216 0.0486406875624191
51.4898220323018 0.0486576087105447
51.4900030399192 0.0484703455642604
51.4900419716832 0.0483568831207574
51.4899937245472 0.0474543208367466
51.4899152742978 0.0473184958358853
51.4897962674636 0.0464416297686709
51.490218257742 0.0460815283901856
51.4904301818218 0.0460955303729886
51.4904411277915 0.0460761855958982
51.4909641865341 0.0459519703735456
51.4912123904333 0.0448808170754409
51.4912878490918 0.0448841937735149
51.4913111714332 0.0449078044775733
51.4916185839866 0.0457715133443624
51.4923455346429 0.0456527374628215
51.4922722086364 0.0451353903387668
51.49257930126 0.0448267732981696
51.4927711155935 0.0446741756204387
51.492974232906 0.0439350802519056
51.4922937373196 0.043740730053384
51.4920477811324 0.0433426391154796
51.4920541394444 0.0431376787634978
51.4922882620568 0.0426618761247439
51.4922230094801 0.0412670200901813
51.4921996755177 0.0411768955829576
51.4912864854228 0.0418824798000228
51.4906591746341 0.0417778419089307
51.4914755218502 0.0398281732088449
51.4920134276721 0.0402195581798346
51.4922957246183 0.0407462267078442
51.4926045239042 0.0406178414642434
51.4933247386477 0.03881855035159
51.4940554281757 0.0384739056210572
51.4942653597058 0.0381888119759404
51.4951864187581 0.0379861543275083
51.4952328960262 0.0383328199069291
51.4955514135977 0.0400494546646711
51.4955536305063 0.0400615509249555
51.4954695333904 0.0423053213518072
51.4954325980768 0.0423612809146415
51.495416239661 0.0427688123147249
51.4953722441672 0.0438645327404251
51.4953031539356 0.0455840524581649
51.4952535663206 0.0468183761629317
51.4952419656851 0.0471069772407791
51.4951791535801 0.0480372117492369
51.4951283671755 0.0487881442199257
51.4950196791865 0.0503978970454676
51.4949036139211 0.0521145726778178
51.4948014482787 0.0536264886944386
51.4947081359906 0.0550065910617269
51.4946687082538 0.056230062950676
51.4946292906794 0.0574522267847528
51.4946379727775 0.0581204147317283
51.4946645116738 0.0601723970720991
11 4
51.485060554244 0.104617179088633
51.4847397194006 0.104520462721153
51.4846004741085 0.104339358967606
51.4849826182327 0.103168655912464
51.4851918314758 0.103233268435898
51.4854297322384 0.102625715900998
51.4858099672243 0.102312816524616
51.4860450462248 0.102930380864662
51.4854997157257 0.103851448981714
51.4855055152417 0.103974157337163
51.485060554244 0.104617179088633
