51.4177837146794 -0.0673441372189046
51.4176589090332 -0.0673754892296913
51.416875001457 -0.0691064844156895
51.416874754041 -0.0695280429442749
51.4177399446396 -0.0703401581924766
51.418770393153 -0.0703291342250847
51.4175877161643 -0.0723708610031169
51.4173238916764 -0.0724331863758343
51.4170852692432 -0.0720108839247756
51.4166736172828 -0.0719238555335142
51.4163490773137 -0.0713613430124671
51.4162961416772 -0.0713951126243482
51.4158820131389 -0.0722996119418028
51.4155070047119 -0.0724781916260356
51.4153439467724 -0.0719385385899254
51.4152796490187 -0.0718827865698023
51.4144842910761 -0.0717571269863062
51.4143537324666 -0.0722804261011451
51.4137997212 -0.0727809788604233
51.4132591122873 -0.0728720095769808
51.4130172603011 -0.072368065070708
51.4118803389836 -0.0726998505037524
51.4116850769999 -0.0727602306743752
51.410511673833 -0.0715082316068239
51.409236928057 -0.0714899021255778
51.4091909212826 -0.0715349933719614
51.4088760804683 -0.0734750475399989
51.4083450385827 -0.0745694768198413
51.4080411579294 -0.0756742609455879
51.4079773060182 -0.075995975259002
51.4079607489208 -0.0761593287398898
51.4063752122551 -0.0767488049563759
51.4060580911318 -0.0770587243031899
51.4058107865063 -0.0770869995825776
51.4046586015775 -0.0777770261877171
51.404811811087 -0.078304303002089
51.4052720465275 -0.0792492850658434
51.4054376498967 -0.0792495776890835
51.4061142556095 -0.0800290328845651
51.4056340558631 -0.0813387287616104
51.4060969944713 -0.0820329095793732
51.4063236831062 -0.0821950871327283
51.406540967662 -0.0822605656002583
51.4066280034314 -0.0820250361983949
51.4066843299837 -0.0807375717526936
51.4068678010579 -0.0806706133527442
51.4076541845323 -0.0807868274070944
51.4078195204656 -0.080929995718888
51.4078283038735 -0.0810491317538662
51.408325852636 -0.082413279915355
51.4084020492015 -0.0827075511511779
51.4084459843272 -0.0827883475234123
51.4086674304496 -0.0836139665479406
51.4097809571214 -0.0836474365437272
51.4099157758093 -0.0837883406192389
51.4101881953954 -0.0843448602195339
51.4101621105787 -0.0850811491902159
51.4102148140513 -0.085264021631601
51.4101502905704 -0.0868619589999832
51.4099617998414 -0.0870181463511018
51.4099354073794 -0.0872187855573522
51.4101333571295 -0.088055391489378
51.409910873012 -0.088172444036383
51.4094358326944 -0.0879298869611916
51.4091289420837 -0.0885160387551734
51.4087723443724 -0.0882154281476737
51.4083649604387 -0.0884113217909206
51.4079986480813 -0.0893782448860894
51.4078670054493 -0.0894979009202558
51.4078610330888 -0.0895727211258528
51.4077347435197 -0.0902690415306545
51.4077724300337 -0.0904301288993125
51.4082142818635 -0.091312273865455
51.4085077619783 -0.0914142231691422
51.4087273884129 -0.0924466055193774
51.4087249093384 -0.0925815085425065
51.4088207957424 -0.0928884951758423
51.4091466699773 -0.0930807537768378
51.4093884291737 -0.0939990138835297
51.4091629096184 -0.0945710709678837
51.4091086967355 -0.0950630895759834
51.409934656622 -0.0955742583523524
51.4103225262278 -0.0962016939964519
51.4107027179127 -0.0971205299574218
51.4109697335666 -0.0970878653405301
51.4119274746952 -0.0976430620750617
51.4119517427446 -0.0977535065449256
51.4131704484681 -0.0993108335556559
51.4132203780053 -0.100505123989435
51.4136312723007 -0.101401200948549
51.413546563706 -0.102077001209676
51.4136042485698 -0.102219386152401
51.4136128782206 -0.102363684164623
51.4135230040565 -0.103276124161138
51.4137528692687 -0.104231061423756
51.4134597822069 -0.105075425265458
51.413802394825 -0.105470207962379
51.4139037157799 -0.105681699363535
51.4147034033316 -0.105388019757141
51.4148981839453 -0.10437956409497
51.4150390797121 -0.104291919967873
51.4153879316389 -0.104672104564837
51.4154985070637 -0.104916538249549
51.416541046983 -0.105686864343141
51.4167125904969 -0.106282860182164
51.4169214196755 -0.106287747774976
51.4178280934416 -0.107129434684172
51.4182502218893 -0.106831550002133
51.4185598409151 -0.106152678060972
51.4197634205396 -0.105756777059212
51.4197781553552 -0.105784035560648
51.419813840171 -0.105805921697253
51.4202483524583 -0.106413623384901
51.4201608462169 -0.107981400679782
51.4202526603214 -0.108155608414389
51.421363141349 -0.107795134409855
51.4216550655465 -0.108208225292374
51.4218992629254 -0.108182013309901
51.4224672031999 -0.108278932509285
51.4225398030129 -0.1072295885296
51.4223330139367 -0.10657733460988
51.4227269356839 -0.105830280734639
51.4227930316105 -0.10582031371746
51.4227355581525 -0.105534982060834
51.4227305494655 -0.105519890614748
51.4225224029633 -0.104812077608195
51.4228879616052 -0.104351990512546
51.4228652816199 -0.10394472872332
51.422730161193 -0.103461359681451
51.4227087844018 -0.103418127841126
51.4228516279204 -0.103173129012495
51.423164347577 -0.102031870914234
51.4230178586655 -0.101540910958568
51.4230415642444 -0.101017520203637
51.4236761231155 -0.101186306807848
51.4239991134961 -0.100757592783281
51.4238693879622 -0.0996096193132093
51.4233643209652 -0.0994264684929339
51.4232188008756 -0.0995502703618606
51.422750454439 -0.0980396030247235
51.4229052487909 -0.0979666452337099
51.4232571229509 -0.095436753730937
51.4238086611305 -0.0956079662926619
51.4239544842852 -0.0956081899069927
51.4247831767777 -0.0942908538198723
51.4250144194651 -0.0929930045025389
51.4258848086284 -0.0923004264872047
51.4260006704696 -0.0922604950055725
51.4263004671842 -0.0916681591183747
51.4262188570632 -0.0899364000031166
51.4270655936153 -0.0893877690774184
51.427188938873 -0.0891892974182136
51.4271811556039 -0.0888883645795009
51.4270441599691 -0.0884095790599881
51.4270246180141 -0.0883744573099663
51.4269763127153 -0.0883341313517901
51.4269553503992 -0.0870493305937823
51.4273035898793 -0.0867165680405547
51.4275375555778 -0.0868128291580639
51.4280502722107 -0.0859985214481972
51.4286573549736 -0.0862230622998741
51.428803514509 -0.0849834156088089
51.4286161186961 -0.0843591827275734
51.428668235757 -0.0837581448580471
51.4286508416758 -0.0837005168411888
51.4281289491901 -0.083523564827144
51.427756918629 -0.0836048391573037
51.4275318968716 -0.0834344466132663
51.4274919841028 -0.0825936566545216
51.4275620615772 -0.0824864681167
51.4275962975046 -0.0824085336959176
51.4276990782345 -0.0816463334797271
51.4277743240298 -0.0815254053183801
51.4278375883141 -0.0803872106604828
51.4281375263472 -0.0803449883190437
51.4283665358045 -0.0801492934856761
51.4288541712411 -0.0806934363397494
51.4288792489402 -0.0812642035589262
51.4289221071361 -0.0813999956938096
51.429103095963 -0.0814175596256459
51.4295913280695 -0.0804279316788797
51.4296625100664 -0.0804267275256662
51.4298540668666 -0.0798819780164949
51.4298753050448 -0.0782266810404279
51.4297563366084 -0.0778575701350857
51.4296714543102 -0.0778072826117864
51.4295655247452 -0.0776741387704916
51.4295200532575 -0.0776643047243956
51.4290251173497 -0.077388433330022
51.4283706311771 -0.0766264472587513
51.4281098433633 -0.0765780943392919
51.4279223440457 -0.0749100447069522
51.427728469977 -0.0748633966369902
51.4274205325925 -0.074489683036107
51.42710967803 -0.0744856713665257
51.4270642931054 -0.0744975420665983
51.4267988336864 -0.075248556303075
51.4264181320736 -0.0756007943741707
51.4260479746515 -0.0747775876354009
51.4264004382198 -0.0738996957852171
51.4257323716788 -0.0723733914260661
51.4246787191351 -0.0717443235701088
51.4245404221524 -0.0714202032329848
51.423107218778 -0.0705464846419916
51.4229213104553 -0.0696679386757809
51.4200837047549 -0.0690701608197809
51.4197838272521 -0.0652290935978286
51.4184636138962 -0.0656641894697889
51.4177837146794 -0.0673441372189046
