51.4837620106436 0.138349176498282
51.4835958935983 0.138180253756787
51.4831990656998 0.137598200613481
51.4823651805353 0.138132539523494
51.4821854744782 0.137846016781126
51.4817516913552 0.136677172556906
51.4808795983016 0.137374429703921
51.4802123648336 0.135364794262228
51.4800636972452 0.135150756212631
51.480256722707 0.134390174517113
51.4802641737129 0.133709153672612
51.4799996530266 0.133142381654074
51.4795973878991 0.132808461560094
51.4793843800749 0.13205862715597
51.479534902747 0.13142929403016
51.4784473211267 0.12955055454034
51.4787509549229 0.128949848862036
51.4788859153112 0.128780631710148
51.4788766534295 0.128706460996339
51.4792133766023 0.126400697522939
51.4790393335015 0.126142409639655
51.4793741117302 0.12505258946722
51.4793926994413 0.124428739736286
51.4786534447847 0.123663526708324
51.4785784802309 0.123037241676606
51.4791153263793 0.121565173326652
51.4802367490933 0.120652285118098
51.4803428367456 0.120458305862032
51.4806815425401 0.119506343380122
51.4803722848417 0.117615212120832
51.4796320997646 0.117879805059242
51.4779316301643 0.117494084402019
51.4773886722398 0.115189979661888
51.4777547494972 0.113490413268417
51.4767772573137 0.112800838191109
51.4766036107282 0.112493952892125
51.4758571664911 0.111639480393313
51.4758789463682 0.109985321346798
51.4764987120336 0.108712452841499
51.4765105111986 0.107396208961614
51.4765969431238 0.106969059872053
51.4775509806454 0.106184109307822
51.4775842863682 0.105996610735367
51.4777142133206 0.105850490408161
51.4777954967623 0.104868575249325
51.4783926829894 0.104580218623992
51.4787309744214 0.103964795944454
51.4792357619217 0.104256269556481
51.4795413088446 0.103917425761693
51.4796556076278 0.103419565146941
51.4791818424897 0.101809098843518
51.4792779675931 0.101537201926574
51.4800464456994 0.101261891371997
51.4802285319569 0.10101923190748
51.4807893473686 0.0991870840816871
51.481389257145 0.0999257026121004
51.4824922786926 0.100271711453457
51.4828133164631 0.10004610697721
51.4833152670701 0.100988206560495
51.4834744747228 0.101931785187667
51.4841643312482 0.101082218872693
51.4844107282062 0.101249235786495
51.4844660710166 0.101843190384772
51.4846047853161 0.102289803198923
51.4849528683119 0.102075303633204
51.4853038534847 0.101498243508533
51.485843901181 0.101653592952853
51.4863320316653 0.100923444859417
51.4863699483789 0.100929700793463
51.4868476416402 0.100315207644049
51.4877242094098 0.100399554264117
51.4877612810675 0.100422873402428
51.4879337370344 0.100607285923312
51.4882343334296 0.101397125572522
51.4885514812289 0.101534158324688
51.4890462345234 0.100941092867252
51.4905903587356 0.101655834420412
51.4914885277077 0.100213402017132
51.4920451121963 0.0997265808295705
51.492682921186 0.10253898793501
51.4927833348738 0.102739949694867
51.4943495754947 0.102702155615533
51.4948311862227 0.102391130669173
51.495003170539 0.102822273772968
51.49631443741 0.104453834639081
51.4966156977605 0.104554189732796
51.4966289194331 0.106376425070592
51.4968047375382 0.106953650647687
51.4970140642951 0.107337017240665
51.4975077434147 0.108045926900664
51.4988055396647 0.108872988413902
51.4988306526734 0.109681000615719
51.4987891133346 0.110160912777641
51.4988431311131 0.110406461791263
51.499530332922 0.112299630703823
51.4995911068468 0.113731564449853
51.4998624387176 0.114494205933397
51.4998798123365 0.114886804019638
51.5000395867013 0.115867630674241
51.5001295367716 0.116094187079464
51.5003823301881 0.117016371204818
51.500727362245 0.117589769722473
51.5008027353564 0.1177670680567
51.5007074403083 0.118458815891566
51.5009362336547 0.121527582922163
51.5011238172841 0.121838049114284
51.5018354891827 0.124464688664316
51.5022617141506 0.125134725818477
51.5025247324073 0.126421259971296
51.5026769558572 0.126891210542712
51.5027663954979 0.127352893901455
51.5027549226551 0.129376917930834
51.5037694956043 0.129771849577704
51.5054477630392 0.130699379808558
51.5063347740956 0.130816447213463
51.5068086835188 0.13152210557547
51.5081556842018 0.133525057758978
51.5082596990488 0.133792033222328
51.5082914641213 0.142921605323519
51.5077801491159 0.144595765839285
51.5071904764306 0.146354963141473
51.5070741623068 0.146810624143452
51.5070737117274 0.146815593263864
51.5064498630682 0.146590341382236
51.5046324154312 0.146102391385263
51.504594181978 0.146054615274697
51.5007444185139 0.136781018753677
51.5007471566717 0.136630745966619
51.5018177328998 0.131556621228454
51.499424254644 0.129151332124073
51.4988988747769 0.128135381243184
51.4977021262579 0.127930191632024
51.4975209337191 0.127521068144951
51.4970720653332 0.12712371814103
51.4969156782835 0.127314578327188
51.496281319735 0.128488959670154
51.4958475206139 0.128415651816871
51.4953923896422 0.12770465894058
51.4949194256398 0.127609699351091
51.4947305204126 0.127680131663967
51.4946784372155 0.127785799764342
51.494218748342 0.128688166730127
51.4942031171342 0.128697416237414
51.494039216687 0.128678020682151
51.4940333283844 0.128680478346386
51.4932731729418 0.12859280054807
51.4928822189697 0.12783803636311
51.4921453444567 0.128077503779648
51.4918252514393 0.128436267707767
51.4917050894388 0.128473786369662
51.4913155002093 0.128233291641374
51.4912721220908 0.128166420016875
51.4910982194373 0.126988864193207
51.4912410133503 0.126506513614003
51.4912173529713 0.126368583634121
51.4913943212387 0.12464542785619
51.491208367939 0.124329748271342
51.4910799708454 0.123908780446096
51.4909711687135 0.123785780372793
51.4906626945291 0.123806600523458
51.4900970442554 0.123388600796122
51.4896109202387 0.123851310173566
51.4896773354165 0.124443144937969
51.4892943988031 0.125298658902594
51.4896789490945 0.125961232876503
51.4893831545715 0.127597666684043
51.4887003846656 0.128992051961307
51.488176323923 0.129636534766655
51.4876510108539 0.130206240910245
51.4867578355871 0.130967569594131
51.4868923451548 0.131406973437279
51.4869826047616 0.134530524123711
51.4872958668845 0.137114518384933
51.487278978017 0.137246982971916
51.4867445010241 0.137774832903939
51.4841645939545 0.137654163185574
51.4837620106436 0.138349176498282
51.4854297322384 0.102625715900998
51.4851918314758 0.103233268435898
51.4849826182327 0.103168655912464
51.4846004741085 0.104339358967606
51.4847397194006 0.104520462721153
51.485060554244 0.104617179088633
51.4855055152417 0.103974157337163
51.4854997157257 0.103851448981714
51.4860450462248 0.102930380864662
51.4858099672243 0.102312816524616
51.4854297322384 0.102625715900998
