51.416973375223 -0.0449605263031801
51.416966937906 -0.0449303260199423
51.4167520885594 -0.0448019414471269
51.4159763047162 -0.0461590740098285
51.4159426294301 -0.0461721304328874
51.4155504869169 -0.0459623708915521
51.4153766362782 -0.0460174516732234
51.415150018368 -0.0458949039967206
51.414665606986 -0.045095861681095
51.4145923598166 -0.0450595014944479
51.4142539288465 -0.0455206018999363
51.4141961799439 -0.0456804104488581
51.4142212155086 -0.0465133811686062
51.4139184514988 -0.0479230612253961
51.4138908709235 -0.047967396130691
51.4135632739601 -0.0481242281944959
51.4135172454684 -0.0482160651578054
51.4131585030656 -0.0484515278653311
51.4121261726835 -0.0475616548159545
51.4121120694527 -0.0474706034088441
51.4115054146138 -0.0468017747977858
51.4111952632492 -0.0468077603983039
51.4111709014155 -0.0468402182413246
51.4111054541074 -0.0470344888194025
51.4111450435936 -0.0481642621931019
51.4102398187856 -0.0483475772907443
51.410312683472 -0.0487875416882789
51.4097739008845 -0.0497164025571848
51.4097604516828 -0.0502642515576895
51.4095053158095 -0.0505888151320851
51.4095132584635 -0.0507960761524332
51.408791193417 -0.0519438397162234
51.4082558037638 -0.0519369552532201
51.4081549693104 -0.0520634727160192
51.4082157240396 -0.052468014710582
51.4078455698663 -0.0542576927385268
51.4070731351435 -0.0541440679217014
51.4069376835193 -0.0546440672755011
51.4065366731319 -0.0550690248078034
51.4064164510646 -0.0553168019448964
51.4064310776896 -0.055537281099941
51.4066412331066 -0.0561583550445659
51.4063924315572 -0.056762851298332
51.4063349523824 -0.0567446599927404
51.4056717221315 -0.0570521986636658
51.4056324616256 -0.0573791639864175
51.4055573075474 -0.0575746366962889
51.4053671715827 -0.057667219154375
51.4050387126367 -0.0576263670127342
51.4050344013702 -0.0576157617803717
51.4048502832897 -0.0565855570335323
51.4044085203117 -0.0562395164673021
51.4041327726263 -0.0553930528591322
51.4034181465313 -0.055853800731853
51.4028930376971 -0.0565913575251684
51.4002931291736 -0.0567733961817793
51.4007499769657 -0.0583875966731573
51.4008849369647 -0.0587305006337746
51.4009324986749 -0.062081921273494
51.4010422835833 -0.0625993224107014
51.4010324356137 -0.0626670681614005
51.4013400019242 -0.0636631924628858
51.4017598669685 -0.0646006537755488
51.4022512444992 -0.065034633873501
51.4023031494836 -0.0657008974040962
51.4023161553968 -0.0657372150072877
51.4023030489434 -0.0668116332529205
51.4027081005858 -0.0676319358180559
51.4029984068596 -0.0678399522229633
51.4033314095074 -0.0677531313878826
51.4035655286733 -0.0683102619014643
51.4038893903308 -0.0701567099309849
51.4041168442098 -0.0702442238696577
51.4042752688487 -0.0701961822547407
51.404341936847 -0.0702265687702906
51.4048190077602 -0.0703826476218348
51.405096821737 -0.0702963864634625
51.4062183626813 -0.0708817628744982
51.4062522860762 -0.070910921487011
51.406648590651 -0.0706444532635008
51.4072099100033 -0.0704626758666105
51.4082992927297 -0.0707439146517211
51.4084823948846 -0.0708296307789905
51.4086635543325 -0.0709720998901362
51.4091909212826 -0.0715349933719614
51.409236928057 -0.0714899021255778
51.410511673833 -0.0715082316068239
51.4116850769999 -0.0727602306743752
51.4118803389836 -0.0726998505037524
51.4130172603011 -0.072368065070708
51.4132591122873 -0.0728720095769808
51.4137997212 -0.0727809788604233
51.4143537324666 -0.0722804261011451
51.4144842910761 -0.0717571269863062
51.4152796490187 -0.0718827865698023
51.4153439467724 -0.0719385385899254
51.4155070047119 -0.0724781916260356
51.4158820131389 -0.0722996119418028
51.4162961416772 -0.0713951126243482
51.4163490773137 -0.0713613430124671
51.4166736172828 -0.0719238555335142
51.4170852692432 -0.0720108839247756
51.4173238916764 -0.0724331863758343
51.4175877161643 -0.0723708610031169
51.418770393153 -0.0703291342250847
51.4177399446396 -0.0703401581924766
51.416874754041 -0.0695280429442749
51.416875001457 -0.0691064844156895
51.4176589090332 -0.0673754892296913
51.4177837146794 -0.0673441372189046
51.4184636138962 -0.0656641894697889
51.4197838272521 -0.0652290935978286
51.4200837047549 -0.0690701608197809
51.4229213104553 -0.0696679386757809
51.4230285110985 -0.0686116036947517
51.4222728041261 -0.0656354717538391
51.4206119984876 -0.0643851083435273
51.4200807563609 -0.0647598749173262
51.4188340457804 -0.0624880476891806
51.4189975181228 -0.0612504645056821
51.4188582006771 -0.0606002332232625
51.4188897195654 -0.0602177691815456
51.4194656845469 -0.0597106216214635
51.4196571489409 -0.05898696364327
51.4197749950737 -0.0583239340230621
51.4202955358971 -0.058292030708959
51.4205608728812 -0.058136937385545
51.4211075588812 -0.0574476454932599
51.4208964523267 -0.0566385658346376
51.420459495692 -0.0562732296741065
51.4201778157459 -0.0554375150596149
51.4200000415887 -0.0554297625393148
51.419568859751 -0.0550767697642072
51.4194765543624 -0.0548398401671926
51.4194639715306 -0.0547100485078583
51.418865712073 -0.0539973800585501
51.4188607101711 -0.0535283543621341
51.418369960229 -0.0531941648040627
51.4182092412823 -0.0526383189663998
51.4186988240191 -0.052117679614888
51.4188609710613 -0.0523427371488171
51.4190140020308 -0.0527929017871053
51.4189265536779 -0.0534330612422518
51.4195491481718 -0.0533913122916053
51.4196595377871 -0.0534773407675108
51.4198019656996 -0.0525912572976629
51.4197896160139 -0.0525567991278049
51.4197538914152 -0.0525277222579872
51.419677277625 -0.0521804372369034
51.4197063998387 -0.0518663678750338
51.4193498516396 -0.051444658853999
51.4193106118987 -0.0513123260425286
51.4194080516062 -0.0506573829971604
51.4193182335856 -0.050511075102392
51.4192983254181 -0.0498656311765563
51.4187197253333 -0.0492232228617307
51.4188225254859 -0.0477194660831625
51.4194751747187 -0.0467136776333295
51.4195139689422 -0.0462742037739355
51.4177276343915 -0.0461509189934724
51.4173160099458 -0.0457756143490089
51.416973375223 -0.0449605263031801
