51.4298753050448 -0.0782266810404279
51.4298540668666 -0.0798819780164949
51.4296625100664 -0.0804267275256662
51.4295913280695 -0.0804279316788797
51.429103095963 -0.0814175596256459
51.4289221071361 -0.0813999956938096
51.4288792489402 -0.0812642035589262
51.4288541712411 -0.0806934363397494
51.4283665358045 -0.0801492934856761
51.4281375263472 -0.0803449883190437
51.4278375883141 -0.0803872106604828
51.4277743240298 -0.0815254053183801
51.4276990782345 -0.0816463334797271
51.4275962975046 -0.0824085336959176
51.4275620615772 -0.0824864681167
51.4274919841028 -0.0825936566545216
51.4275318968716 -0.0834344466132663
51.427756918629 -0.0836048391573037
51.4281289491901 -0.083523564827144
51.4286508416758 -0.0837005168411888
51.428668235757 -0.0837581448580471
51.4286161186961 -0.0843591827275734
51.428803514509 -0.0849834156088089
51.4286573549736 -0.0862230622998741
51.4288644201205 -0.0866154298946127
51.4290457343735 -0.0867741469563832
51.4286037901587 -0.0883615677990329
51.4287131553647 -0.0887337064229883
51.4293484197851 -0.0887737381049834
51.4293069685291 -0.0898211408785483
51.428669158064 -0.0897020885531603
51.4287043849306 -0.0909206341149742
51.428746863747 -0.0910007040237878
51.4293192050366 -0.0898493343748524
51.4293631945974 -0.0898951813994556
51.4294158594755 -0.0903686155689027
51.4297807374866 -0.0910897458018449
51.4301098070285 -0.0907605202641702
51.4301919497951 -0.0905601982853884
51.4304484830495 -0.0902374303204828
51.4306847835102 -0.0904937476407036
51.4308341983654 -0.0915314465928275
51.4311971694182 -0.091467688834558
51.4312130242702 -0.0914365438805112
51.4316520763375 -0.0910927622824204
51.4318742276981 -0.0911428114031679
51.4320333449925 -0.0917386394111366
51.4324852727057 -0.0922188386151323
51.432453112489 -0.0924799538126193
51.432407220701 -0.0925933669873372
51.4322937565894 -0.0949809011715942
51.4322190560453 -0.0951251642650957
51.4320257575406 -0.0960872470734111
51.4320334231928 -0.0963710179985496
51.4325395331774 -0.0977977264642067
51.4328776960164 -0.0982548388254272
51.4339828359037 -0.0963323315875107
51.434802736268 -0.0961111757624839
51.4349951905942 -0.0957776658893489
51.4353513880376 -0.0957008120660488
51.4360310016149 -0.096910789691617
51.4363982244171 -0.0968595828995826
51.4363588362876 -0.0962775652958249
51.4363986479846 -0.0959611871036176
51.4366931699624 -0.0953473680938526
51.4370498853274 -0.0953190061667629
51.4370927077612 -0.0954646831117409
51.4369670155814 -0.0971911221540624
51.4370472824367 -0.0972345271081581
51.4377987499745 -0.0965359900573995
51.4382067774205 -0.0978077462913453
51.4383253169476 -0.0979881280596168
51.4388920258499 -0.0977649226732446
51.4391236867991 -0.0978028710621252
51.4391254380135 -0.0978055269380597
51.4392919773777 -0.0991160670467569
51.4383395445576 -0.100068379049912
51.4385201469795 -0.100666988777756
51.439586918267 -0.10129457836996
51.4394936475055 -0.101974677475475
51.4391704387975 -0.102640100548948
51.4404838487488 -0.1037376610989
51.4400450974717 -0.10449696741376
51.4403210713568 -0.105096177461246
51.4408659996334 -0.105821770850991
51.4410824033686 -0.105828122215295
51.4412733681113 -0.10496137476889
51.4417868172348 -0.105040849387477
51.4426378161922 -0.104090039741184
51.4426424922624 -0.10399006549593
51.4444734703582 -0.10447188481199
51.4444976700588 -0.104433982607931
51.4446169300218 -0.104342666768371
51.4446321505807 -0.104327679780008
51.4451592274898 -0.103193255441723
51.4451163063356 -0.102518719785152
51.445053869313 -0.10229373440469
51.4449487601496 -0.101648713886397
51.4456352067734 -0.100791811021627
51.4459086812359 -0.100553005303985
51.4459734800644 -0.100562893732925
51.4465451065675 -0.100038210430832
51.4469779417353 -0.0987051742054673
51.4471198625634 -0.0987586075440141
51.4481621957441 -0.0979454477084804
51.4483103838805 -0.0975263528497875
51.4487935881434 -0.0966284121032315
51.448791646981 -0.0959331379389544
51.4486802144557 -0.0952496586992568
51.4486507884279 -0.0951870437262498
51.448573799886 -0.0946262534593961
51.4489030911093 -0.0932651430403715
51.4489042456297 -0.0932255806365384
51.4482483981161 -0.0914232861044571
51.4493272170009 -0.0903529346216143
51.4499637887085 -0.0906996919898802
51.4502670172341 -0.0909532079524465
51.4510206902109 -0.0909443166658412
51.4512316001341 -0.0913475329093608
51.4512474115702 -0.0914628118261625
51.452530302689 -0.0926840740336109
51.4531710664242 -0.0923551086848758
51.4532171933223 -0.0917369180352863
51.4536724381882 -0.0912115524338538
51.4532496113514 -0.0902882316338754
51.4538043102154 -0.0894392282156228
51.4542906266412 -0.0894584429036658
51.4543532880853 -0.0894198679647726
51.4545841673927 -0.0889739738774809
51.4548197785187 -0.0882174185227276
51.454728111975 -0.0878335312143564
51.4543717362068 -0.0877117083939604
51.4530357992747 -0.0877054683779451
51.4531323664963 -0.0864501486765696
51.4533468186508 -0.0861055734517888
51.4534849453537 -0.0848583521800248
51.4536168814104 -0.0847404463706527
51.4541955874135 -0.0832561612057976
51.4536213622876 -0.0818912527188173
51.4531196122742 -0.0818574566953814
51.4528712105374 -0.0816483251850667
51.4524488182279 -0.0816624713617209
51.4517779228172 -0.0835004178619878
51.451465330179 -0.0833075000232802
51.4510860986301 -0.0825525190808436
51.4510818083754 -0.0819275589586274
51.4510280709656 -0.0818740375177946
51.4506109518208 -0.0817214709171433
51.4503180408289 -0.0808747289831429
51.4497439618156 -0.0807666096152729
51.4493971560594 -0.0803457777314624
51.4495286298717 -0.0797662884295015
51.4499319633016 -0.0792033908966014
51.4500362871044 -0.0782896846289417
51.4490598776308 -0.077445580208517
51.4486839479378 -0.0777383266197462
51.4479430437156 -0.0774897630111018
51.4480594875179 -0.0756994002730228
51.448250346139 -0.0753324290808882
51.4482043148988 -0.0749162067252513
51.4475383306145 -0.0739476060504915
51.447121541923 -0.0740784619762831
51.4467214260753 -0.0726965776591368
51.4462548593983 -0.0725993474958738
51.4444829220575 -0.0747938825163701
51.4444580307403 -0.0748766794453647
51.4424933866969 -0.0743873091730601
51.4436005184776 -0.0708934168945466
51.4424824558629 -0.069366701772642
51.4424825027663 -0.0693531742311058
51.4423171098326 -0.0688798748505458
51.4416284542896 -0.0685735197393823
51.4413443859071 -0.0684928443921699
51.4399275729615 -0.0685328044448934
51.4384076016326 -0.0697272761453504
51.4380932726051 -0.0695068188464474
51.4378932332604 -0.0694243798344325
51.4375644369176 -0.0694499877849575
51.4357488028466 -0.0741341589624548
51.4356552311736 -0.074726130977998
51.4342706087716 -0.074947215735179
51.4333661796841 -0.0754330316160878
51.4330974281287 -0.0749325956690535
51.4315281191237 -0.0743035852305414
51.431157830144 -0.0759960271640175
51.4302210072347 -0.0750346411101395
51.4300300347853 -0.0750004414466622
51.4295879446941 -0.0769637809430969
51.4295655247452 -0.0776741387704916
51.4296714543102 -0.0778072826117864
51.4297563366084 -0.0778575701350857
51.4298753050448 -0.0782266810404279
