51.4418441252482 -0.0651989743026872
51.4411974232353 -0.0646300102880022
51.4408547978178 -0.0654135261972463
51.440729717866 -0.0655698413626242
51.440516829717 -0.0667740182738615
51.4399275729615 -0.0685328044448934
51.4413443859071 -0.0684928443921699
51.4416284542896 -0.0685735197393823
51.4423171098326 -0.0688798748505458
51.4424825027663 -0.0693531742311058
51.4424824558629 -0.069366701772642
51.4436005184776 -0.0708934168945466
51.4424933866969 -0.0743873091730601
51.4444580307403 -0.0748766794453647
51.4444829220575 -0.0747938825163701
51.4462548593983 -0.0725993474958738
51.4467214260753 -0.0726965776591368
51.447121541923 -0.0740784619762831
51.4475383306145 -0.0739476060504915
51.4482043148988 -0.0749162067252513
51.448250346139 -0.0753324290808882
51.4480594875179 -0.0756994002730228
51.4479430437156 -0.0774897630111018
51.4486839479378 -0.0777383266197462
51.4490598776308 -0.077445580208517
51.4500362871044 -0.0782896846289417
51.4499319633016 -0.0792033908966014
51.4495286298717 -0.0797662884295015
51.4493971560594 -0.0803457777314624
51.4497439618156 -0.0807666096152729
51.4503180408289 -0.0808747289831429
51.4506109518208 -0.0817214709171433
51.4510280709656 -0.0818740375177946
51.4510818083754 -0.0819275589586274
51.4510860986301 -0.0825525190808436
51.451465330179 -0.0833075000232802
51.4517779228172 -0.0835004178619878
51.4524488182279 -0.0816624713617209
51.4528712105374 -0.0816483251850667
51.4531196122742 -0.0818574566953814
51.4536213622876 -0.0818912527188173
51.4541955874135 -0.0832561612057976
51.4536168814104 -0.0847404463706527
51.4534849453537 -0.0848583521800248
51.4533468186508 -0.0861055734517888
51.4531323664963 -0.0864501486765696
51.4530357992747 -0.0877054683779451
51.4543717362068 -0.0877117083939604
51.454728111975 -0.0878335312143564
51.4548304439675 -0.0871131577323126
51.4556604846111 -0.0860052425285951
51.4570662718305 -0.0866391900648463
51.457419024517 -0.0856743752246317
51.4575133963271 -0.0855462833427737
51.4578454947901 -0.0852328270636194
51.457932819369 -0.0851796809336006
51.4587967252556 -0.0855240373102748
51.4595097085683 -0.0860789845858599
51.4598573801793 -0.0858602933979988
51.4607304756457 -0.0859361656088004
51.4608027813256 -0.0858441210720192
51.4620538820232 -0.0860670290337972
51.4624035487413 -0.0857392779842153
51.4626337355809 -0.08478398417904
51.462614893664 -0.0844725991117047
51.4628528955552 -0.0837320475784576
51.4631198847683 -0.0839071017051156
51.463964703398 -0.0837214398463895
51.4641568973985 -0.0842982299778022
51.4645825597103 -0.0838790707313335
51.4649007718554 -0.0840583965636345
51.4651648732419 -0.0833967183272365
51.465732402408 -0.0834233883362005
51.4659246865172 -0.0831696103163353
51.4659607264754 -0.0823168591807218
51.4656190532088 -0.0819235501435455
51.465567633208 -0.0817259257932015
51.4654637749167 -0.081543202614667
51.4654408146887 -0.0813542380881842
51.4648387870624 -0.0805985417952628
51.4647931180024 -0.0803844185995305
51.4650897822521 -0.0798843337187519
51.4645440376156 -0.0791460034620166
51.4644373853234 -0.0788039905009234
51.4640976008539 -0.0785924913018577
51.4638950301767 -0.0785964892798612
51.4638044999011 -0.0784977345961155
51.4633026156121 -0.0787410208108804
51.4625736502519 -0.0781345875944344
51.4624584784201 -0.0778433957668196
51.4623951076621 -0.0777507448724444
51.4623017151002 -0.0776584062088693
51.4622344050689 -0.0772707234167356
51.4623937765457 -0.0766171272819351
51.4624000852369 -0.0764098547026055
51.4617615576681 -0.0753111166216524
51.462121784531 -0.0747687127460918
51.4619466160463 -0.0727525596633052
51.4619583937182 -0.0727143182365956
51.4619602198824 -0.0727105617332276
51.4621170779108 -0.072709413478765
51.4625584495815 -0.0724334828094074
51.4627784975328 -0.0715406235312794
51.4626992355647 -0.0706955135089666
51.4618291183056 -0.0711127466491798
51.4617885778338 -0.0702444189167413
51.4618407314375 -0.0701577077359497
51.4625696052111 -0.0698875472176859
51.4626126820959 -0.0691677283893897
51.4622643912032 -0.0689484776217193
51.4620913716596 -0.0680668652545786
51.4621132665136 -0.0680425574578856
51.4622621412539 -0.0677042757569187
51.4622935565935 -0.0673358198205191
51.4619817647289 -0.0664897521202471
51.4620881985827 -0.065393841919209
51.4617715861366 -0.065062658285851
51.4612262104517 -0.0647608596010622
51.4609194278578 -0.0645677854959993
51.4608787682148 -0.0645227405349675
51.4604340089703 -0.0642384171927054
51.4602825833983 -0.0640458972104901
51.460249482754 -0.0640230848306682
51.4593602554826 -0.0646482240643421
51.4587457617226 -0.0645707219330854
51.4577391187554 -0.0639160296444634
51.4569750595224 -0.0627356572085265
51.4568095379495 -0.0617503602583684
51.4567013318228 -0.060964163717659
51.4567062681024 -0.060871263629768
51.4568434618681 -0.0603661512736908
51.4573876640055 -0.0595585795703994
51.4574184272102 -0.0587124807389227
51.4574097261816 -0.0584150712708796
51.457978713015 -0.0570369598308571
51.4581039800486 -0.0555750066214744
51.4577376546056 -0.0541187605761003
51.4557718264078 -0.0542023608956627
51.4557440458603 -0.0540452232074163
51.4553524969179 -0.0533124172799867
51.4542396969902 -0.0526463960596433
51.4531314762984 -0.051114846561455
51.4526347213137 -0.0505548655931667
51.4522298743395 -0.0503427208025903
51.4520614516184 -0.0505999347543481
51.4519174063342 -0.0517233492476218
51.4519212060711 -0.0518221583074656
51.4514049451446 -0.0555717561763927
51.4512443095593 -0.0556649716624727
51.4510776641996 -0.0558403225746075
51.4505398209685 -0.0569865853047344
51.4503777211465 -0.0570403403525996
51.4499277854311 -0.0589897617271138
51.4500648952095 -0.0603808724937831
51.4499527829396 -0.0608587404417377
51.4499238398997 -0.0612558322795243
51.4498858343391 -0.0612843791068591
51.4492851753303 -0.0614402335723159
51.4484171570324 -0.0624557128644998
51.4477543344174 -0.0625547294728635
51.4475749114112 -0.0628007094509407
51.4472406371559 -0.062821145929914
51.4464272837158 -0.0642676890323649
51.4462536342743 -0.0643299699617808
51.4461652380143 -0.0644973332223131
51.4459269713088 -0.064615383569117
51.4456801400139 -0.0645196248915749
51.4455244844262 -0.0645065100572484
51.4453730912628 -0.0645174202525799
51.4450053962615 -0.0646318043443111
51.4449289081835 -0.0644749770799684
51.4444933250484 -0.0632441225714876
51.4441655722449 -0.0633164837980145
51.4436460524613 -0.064477012976584
51.4434890226804 -0.0645331285568194
51.4430300915996 -0.0652855315955903
51.442601405621 -0.0650654082367326
51.4424517520582 -0.0649529696473318
51.4419358580222 -0.0652500295669553
51.4418441252482 -0.0651989743026872
