51.4393663612533 -0.0342650242227003
51.4392039227541 -0.0341479038548437
51.4389956930037 -0.0342701428079641
51.4389175047142 -0.0342770588724438
51.4386496296346 -0.0344504977964261
51.4384496737919 -0.0355489850324711
51.4382738610162 -0.0355295982376368
51.43768115203 -0.0365927145161656
51.4377281434288 -0.0369990358630967
51.4376317537713 -0.0378142636451918
51.4368041644815 -0.0363191509334374
51.4367038154598 -0.0363126591154424
51.4365021454831 -0.036633424266633
51.4362631161515 -0.0367848428458896
51.4361542527536 -0.0366672034756915
51.4352896048616 -0.0365721260156749
51.4353920663171 -0.0357925023732221
51.4349398042262 -0.0352526979804483
51.434023593258 -0.0355302053540541
51.4341749640399 -0.0362638084941382
51.4340816190506 -0.0365627107717903
51.4339648827922 -0.0379183656089018
51.432741735773 -0.0374114761010165
51.4327318513336 -0.0381474654721609
51.4320674710331 -0.0392054193371124
51.4320665423117 -0.0392090176639755
51.4311673992332 -0.038486827046008
51.431096115499 -0.0384980646617734
51.4309622087619 -0.038441763731101
51.4308872297315 -0.0387479196755043
51.4310092073195 -0.0398054955978365
51.4315484680556 -0.0397374582396381
51.4320166826681 -0.0399314047336473
51.4320394164328 -0.0400059918257234
51.4317115678691 -0.0410936329586476
51.4317712051655 -0.0414022169364384
51.4321252281605 -0.0421711468564734
51.4311414581218 -0.0434323413956268
51.4316203035244 -0.0444414839711295
51.4311329680626 -0.0457579385631113
51.4306568291409 -0.0459508405695789
51.4301091030841 -0.0479065432528333
51.4300002464936 -0.0481287197360336
51.4299168616819 -0.0482339247807686
51.429826712647 -0.0489372262248507
51.4299843187438 -0.0496075563816126
51.4302957020567 -0.0499890432880126
51.4305197125626 -0.0499659833502799
51.4311045339192 -0.0502369107289737
51.4317077152559 -0.051276773170744
51.4316784530561 -0.0513930773581684
51.4318238943281 -0.0525386690656757
51.4318004615415 -0.0528327702530675
51.4327658020857 -0.0530804470197178
51.4330572413194 -0.0535013796477331
51.4336946099762 -0.0529852061659542
51.4340503564771 -0.0528827736181979
51.4341647242902 -0.0528078039054484
51.4342743263996 -0.0528301897413227
51.4342803140351 -0.0528280371494102
51.4352384552666 -0.0535733152834782
51.4352341546489 -0.053617508611137
51.4349802226111 -0.0546758890043646
51.4349812403405 -0.0546776251600236
51.4352612597309 -0.0555973054140416
51.4350223036316 -0.0562207492711449
51.4350244422468 -0.0562575512258599
51.4347523106533 -0.0567672107724283
51.4351059339377 -0.0573988364754611
51.4357146291455 -0.0572399128539691
51.4361005236052 -0.0565805713518273
51.4366318955798 -0.0582980877167613
51.4360234941401 -0.0589307913780325
51.4362943645488 -0.0601145000847821
51.4363218527891 -0.060134926096775
51.4367133845741 -0.0602334102432523
51.4369572386767 -0.0604586810589832
51.4371273547398 -0.0611447578276392
51.4372722425051 -0.0611971081901938
51.4378238822944 -0.0619965904388378
51.4373818262939 -0.0625234025226494
51.4374653858444 -0.0634398608779537
51.4376694852203 -0.063729708939681
51.4376811488008 -0.0637337237564077
51.4379451765483 -0.0641847549242528
51.4381382216664 -0.0664958896265905
51.4378932332604 -0.0694243798344325
51.4380932726051 -0.0695068188464474
51.4384076016326 -0.0697272761453504
51.4399275729615 -0.0685328044448934
51.440516829717 -0.0667740182738615
51.440729717866 -0.0655698413626242
51.4408547978178 -0.0654135261972463
51.4411974232353 -0.0646300102880022
51.4418441252482 -0.0651989743026872
51.4419358580222 -0.0652500295669553
51.4424517520582 -0.0649529696473318
51.442601405621 -0.0650654082367326
51.4430300915996 -0.0652855315955903
51.4434890226804 -0.0645331285568194
51.4436460524613 -0.064477012976584
51.4441655722449 -0.0633164837980145
51.4444933250484 -0.0632441225714876
51.4449289081835 -0.0644749770799684
51.4450053962615 -0.0646318043443111
51.4453730912628 -0.0645174202525799
51.4455244844262 -0.0645065100572484
51.4456801400139 -0.0645196248915749
51.4459269713088 -0.064615383569117
51.4461652380143 -0.0644973332223131
51.4462536342743 -0.0643299699617808
51.4464272837158 -0.0642676890323649
51.4472406371559 -0.062821145929914
51.4475749114112 -0.0628007094509407
51.4477543344174 -0.0625547294728635
51.4484171570324 -0.0624557128644998
51.4492851753303 -0.0614402335723159
51.4498858343391 -0.0612843791068591
51.4499238398997 -0.0612558322795243
51.4499527829396 -0.0608587404417377
51.4500648952095 -0.0603808724937831
51.4499277854311 -0.0589897617271138
51.4503777211465 -0.0570403403525996
51.4505398209685 -0.0569865853047344
51.4510776641996 -0.0558403225746075
51.4512443095593 -0.0556649716624727
51.4514049451446 -0.0555717561763927
51.4519212060711 -0.0518221583074656
51.4519174063342 -0.0517233492476218
51.4520614516184 -0.0505999347543481
51.4522298743395 -0.0503427208025903
51.4526347213137 -0.0505548655931667
51.4544381277365 -0.0493273492112397
51.4544532070173 -0.0492826773549751
51.4546668851278 -0.047623717342066
51.4552309568593 -0.0481331107222593
51.4554979526159 -0.0481702614582264
51.4557901496376 -0.0478851891183651
51.455648416549 -0.0471859217810462
51.4562150629682 -0.0465113648626651
51.4563334118138 -0.0455967364065459
51.4559533617504 -0.0450930296908047
51.45532552511 -0.0446745692374406
51.4548662179483 -0.0447553152016549
51.4546916369683 -0.0449120710515952
51.4536705236479 -0.0452292429491268
51.4534830624107 -0.0452174321720375
51.4532373916673 -0.0424284164225368
51.4529905726402 -0.0405372401011764
51.4524547417677 -0.0396219656433901
51.4524325342615 -0.0393691971473586
51.4522729930841 -0.0390702168584173
51.4522053457993 -0.0384443966012489
51.4515695208344 -0.0371420783051325
51.4506600659644 -0.0371198525964973
51.4506530145202 -0.0371228843748448
51.4503311562541 -0.0371007329270523
51.4503201519875 -0.0371039342216476
51.4502152734176 -0.0370094651215728
51.4493844204319 -0.0369084005296512
51.4489384451351 -0.0366468924876523
51.4484472951716 -0.0356100960969817
51.4490983933589 -0.0347699024177467
51.4490662199468 -0.0335965209770804
51.4485049145841 -0.0331808774925551
51.4473471391234 -0.0340958864630178
51.4472585648151 -0.0352689489776607
51.4472372324727 -0.0353103271089855
51.4460172877993 -0.0354455119083876
51.4459638700268 -0.0355089118251139
51.445958616504 -0.0355226639483109
51.4452673309068 -0.0364328560444191
51.4452234761291 -0.0364392460856354
51.4447226590273 -0.0360650259969594
51.4441007275763 -0.0368543911470151
51.4439857758727 -0.0368187427346824
51.4439477886781 -0.0367997268380382
51.4438259608653 -0.0355916439114195
51.4431988570416 -0.0356482162768153
51.4429453954013 -0.0350403482034594
51.4429391211335 -0.0350361089318537
51.4427908146623 -0.0346036008849092
51.4424567769544 -0.0343966676377184
51.4423595818731 -0.0341922620654759
51.4418915411011 -0.0338966475899243
51.4417475132403 -0.0338641552205638
51.4415816905574 -0.0342849867943493
51.4403910525294 -0.0339269180173748
51.4403528100834 -0.0337748024409122
51.4402244445615 -0.0337595533880264
51.4393663612533 -0.0342650242227003
