51.4556604846111 -0.0860052425285951
51.4548304439675 -0.0871131577323126
51.454728111975 -0.0878335312143564
51.4548197785187 -0.0882174185227276
51.4545841673927 -0.0889739738774809
51.4543532880853 -0.0894198679647726
51.4542906266412 -0.0894584429036658
51.4538043102154 -0.0894392282156228
51.4532496113514 -0.0902882316338754
51.4536724381882 -0.0912115524338538
51.4532171933223 -0.0917369180352863
51.4531710664242 -0.0923551086848758
51.452530302689 -0.0926840740336109
51.4512474115702 -0.0914628118261625
51.4512316001341 -0.0913475329093608
51.4510206902109 -0.0909443166658412
51.4502670172341 -0.0909532079524465
51.4499637887085 -0.0906996919898802
51.4493272170009 -0.0903529346216143
51.4482483981161 -0.0914232861044571
51.4489042456297 -0.0932255806365384
51.4489030911093 -0.0932651430403715
51.448573799886 -0.0946262534593961
51.4486507884279 -0.0951870437262498
51.4486802144557 -0.0952496586992568
51.448791646981 -0.0959331379389544
51.4487935881434 -0.0966284121032315
51.4483103838805 -0.0975263528497875
51.4481621957441 -0.0979454477084804
51.4471198625634 -0.0987586075440141
51.4469779417353 -0.0987051742054673
51.4465451065675 -0.100038210430832
51.4459734800644 -0.100562893732925
51.4459086812359 -0.100553005303985
51.4456352067734 -0.100791811021627
51.4449487601496 -0.101648713886397
51.445053869313 -0.10229373440469
51.4451163063356 -0.102518719785152
51.4451592274898 -0.103193255441723
51.4446321505807 -0.104327679780008
51.4446169300218 -0.104342666768371
51.4444976700588 -0.104433982607931
51.4444734703582 -0.10447188481199
51.4426424922624 -0.10399006549593
51.4426378161922 -0.104090039741184
51.4417868172348 -0.105040849387477
51.4412733681113 -0.10496137476889
51.4410824033686 -0.105828122215295
51.4412414502453 -0.106212821609077
51.4412663361551 -0.106389873201392
51.4413664668288 -0.106583507591656
51.4421211048583 -0.107068516334107
51.4421280222624 -0.107129450513697
51.4421082055135 -0.1075223874235
51.4430743283046 -0.108193851842222
51.4432351885772 -0.10815659351058
51.4434373306187 -0.107858622078745
51.4434480809924 -0.10786185580395
51.4442779457391 -0.108390545968086
51.4444286104646 -0.108378862292003
51.4446237614229 -0.107820379614231
51.4447649915132 -0.107029430643633
51.4452225383144 -0.106737017263901
51.4454383625507 -0.106674103987525
51.4455380335522 -0.106182556380786
51.4460794912262 -0.105402785901657
51.4460822475372 -0.105400892006906
51.4463707016575 -0.107480125137316
51.4461455029026 -0.107457992546891
51.4455007762343 -0.109176396028097
51.4457695685503 -0.109443297509775
51.4465043963481 -0.109598168257289
51.4472206293077 -0.109246671690638
51.4479960816505 -0.108258484755395
51.4479990176891 -0.108256583522772
51.4487648852168 -0.107777814573466
51.4492574392052 -0.106991960722198
51.4501543523163 -0.106355844489077
51.4501871278341 -0.106325652870261
51.4506690192943 -0.10666111845286
51.4510407908171 -0.1070918073153
51.4516258371785 -0.107964505115457
51.4516611296619 -0.108079103847912
51.4532630892015 -0.10989739792306
51.4535307631807 -0.109983535734717
51.4544374763435 -0.110484043586035
51.4544503694273 -0.110508670464714
51.4552085672537 -0.110306467378607
51.4555499174515 -0.109731970536803
51.4556455406049 -0.109295198716036
51.4555709127088 -0.108759481237634
51.4560343997818 -0.108712434992833
51.4564641979519 -0.109034691147139
51.4565773450148 -0.109327786476232
51.4567951211655 -0.109201886384014
51.4569797225256 -0.108635620522064
51.4573906331846 -0.108684267043687
51.45746074035 -0.108622027382679
51.4575073069004 -0.108649773401302
51.4579660812487 -0.1082493561278
51.4581816400256 -0.108983533144174
51.4581420885267 -0.109084151342408
51.4576010616334 -0.108860834518604
51.4576112419625 -0.109492049643342
51.4577745506945 -0.109667957293092
51.4581112673328 -0.109636955356041
51.4581150634551 -0.109621488123154
51.4587467556638 -0.109407270221096
51.4587872230662 -0.109502802695322
51.4585807631197 -0.109973735772834
51.4589626712724 -0.110470807886871
51.4591063759819 -0.110373127442819
51.4591929855187 -0.110141075964245
51.4599562625041 -0.110488287294995
51.4599568302218 -0.110490044198652
51.4605736260986 -0.110584211636131
51.460906586859 -0.109963230155075
51.4608125040686 -0.109408313871668
51.4606971872315 -0.10925379465164
51.460438510444 -0.10917368620196
51.4600134899955 -0.109532248427907
51.4597118893123 -0.109326915548128
51.459303382241 -0.108028492548356
51.459312080844 -0.107999291569089
51.4589925432481 -0.107323405367613
51.4585137127189 -0.107010297859831
51.458214586412 -0.106969621159166
51.4581057232223 -0.106630412729305
51.4580542912592 -0.106540797432018
51.4579680832932 -0.105839970045885
51.4581341043127 -0.105688182258293
51.4584317906222 -0.104855380282123
51.4584140055155 -0.104728410720176
51.4587821258678 -0.104649189571529
51.4590472658408 -0.104100194475176
51.4591640535441 -0.104011679970111
51.459324412256 -0.104204787371487
51.4593406218271 -0.10431212224601
51.4602430893356 -0.105210368675178
51.4603724692337 -0.104849649010459
51.46127716408 -0.104684458339828
51.4613801997532 -0.104762919304186
51.461929244957 -0.104831094331742
51.4622668879338 -0.10452380894897
51.4624665948476 -0.104437194628364
51.4625022952037 -0.103742882682303
51.4628216235216 -0.102992771796895
51.4637325629777 -0.103197025465652
51.4637899419456 -0.103131735237827
51.4642063176624 -0.103340239174211
51.464221656784 -0.103360375889508
51.4646513517532 -0.103297452937022
51.464790485143 -0.102623150517388
51.4653897649421 -0.102884488678373
51.4654107856564 -0.102855721363657
51.4653186753366 -0.101852693849918
51.4653615367524 -0.101801415621657
51.4657919263314 -0.101564900192075
51.4658214629711 -0.100885154427921
51.4654987994411 -0.10010762233426
51.4653885062877 -0.0999421001037752
51.4653668868655 -0.0997730137047862
51.4651916879001 -0.0996021174142087
51.4647942774494 -0.0984623444137375
51.4646899507545 -0.0984154017573388
51.4646868808066 -0.0984145797569759
51.46415190633 -0.0988373160213094
51.4639637717663 -0.0988999746144779
51.4638464151579 -0.0988589147960456
51.46372068512 -0.0984179469336545
51.4630746430954 -0.0977906555234155
51.4630121159685 -0.0964030629089215
51.4629103235809 -0.0960195126874018
51.4633067024565 -0.0948854646754786
51.4644149101852 -0.094941038561241
51.4657026819679 -0.0933118320958588
51.4643629051032 -0.0917597433807153
51.4632572306342 -0.0933408793249557
51.4632755807875 -0.0947959561322409
51.463069863176 -0.0946505720018549
51.4618692509691 -0.0943137486587849
51.4613232790511 -0.0951210572934505
51.4608441994564 -0.0947946598928827
51.4608211961997 -0.0948064188562006
51.4595952590336 -0.0941007065955066
51.4594990947148 -0.0936656816710161
51.4595345491064 -0.093363683435689
51.4596136058785 -0.093100459136459
51.459665242955 -0.0930362323252457
51.4599180266834 -0.092311299886603
51.4606488383672 -0.0918975698993157
51.4605990781601 -0.0915523525857887
51.4605138383176 -0.0910268992277742
51.4601157438485 -0.0908382936592273
51.4598273313917 -0.0909259343662728
51.4596279232983 -0.0907156290787524
51.4595743649877 -0.0900602066356664
51.4586186897784 -0.0894513585493792
51.4589336137146 -0.0882326972333029
51.458925358721 -0.0881564886212058
51.4570751386922 -0.0872541900267414
51.4570662718305 -0.0866391900648463
51.4556604846111 -0.0860052425285951
