51.3877669536889 -0.0648749567888893
51.3875784811118 -0.0649924049256781
51.3865632017358 -0.0650730347664398
51.3868201470518 -0.0629296478032246
51.3867999246921 -0.0622721089825248
51.3858929614145 -0.0630748571041869
51.3857435355472 -0.0655557698764676
51.3855921672697 -0.0657643106924746
51.3856425561588 -0.0662571529260567
51.3855544123933 -0.0667396002408088
51.3856130119004 -0.0673434853371718
51.3859365195899 -0.068976279411659
51.3859394968776 -0.0690641987626634
51.3858811303299 -0.0692211779761812
51.3851260186172 -0.0697379672984235
51.3851711321023 -0.0706702985390326
51.384763255881 -0.0715281804005241
51.3847631983658 -0.0717213310008034
51.3851494696504 -0.0724730721980621
51.3854167198979 -0.072498695523463
51.385862065886 -0.0730818374186418
51.3862822838096 -0.073345266972914
51.3864590179405 -0.0733827555560125
51.3865084379371 -0.073413978493975
51.3866237078954 -0.0737594249641366
51.386734548165 -0.0739120211994636
51.3867550852646 -0.0739308300223402
51.3871352530672 -0.0739346569652987
51.3875856529226 -0.0734693437449298
51.3876515577321 -0.0734369499309388
51.3879407943892 -0.0744829238679903
51.3881338487156 -0.0744030060093396
51.3881987485101 -0.0741891061888013
51.3887051457962 -0.0737394456441211
51.3889049005332 -0.0739905859716429
51.3893586716454 -0.0735170547489221
51.3896731771375 -0.0727042681517648
51.3898211211476 -0.072663921000597
51.3900327836879 -0.0727862166406107
51.3902418468374 -0.072947256845271
51.3903425344975 -0.0729689801500553
51.3904048732431 -0.0730149502413172
51.39138834725 -0.0731703607856331
51.3917760341859 -0.0739158805095027
51.3917944825711 -0.0740974987250311
51.3922455390868 -0.0746238455416828
51.3923513083803 -0.0748071335256241
51.3929519450606 -0.0753272160553366
51.3929606299873 -0.0753305255967158
51.3933578528584 -0.0770028545767632
51.3920761720665 -0.0776467982449194
51.3921043151945 -0.0813110405212714
51.391882389393 -0.0821153172230426
51.3909598525141 -0.0822437263973338
51.3909439475093 -0.082255175999473
51.3899981807776 -0.0837662489116051
51.3898017086429 -0.0842038140914712
51.3878839100938 -0.0850662754717448
51.3878514237488 -0.0851413409228051
51.3866644045414 -0.086294013352947
51.3875194921018 -0.0885596618179316
51.3877681838244 -0.0887595235318465
51.3878604997154 -0.0886209384882975
51.3888280252848 -0.0891448282409053
51.3888497082583 -0.0892175172305043
51.3888037326152 -0.0894027612580285
51.3886835224346 -0.0895729653956815
51.3885092502998 -0.0899673803843699
51.3884188552827 -0.0904059393240775
51.3884256815327 -0.0906041510061592
51.3885697298477 -0.0909809269743689
51.3886631045528 -0.0910506327585671
51.3887515937337 -0.0911736327509893
51.3891068765376 -0.0914490704151973
51.3893484066631 -0.0913365114430739
51.3896306364146 -0.0912223760210704
51.390007288843 -0.0912974791994223
51.3902759782429 -0.091075113330842
51.3907571235354 -0.0910856637530107
51.3909013014346 -0.0911614358686804
51.3911653617133 -0.0925482956605199
51.3913321516363 -0.0929860178287375
51.391947931031 -0.0925247557825579
51.3927460217611 -0.0930737131886179
51.3928358806307 -0.092949564240315
51.3933136455402 -0.0932827611498886
51.3935078513563 -0.0930518727617864
51.3935278266617 -0.0920754006833114
51.3934249181867 -0.0919943490602435
51.3929950669624 -0.091959255529175
51.3930298116003 -0.0900801468494511
51.3935993924258 -0.0907068547892482
51.3942137616642 -0.0908492192399521
51.3943431039055 -0.0909966072859117
51.3943527612293 -0.0909989312424839
51.3946798646602 -0.0913491745735592
51.3949794347361 -0.0919961622514068
51.3951028794161 -0.0920961553375088
51.3952112109239 -0.0922452534094736
51.3961575855476 -0.0921060836359975
51.3961612566424 -0.0920996490725958
51.3964043854485 -0.0909260859194771
51.3968345394548 -0.090681791391594
51.3974231321349 -0.0920013934465534
51.3974529643641 -0.0920225539724242
51.3977335368621 -0.092839278759055
51.3977828832919 -0.0928166022470288
51.3980841373586 -0.092606364153085
51.3986234321306 -0.0928921116969128
51.3988677353583 -0.0924417227011769
51.3994464982847 -0.0927330617222112
51.3996118869621 -0.0931565785236349
51.399942323822 -0.0929828141977203
51.4000699068616 -0.0927681747331088
51.400186819113 -0.092687804431864
51.4005100717952 -0.0927741646980453
51.4005768029198 -0.0928585130591044
51.4013087366257 -0.0930823313566511
51.401619104785 -0.0912507955090219
51.4016473837838 -0.0912262659537949
51.4023608848779 -0.0927915291948004
51.4033264366599 -0.0916325471459556
51.403343371449 -0.0909336205836687
51.4043494254461 -0.0918479183048316
51.4049144884977 -0.0903542885477124
51.4050884929739 -0.0910192076304705
51.40552452992 -0.0913954627016057
51.4060158742223 -0.0913202347006113
51.4060645258266 -0.0911942050079076
51.4059552304792 -0.0903845524373414
51.4062543260139 -0.0901690144673434
51.4066202024548 -0.0903110892325838
51.4067917656395 -0.0902247486522897
51.4069497429229 -0.090358414913563
51.4075607876117 -0.0903464733591681
51.4077347435197 -0.0902690415306545
51.4078610330888 -0.0895727211258528
51.4078670054493 -0.0894979009202558
51.4079986480813 -0.0893782448860894
51.4083649604387 -0.0884113217909206
51.4087723443724 -0.0882154281476737
51.4091289420837 -0.0885160387551734
51.4094358326944 -0.0879298869611916
51.409910873012 -0.088172444036383
51.4101333571295 -0.088055391489378
51.4099354073794 -0.0872187855573522
51.4099617998414 -0.0870181463511018
51.4101502905704 -0.0868619589999832
51.4102148140513 -0.085264021631601
51.4101621105787 -0.0850811491902159
51.4101881953954 -0.0843448602195339
51.4099157758093 -0.0837883406192389
51.4097809571214 -0.0836474365437272
51.4086674304496 -0.0836139665479406
51.4084459843272 -0.0827883475234123
51.4084020492015 -0.0827075511511779
51.408325852636 -0.082413279915355
51.4078283038735 -0.0810491317538662
51.4078195204656 -0.080929995718888
51.4076541845323 -0.0807868274070944
51.4068678010579 -0.0806706133527442
51.4066843299837 -0.0807375717526936
51.4066280034314 -0.0820250361983949
51.406540967662 -0.0822605656002583
51.4063236831062 -0.0821950871327283
51.4060969944713 -0.0820329095793732
51.4056340558631 -0.0813387287616104
51.4061142556095 -0.0800290328845651
51.4054376498967 -0.0792495776890835
51.4052720465275 -0.0792492850658434
51.404811811087 -0.078304303002089
51.4046586015775 -0.0777770261877171
51.4058107865063 -0.0770869995825776
51.4060580911318 -0.0770587243031899
51.4063752122551 -0.0767488049563759
51.4079607489208 -0.0761593287398898
51.4079773060182 -0.075995975259002
51.4080411579294 -0.0756742609455879
51.4083450385827 -0.0745694768198413
51.4088760804683 -0.0734750475399989
51.4091909212826 -0.0715349933719614
51.4086635543325 -0.0709720998901362
51.4084823948846 -0.0708296307789905
51.4082992927297 -0.0707439146517211
51.4072099100033 -0.0704626758666105
51.406648590651 -0.0706444532635008
51.4062522860762 -0.070910921487011
51.4062183626813 -0.0708817628744982
51.405096821737 -0.0702963864634625
51.4048190077602 -0.0703826476218348
51.404341936847 -0.0702265687702906
51.4042752688487 -0.0701961822547407
51.4041168442098 -0.0702442238696577
51.4038893903308 -0.0701567099309849
51.4035655286733 -0.0683102619014643
51.4033314095074 -0.0677531313878826
51.4029984068596 -0.0678399522229633
51.4027081005858 -0.0676319358180559
51.4023030489434 -0.0668116332529205
51.4023161553968 -0.0657372150072877
51.4023031494836 -0.0657008974040962
51.4022512444992 -0.065034633873501
51.4017598669685 -0.0646006537755488
51.4013400019242 -0.0636631924628858
51.4010324356137 -0.0626670681614005
51.4010422835833 -0.0625993224107014
51.4009324986749 -0.062081921273494
51.4008849369647 -0.0587305006337746
51.4007499769657 -0.0583875966731573
51.4002931291736 -0.0567733961817793
51.4001065155794 -0.0564874554221719
51.3988623821401 -0.0557027595183063
51.3981581655204 -0.0555772272915022
51.3974166572541 -0.0565853484391084
51.3962638212869 -0.0578201767009778
51.3959135418632 -0.0583776192797944
51.3956604913166 -0.0587100085012402
51.3950761691202 -0.058555064528345
51.393894791222 -0.058979719027817
51.3921190666198 -0.0584978532359397
51.3915645744906 -0.0581737260346828
51.3914868724024 -0.0580907381499563
51.3902376204107 -0.0599592070303005
51.3902184321336 -0.0600219994515822
51.3897887447961 -0.0601766962042473
51.3895727068431 -0.0604588765155028
51.3894315762914 -0.0607694101545708
51.3893750556889 -0.0609720781915946
51.3890416861652 -0.061264662899266
51.3888221459405 -0.0624875671181953
51.3886429869914 -0.0625374416414557
51.3878696641888 -0.0639686900271718
51.3878524483512 -0.064232613870662
51.3878563742435 -0.0646770749123546
51.3877669536889 -0.0648749567888893
