51.4289683782091 -0.0328474789472032
51.4282429723292 -0.0323661252697727
51.4279919377263 -0.0323804677655938
51.4276233898621 -0.031853315498994
51.4273094781794 -0.0316995688550153
51.4267368324136 -0.0308556316049049
51.4265036828482 -0.0306984223723575
51.4264861836706 -0.0307217095609853
51.4262781170575 -0.0317258600564119
51.425847954987 -0.0320267372656029
51.4254495794777 -0.0317471110477448
51.4255800513476 -0.030699585578338
51.4249889900218 -0.0299157843356119
51.4246872972111 -0.029890095908663
51.4240875506269 -0.0294295180865739
51.4235839346584 -0.0294036245853564
51.4234013554339 -0.0293080624511445
51.4227976923224 -0.0296198445960227
51.4222328145243 -0.0300729740522272
51.422041514254 -0.0312399713803106
51.4213364173785 -0.0327445961631523
51.4205078064853 -0.033307896987373
51.4204541598401 -0.0334593845369782
51.4195293115285 -0.0351943917945388
51.4193481422815 -0.0360354639243438
51.4194002199658 -0.0365788457038519
51.4186609976774 -0.0390942664223302
51.4194186117654 -0.0403634412651424
51.4202222633028 -0.0408055541219434
51.4208928438106 -0.0392199122759956
51.4210811675282 -0.0376341268209579
51.4211389473792 -0.0376271454733884
51.4214268957367 -0.0380777915957112
51.4217926951506 -0.0384369961575419
51.4224045509843 -0.0386885444360836
51.4225456915042 -0.0385378170519576
51.4225674481907 -0.0381296331776434
51.4217244374348 -0.0368946651631545
51.4218692159156 -0.0366070415985993
51.4224859284051 -0.0366920890039415
51.4229244896201 -0.0362210905690821
51.4235031014748 -0.036371572552121
51.4236413714065 -0.0370210124712372
51.4239566568307 -0.0377833687750195
51.4238300065848 -0.038053147444667
51.4235569037753 -0.0389889495567528
51.4237460846445 -0.0401837824651324
51.423696022646 -0.0403512484932712
51.4228441363824 -0.0412345753356303
51.4228147178398 -0.042040379963784
51.4223089198453 -0.0429547686273214
51.420975238218 -0.0431599774352064
51.4208619857154 -0.0438399456491014
51.4198520586647 -0.0459056859509863
51.4198116756133 -0.0459531828610939
51.4195629164951 -0.0461364538663193
51.4195139689422 -0.0462742037739355
51.4194751747187 -0.0467136776333295
51.4188225254859 -0.0477194660831625
51.4187197253333 -0.0492232228617307
51.4192983254181 -0.0498656311765563
51.4193182335856 -0.050511075102392
51.4194080516062 -0.0506573829971604
51.4193106118987 -0.0513123260425286
51.4193498516396 -0.051444658853999
51.4197063998387 -0.0518663678750338
51.419677277625 -0.0521804372369034
51.4197538914152 -0.0525277222579872
51.4197896160139 -0.0525567991278049
51.4198019656996 -0.0525912572976629
51.4196595377871 -0.0534773407675108
51.4195491481718 -0.0533913122916053
51.4189265536779 -0.0534330612422518
51.4190140020308 -0.0527929017871053
51.4188609710613 -0.0523427371488171
51.4186988240191 -0.052117679614888
51.4182092412823 -0.0526383189663998
51.418369960229 -0.0531941648040627
51.4188607101711 -0.0535283543621341
51.418865712073 -0.0539973800585501
51.4194639715306 -0.0547100485078583
51.4194765543624 -0.0548398401671926
51.419568859751 -0.0550767697642072
51.4200000415887 -0.0554297625393148
51.4201778157459 -0.0554375150596149
51.420459495692 -0.0562732296741065
51.4208964523267 -0.0566385658346376
51.4211075588812 -0.0574476454932599
51.4205608728812 -0.058136937385545
51.4202955358971 -0.058292030708959
51.4197749950737 -0.0583239340230621
51.4196571489409 -0.05898696364327
51.4194656845469 -0.0597106216214635
51.4188897195654 -0.0602177691815456
51.4188582006771 -0.0606002332232625
51.4189975181228 -0.0612504645056821
51.4188340457804 -0.0624880476891806
51.4200807563609 -0.0647598749173262
51.4206119984876 -0.0643851083435273
51.4222728041261 -0.0656354717538391
51.4230285110985 -0.0686116036947517
51.4229213104553 -0.0696679386757809
51.423107218778 -0.0705464846419916
51.4245404221524 -0.0714202032329848
51.4246787191351 -0.0717443235701088
51.4257323716788 -0.0723733914260661
51.4264004382198 -0.0738996957852171
51.4260479746515 -0.0747775876354009
51.4264181320736 -0.0756007943741707
51.4267988336864 -0.075248556303075
51.4270642931054 -0.0744975420665983
51.42710967803 -0.0744856713665257
51.4274205325925 -0.074489683036107
51.427728469977 -0.0748633966369902
51.4279223440457 -0.0749100447069522
51.4281098433633 -0.0765780943392919
51.4283706311771 -0.0766264472587513
51.4290251173497 -0.077388433330022
51.4295200532575 -0.0776643047243956
51.4295655247452 -0.0776741387704916
51.4295879446941 -0.0769637809430969
51.4300300347853 -0.0750004414466622
51.4302210072347 -0.0750346411101395
51.431157830144 -0.0759960271640175
51.4315281191237 -0.0743035852305414
51.4330974281287 -0.0749325956690535
51.4333661796841 -0.0754330316160878
51.4342706087716 -0.074947215735179
51.4356552311736 -0.074726130977998
51.4357488028466 -0.0741341589624548
51.4375644369176 -0.0694499877849575
51.4378932332604 -0.0694243798344325
51.4381382216664 -0.0664958896265905
51.4379451765483 -0.0641847549242528
51.4376811488008 -0.0637337237564077
51.4376694852203 -0.063729708939681
51.4374653858444 -0.0634398608779537
51.4373818262939 -0.0625234025226494
51.4378238822944 -0.0619965904388378
51.4372722425051 -0.0611971081901938
51.4371273547398 -0.0611447578276392
51.4369572386767 -0.0604586810589832
51.4367133845741 -0.0602334102432523
51.4363218527891 -0.060134926096775
51.4362943645488 -0.0601145000847821
51.4360234941401 -0.0589307913780325
51.4366318955798 -0.0582980877167613
51.4361005236052 -0.0565805713518273
51.4357146291455 -0.0572399128539691
51.4351059339377 -0.0573988364754611
51.4347523106533 -0.0567672107724283
51.4350244422468 -0.0562575512258599
51.4350223036316 -0.0562207492711449
51.4352612597309 -0.0555973054140416
51.4349812403405 -0.0546776251600236
51.4349802226111 -0.0546758890043646
51.4352341546489 -0.053617508611137
51.4352384552666 -0.0535733152834782
51.4342803140351 -0.0528280371494102
51.4342743263996 -0.0528301897413227
51.4341647242902 -0.0528078039054484
51.4340503564771 -0.0528827736181979
51.4336946099762 -0.0529852061659542
51.4330572413194 -0.0535013796477331
51.4327658020857 -0.0530804470197178
51.4318004615415 -0.0528327702530675
51.4318238943281 -0.0525386690656757
51.4316784530561 -0.0513930773581684
51.4317077152559 -0.051276773170744
51.4311045339192 -0.0502369107289737
51.4305197125626 -0.0499659833502799
51.4302957020567 -0.0499890432880126
51.4299843187438 -0.0496075563816126
51.429826712647 -0.0489372262248507
51.4299168616819 -0.0482339247807686
51.4300002464936 -0.0481287197360336
51.4301091030841 -0.0479065432528333
51.4306568291409 -0.0459508405695789
51.4311329680626 -0.0457579385631113
51.4316203035244 -0.0444414839711295
51.4311414581218 -0.0434323413956268
51.4321252281605 -0.0421711468564734
51.4317712051655 -0.0414022169364384
51.4317115678691 -0.0410936329586476
51.4320394164328 -0.0400059918257234
51.4320166826681 -0.0399314047336473
51.4315484680556 -0.0397374582396381
51.4310092073195 -0.0398054955978365
51.4308872297315 -0.0387479196755043
51.4309622087619 -0.038441763731101
51.4307214688816 -0.0377821356089557
51.4307379231208 -0.0358285474396312
51.4308553893772 -0.0357137900668444
51.4315048217527 -0.0335306574161536
51.4313868943983 -0.0328838015517891
51.4300112544881 -0.0322218354445364
51.4295124766071 -0.0323394598598073
51.4294109675584 -0.0324031268769713
51.4289683782091 -0.0328474789472032
