51.4233643209652 -0.0994264684929339
51.4238693879622 -0.0996096193132093
51.4239991134961 -0.100757592783281
51.4236761231155 -0.101186306807848
51.4230415642444 -0.101017520203637
51.4230178586655 -0.101540910958568
51.423164347577 -0.102031870914234
51.4228516279204 -0.103173129012495
51.4227087844018 -0.103418127841126
51.422730161193 -0.103461359681451
51.4228652816199 -0.10394472872332
51.4228879616052 -0.104351990512546
51.4225224029633 -0.104812077608195
51.4227305494655 -0.105519890614748
51.4227355581525 -0.105534982060834
51.4227930316105 -0.10582031371746
51.4227986745313 -0.10582458696515
51.4227901557142 -0.106499144304964
51.4234524724629 -0.106834078246724
51.4234697807798 -0.107154282230393
51.4242102464646 -0.107735886462425
51.4242405112658 -0.107845287722844
51.4237610378079 -0.108728946194861
51.4238497120126 -0.109260273666741
51.4243013226273 -0.109892497626303
51.4243516292633 -0.110090852068705
51.4239620121972 -0.110587953687169
51.4237477725326 -0.111357346454934
51.4244714973953 -0.111660057755983
51.4249850366141 -0.111789984273296
51.4250065791516 -0.111905086468515
51.4251054491444 -0.112060053436836
51.4251398506413 -0.112153040985078
51.4253143420719 -0.112537823365536
51.4253375550575 -0.112555724346109
51.4258399562751 -0.114099377224817
51.4258372926184 -0.114174087206614
51.4258570667918 -0.114235301729461
51.4265963229725 -0.114056613902629
51.4267140494685 -0.113439415756147
51.4270635555153 -0.11328127216963
51.4273893358661 -0.112280581088821
51.4275733499384 -0.112078839476541
51.4278264977063 -0.112245485239993
51.4281575208212 -0.112709356343669
51.4282068247869 -0.112845739931788
51.4282434293491 -0.1128801699326
51.4290312920531 -0.112872854479647
51.4292539014897 -0.112549958266706
51.4297359038575 -0.112815118909844
51.429761464254 -0.112973242558983
51.4304129957988 -0.113728535082411
51.4304357023993 -0.11384906002021
51.4308569233105 -0.114013311794979
51.4308723760013 -0.114012675465952
51.4310888165704 -0.113904007286786
51.4313177588002 -0.114108561611069
51.4318427387567 -0.113994303890854
51.43211548146 -0.114295036608044
51.4322848750436 -0.115145908354334
51.4325005311475 -0.115329432195948
51.432715635193 -0.115254983546985
51.4329266469719 -0.115339771767809
51.4329902098755 -0.1153120085088
51.4332244881605 -0.115323006954252
51.4339912475244 -0.114657531950523
51.4340073802495 -0.114620925114793
51.4337632439112 -0.113784845541191
51.4340851475823 -0.113107061521597
51.4346357339164 -0.113092441396576
51.434848036269 -0.112698874496937
51.435049446597 -0.11193611625897
51.4349461965877 -0.111682245099107
51.4352315974231 -0.110291094725991
51.4349540333313 -0.10985924668464
51.4351116304647 -0.109430078787763
51.435445548631 -0.108919010609289
51.4353403078431 -0.107968416044097
51.4353708568265 -0.107816972973812
51.4354145442861 -0.107710895163833
51.4356120096213 -0.107652318699451
51.4368766671453 -0.108779001081526
51.4369253432296 -0.108926346156117
51.4377622828717 -0.108355798859956
51.4379570571099 -0.107946654048309
51.4385320959567 -0.107464250912508
51.4385385491792 -0.107463035101214
51.4385790527286 -0.107404772239226
51.4387222796726 -0.106921346198038
51.4387775576325 -0.106748107486706
51.4388193148362 -0.106194252501086
51.4390976197176 -0.105780802588908
51.4393613030377 -0.106181681349201
51.4391743693693 -0.106819845907603
51.4394607344007 -0.106899711293557
51.439472132534 -0.106892952254016
51.4395915706346 -0.107018514704834
51.439677966553 -0.107480713244037
51.4397735821362 -0.107572976122438
51.4400980742879 -0.106679147181942
51.4402004552609 -0.10657240946615
51.44026051235 -0.106750731535094
51.4406860607666 -0.107076597078428
51.4408141478672 -0.10703630233865
51.4412663361551 -0.106389873201392
51.4412414502453 -0.106212821609077
51.4410824033686 -0.105828122215295
51.4408659996334 -0.105821770850991
51.4403210713568 -0.105096177461246
51.4400450974717 -0.10449696741376
51.4404838487488 -0.1037376610989
51.4391704387975 -0.102640100548948
51.4394936475055 -0.101974677475475
51.439586918267 -0.10129457836996
51.4385201469795 -0.100666988777756
51.4383395445576 -0.100068379049912
51.4392919773777 -0.0991160670467569
51.4391254380135 -0.0978055269380597
51.4391236867991 -0.0978028710621252
51.4388920258499 -0.0977649226732446
51.4383253169476 -0.0979881280596168
51.4382067774205 -0.0978077462913453
51.4377987499745 -0.0965359900573995
51.4370472824367 -0.0972345271081581
51.4369670155814 -0.0971911221540624
51.4370927077612 -0.0954646831117409
51.4370498853274 -0.0953190061667629
51.4366931699624 -0.0953473680938526
51.4363986479846 -0.0959611871036176
51.4363588362876 -0.0962775652958249
51.4363982244171 -0.0968595828995826
51.4360310016149 -0.096910789691617
51.4353513880376 -0.0957008120660488
51.4349951905942 -0.0957776658893489
51.434802736268 -0.0961111757624839
51.4339828359037 -0.0963323315875107
51.4328776960164 -0.0982548388254272
51.4325395331774 -0.0977977264642067
51.4320334231928 -0.0963710179985496
51.4320257575406 -0.0960872470734111
51.4322190560453 -0.0951251642650957
51.4322937565894 -0.0949809011715942
51.432407220701 -0.0925933669873372
51.432453112489 -0.0924799538126193
51.4324852727057 -0.0922188386151323
51.4320333449925 -0.0917386394111366
51.4318742276981 -0.0911428114031679
51.4316520763375 -0.0910927622824204
51.4312130242702 -0.0914365438805112
51.4311971694182 -0.091467688834558
51.4308341983654 -0.0915314465928275
51.4306847835102 -0.0904937476407036
51.4304484830495 -0.0902374303204828
51.4301919497951 -0.0905601982853884
51.4301098070285 -0.0907605202641702
51.4297807374866 -0.0910897458018449
51.4294158594755 -0.0903686155689027
51.4293631945974 -0.0898951813994556
51.4293192050366 -0.0898493343748524
51.428746863747 -0.0910007040237878
51.4287043849306 -0.0909206341149742
51.428669158064 -0.0897020885531603
51.4293069685291 -0.0898211408785483
51.4293484197851 -0.0887737381049834
51.4287131553647 -0.0887337064229883
51.4286037901587 -0.0883615677990329
51.4290457343735 -0.0867741469563832
51.4288644201205 -0.0866154298946127
51.4286573549736 -0.0862230622998741
51.4280502722107 -0.0859985214481972
51.4275375555778 -0.0868128291580639
51.4273035898793 -0.0867165680405547
51.4269553503992 -0.0870493305937823
51.4269763127153 -0.0883341313517901
51.4270246180141 -0.0883744573099663
51.4270441599691 -0.0884095790599881
51.4271811556039 -0.0888883645795009
51.427188938873 -0.0891892974182136
51.4270655936153 -0.0893877690774184
51.4262188570632 -0.0899364000031166
51.4263004671842 -0.0916681591183747
51.4260006704696 -0.0922604950055725
51.4258848086284 -0.0923004264872047
51.4250144194651 -0.0929930045025389
51.4247831767777 -0.0942908538198723
51.4239544842852 -0.0956081899069927
51.4238086611305 -0.0956079662926619
51.4232571229509 -0.095436753730937
51.4229052487909 -0.0979666452337099
51.422750454439 -0.0980396030247235
51.4232188008756 -0.0995502703618606
51.4233643209652 -0.0994264684929339
