51.4988055396647 0.108872988413902
51.4975077434147 0.108045926900664
51.4970140642951 0.107337017240665
51.4968047375382 0.106953650647687
51.4966289194331 0.106376425070592
51.4966156977605 0.104554189732796
51.49631443741 0.104453834639081
51.495003170539 0.102822273772968
51.4948311862227 0.102391130669173
51.4943495754947 0.102702155615533
51.4927833348738 0.102739949694867
51.492682921186 0.10253898793501
51.4920451121963 0.0997265808295705
51.4922797797338 0.0988063871670347
51.4922816522407 0.0984355314327952
51.49172461716 0.0971791946603378
51.4916377871927 0.0968817148871929
51.4916383590428 0.0963720747387466
51.4924081785214 0.0944913906933887
51.4918592772155 0.0920263303664227
51.4908446256115 0.0919312998425036
51.4907035497989 0.0900871835318398
51.4906586197097 0.0900607800400056
51.489843256806 0.0884533371617493
51.4899248815952 0.0877873174732837
51.4899740052688 0.0874267158027759
51.4907718885822 0.0864872032527418
51.4908216301716 0.0858844429099486
51.4910079301158 0.0856102651437638
51.4907055724675 0.0836642656480925
51.4908626604749 0.0824632652949516
51.4911294372859 0.0821827634469337
51.4908897629986 0.0813570565572344
51.4909307288482 0.0806241891926169
51.4911127674602 0.0801841057651363
51.4911618376353 0.0801242206644962
51.4912314238151 0.0794449110274232
51.4914396917681 0.078863839962433
51.4914952964223 0.0788663696272278
51.4922705248302 0.0778112656449877
51.4926008482491 0.0776273333494301
51.4926528833108 0.0775522560631568
51.4927012604178 0.0774400723064064
51.493594897311 0.0779723343934751
51.4939043287594 0.0778360296869842
51.4940801392295 0.0780817069329049
51.4947988754547 0.0784943850310272
51.494827748051 0.0784479474476356
51.4949241803616 0.0771306257580853
51.4949844743411 0.0768379509048041
51.4951182474172 0.0768278769201158
51.4956093433639 0.0761244196838552
51.4959291326179 0.0760681544532639
51.4959871775519 0.0763289153655071
51.4962847252781 0.0762848258170209
51.4962973197867 0.0763097496020243
51.4964410659484 0.0765944833461615
51.4966711442134 0.0768066437094144
51.4967199845393 0.0769220693468989
51.4968265535845 0.0771738759524743
51.4965603474426 0.0774786996319604
51.4967197233268 0.0779213068574825
51.4967660812188 0.0780499252520013
51.4970278621997 0.0779898459751191
51.4972248403939 0.0782890090165107
51.4974482541684 0.0786284594961314
51.4975789879949 0.0788963414524218
51.4979612089212 0.0796795852846873
51.4981518861063 0.0800701827244577
51.4986949282368 0.0811830592242351
51.499001493091 0.081811193250511
51.4995124580515 0.0824108763435352
51.4996050913822 0.0825051464955856
51.500431101171 0.0833459979634032
51.500597771914 0.0835184919608849
51.5007224218023 0.0836474907935145
51.5012324202729 0.0841492821258043
51.5015526239502 0.0844644589003707
51.5022425119116 0.0851432990328988
51.5025342626635 0.0854304600886367
51.5027001667224 0.0855852330795971
51.5031650682796 0.0860189531140638
51.5036223631754 0.0864455626970729
51.5035011400789 0.0866850039981769
51.5035996436294 0.0867927470854803
51.5040687089661 0.0873054481927314
51.5043127209122 0.0875721565285375
51.5046151527163 0.087758965794718
51.5054213203164 0.0879399349418162
51.5082040242983 0.091251973244799
51.5087382090579 0.0915501968317523
51.5090193305965 0.0919233370493265
51.5092291004538 0.092264458023589
51.5093261036957 0.0928741797860036
51.5093461149235 0.093264119126318
51.5092945999914 0.0943921073702947
51.5092870438713 0.0945584674753785
51.5093088271829 0.0953521256922494
51.5089245340236 0.0952191180095348
51.509003387144 0.0958425053788592
51.5087609066517 0.0978344484102514
51.5084639789787 0.0998527404825721
51.5083974012205 0.101060210662881
51.5083781444576 0.101131448019722
51.5082088567317 0.104084982528413
51.5081425103832 0.105242072040608
51.5081791522268 0.105704897224151
51.5083532102762 0.106029932945311
51.5088294047547 0.106631619417407
51.509087235213 0.106957439189773
51.5095842572704 0.10758553459751
51.509679186654 0.107806054576563
51.5097849208272 0.108430716321345
51.509814848513 0.108941255469101
51.5098399531035 0.109369940946453
51.510257916969 0.112401327007896
51.5104630615249 0.113888880482862
51.5105319121356 0.114388400382674
51.5107534379433 0.115624345355661
51.5110233104436 0.117129665778552
51.5111284229453 0.117716315070803
51.5114022232615 0.118982880965074
51.5115527029264 0.119590776769987
51.5116620405613 0.120032545750546
51.5121022096163 0.121752242434894
51.5121660228428 0.122001660144971
51.5123020458309 0.122483538837124
51.5126731022339 0.123797945069654
51.5130037622102 0.124349018922241
51.5131357132531 0.124568818243436
51.5133724437416 0.125401443154852
51.5134063443519 0.12700274886801
51.5134017043209 0.127149528934205
51.5133422906094 0.129046420535778
51.5132466348817 0.129922746465876
51.5132452364069 0.129935396304193
51.5129224710374 0.130871587085096
51.5128390103189 0.131011834598493
51.512382543643 0.132052279058091
51.511506819275 0.134048219855806
51.5114986673504 0.134066376033447
51.510616498694 0.136024271387825
51.510334602442 0.136688387477436
51.510446128401 0.136981876249132
51.5101360551884 0.137716791504473
51.5097280951336 0.138879392676352
51.5086219356846 0.14183956658588
51.5082914641213 0.142921605323519
51.5082596990488 0.133792033222328
51.5081556842018 0.133525057758978
51.5068086835188 0.13152210557547
51.5063347740956 0.130816447213463
51.5054477630392 0.130699379808558
51.5037694956043 0.129771849577704
51.5027549226551 0.129376917930834
51.5027663954979 0.127352893901455
51.5026769558572 0.126891210542712
51.5025247324073 0.126421259971296
51.5022617141506 0.125134725818477
51.5018354891827 0.124464688664316
51.5011238172841 0.121838049114284
51.5009362336547 0.121527582922163
51.5007074403083 0.118458815891566
51.5008027353564 0.1177670680567
51.500727362245 0.117589769722473
51.5003823301881 0.117016371204818
51.5001295367716 0.116094187079464
51.5000395867013 0.115867630674241
51.4998798123365 0.114886804019638
51.4998624387176 0.114494205933397
51.4995911068468 0.113731564449853
51.499530332922 0.112299630703823
51.4988431311131 0.110406461791263
51.4987891133346 0.110160912777641
51.4988306526734 0.109681000615719
51.4988055396647 0.108872988413902
