51.462279633924 0.0379439117528152
51.4622678862019 0.037895671647463
51.4608250327742 0.0364323427528949
51.4608265833749 0.0364000081563753
51.4608157795053 0.0363698535887971
51.4608352325305 0.0352496490410498
51.4598995317324 0.0346591889604983
51.4599463121405 0.033273875695216
51.4596725335661 0.0331717396107524
51.4589186338705 0.0313918373004991
51.4588110831607 0.0314608865919926
51.4582515717064 0.0327811320735621
51.4578411309861 0.0331047138449882
51.457501526337 0.0321584132810436
51.4553615499024 0.0312942020576017
51.4549284472124 0.030471635736073
51.4549557797573 0.0303469299480518
51.4549405452955 0.0292225993240515
51.4547712632495 0.0287652995942781
51.4542777700408 0.0267031169305277
51.4543215007166 0.0264720898404796
51.4556174947479 0.0247311160685581
51.4557418270772 0.0246843981756044
51.4566159097974 0.0249102411655089
51.45715122514 0.0256365470210023
51.4581579161243 0.024904664196311
51.4581885134871 0.0241376352537156
51.4586395286338 0.0218310536590901
51.4595094297235 0.0215959148969728
51.4597533005709 0.0212693698522788
51.4588389514947 0.0176814735043235
51.4588925743696 0.0173499654955046
51.458780489037 0.016941124632812
51.4585553218914 0.0166829020371169
51.4577107031818 0.0160446458710352
51.4576735716294 0.0158513317079436
51.4575896051708 0.0150406871490089
51.4575365065576 0.0149393647159096
51.457409887921 0.0145910251685556
51.4559030366163 0.0136808535594066
51.4558990122172 0.0136743863320218
51.4559410139485 0.0135268147603525
51.4570574191395 0.0133015467676846
51.4570541300247 0.0132051489773529
51.4566426156381 0.0123693139631445
51.4565648584167 0.012290292896843
51.456498815253 0.0119949535135887
51.456814719107 0.0111101716147177
51.4568308323587 0.0110146273090434
51.4568359278525 0.0110058313002055
51.4567894484722 0.00974241827193692
51.4574636136023 0.00994744847249797
51.4579544478848 0.00930412845494419
51.4579662207869 0.00923094103546725
51.4579676630308 0.00884776496520454
51.4576951391196 0.00807822659306534
51.4577226686011 0.00802460189637728
51.4585346258092 0.00757527861805743
51.458488411728 0.006761661937037
51.4586104835982 0.00646839642693955
51.4590298296786 0.00674944722961666
51.4591203893022 0.00673727764839349
51.459288312904 0.00633884180522922
51.4599238883936 0.00656647324335354
51.4600100715061 0.00633726091616198
51.4603898943078 0.00612258579530211
51.4611274370584 0.00663279425583669
51.4613442848905 0.0063120953264788
51.4613773020462 0.00578534829463794
51.4624415413319 0.00533442861938437
51.4624382902893 0.00510401147511753
51.4624856126758 0.00488649371881006
51.4625713986607 0.00483802613202622
51.4633849741852 0.00519227595408253
51.4635106820115 0.00449685681526387
51.4632095552131 0.00394737364442779
51.4631628460515 0.00369783765520249
51.4629586182406 0.00352781666101009
51.4628011900912 0.0030549086154489
51.4629039838677 0.00160000033887468
51.4634133938492 0.00176164521855732
51.4637959951549 0.00157327168483143
51.4640596911777 0.00118798818933475
51.4636463395138 -0.000198602892426965
51.4640607254298 -0.00136015074531341
51.4645262847898 -0.00154231693640872
51.4646619553443 -0.00235520909899154
51.4648854611927 -0.00292045252590084
51.4647622712195 -0.0041279480194498
51.4648004209156 -0.00448892485775796
51.4651115412779 -0.00523209642934811
51.4658986651469 -0.00504926642841968
51.4661382871727 -0.0037097635483156
51.4669745081368 -0.00381809173797539
51.4670667444411 -0.00415060938291095
51.4676155595274 -0.00436515188552576
51.4682412426727 -0.00598012879038677
51.4683619911636 -0.00604419294902926
51.4684376961362 -0.00609751880549559
51.4684773860954 -0.00625866374050042
51.4690926718264 -0.00709941287430714
51.4702736353979 -0.00660334943586475
51.4705615189883 -0.00601762480100234
51.4711579981354 -0.00563604832487609
51.4720179089045 -0.00364472178204981
51.4715016602567 -0.00230207822503747
51.4735559325343 0.000738746113982245
51.4714175286189 0.00304526221131641
51.471447658286 0.00388630004294746
51.4724355401882 0.00811889360531838
51.4730998019624 0.0080256580293434
51.4732475798868 0.00796910371599887
51.474986900316 0.00971151676924571
51.4765378516523 0.00895792394900521
51.4773586411898 0.00604444206024509
51.4771796228215 0.00447413309098365
51.4768517496372 0.00302234458645743
51.478829887022 0.00217285798464851
51.4799018682957 0.00452509391948141
51.480481935101 0.00522832579308326
51.4812840105861 0.00528238915675565
51.4813832059234 0.00524886000772303
51.4817088563374 0.00489502506877638
51.4824163969306 0.00510964478118696
51.4824173851055 0.00510968812631969
51.4826592671831 0.0057955151372912
51.4830187816266 0.00623701552818086
51.483010587277 0.00695225383286757
51.483127392769 0.0072922629796119
51.4831613601247 0.00852165178601305
51.4831573159653 0.00852681793342549
51.48313535017 0.00880670145892711
51.4831893781553 0.00922138354368107
51.4835731058711 0.0104418146978951
51.4831935591974 0.0110489272132645
51.4837265807965 0.0124011128371862
51.4837628976987 0.012788899028616
51.4838915497894 0.01311864414618
51.4838824221621 0.0131371240545491
51.4837203579481 0.0154956790263117
51.4837416306409 0.0155290367925487
51.4844608434221 0.0158271194129132
51.4845687080674 0.0160948020939381
51.4845333637912 0.0161948981441779
51.4842517650821 0.0167506014504455
51.4842602232132 0.0181714051069672
51.4842463172932 0.018190623229909
51.4841762584916 0.0189284421113005
51.4845417599789 0.0197763526833762
51.4847843405649 0.0204793040252023
51.4847616755583 0.0205737823757409
51.4841698023893 0.0219014252166993
51.4837702371858 0.0217109639195152
51.4829763305803 0.0217883086666451
51.4824701430066 0.0213005368522045
51.4818903682699 0.0213839121771201
51.4812617801454 0.0209194826350521
51.4808314819486 0.0215782640935634
51.4804877745329 0.0215477466788203
51.4798822516306 0.0219251745503856
51.4798266919454 0.0219199861541182
51.4795506156527 0.0222894159782855
51.4795801298916 0.0231269103220048
51.4798232417949 0.0234905753763235
51.47988526636 0.0236733364579079
51.4798927751702 0.023759164459537
51.4798341596584 0.0245090488883482
51.4798209674748 0.0245597619727584
51.4798626952439 0.0246579111731647
51.4799523617517 0.0250723806112502
51.4797648731854 0.0260064247247757
51.4791837098682 0.0260814816740205
51.4791464624157 0.0262391827223125
51.4790904315046 0.0269478444246826
51.4782707508275 0.0280267070925043
51.4779791908092 0.0280739745516163
51.4779087760888 0.0280024574256573
51.4768427241324 0.0283296645248043
51.4767210477997 0.0282539750088097
51.4758757216252 0.0285801567888601
51.4755188911855 0.0297702926587187
51.4753703060497 0.029878035733
51.475760767334 0.0316054859454304
51.4757302626588 0.0321621766746465
51.4755983300664 0.0322634099457233
51.4753546556073 0.0328258186372622
51.4754318068451 0.0336492151930721
51.4751851532218 0.0340513127771614
51.4751069655347 0.0343710220573654
51.4752449216872 0.0350521516263467
51.4751593663684 0.0356044834758879
51.4749430720674 0.0360440144103312
51.4748294900962 0.0361496139532908
51.474806966555 0.0369856638090648
51.4746751376321 0.0375773618626043
51.474576120235 0.0377863078079593
51.4742330092631 0.037664753755045
51.4733042350134 0.0383731264700788
51.4740055909353 0.0395086890070952
51.4739672714623 0.0400163262573364
51.4737972140066 0.0401950239983125
51.4726299167803 0.0403040531733675
51.4724701489922 0.0407334759958905
51.4724926835366 0.041050290060853
51.4732137038229 0.0421238265834862
51.4732401442948 0.0428251401006905
51.4726108138087 0.0436205039971889
51.472854862059 0.0447311694531492
51.4729341951296 0.0448887047711924
51.4727018394174 0.0458448588943499
51.4723891502141 0.0459433015951884
51.4722385473868 0.0461039647528763
51.4714059106298 0.0459164068580969
51.4711147227095 0.0455245391275045
51.4706570912192 0.0456705150542052
51.470493778979 0.0462400693740315
51.4698489901096 0.0469410980260098
51.4693905560563 0.047040245693662
51.4691409250497 0.0479344029922959
51.4692572450139 0.048794490642345
51.4691517981616 0.0494575465587613
51.4699367949751 0.0513303691922143
51.4696134738321 0.0521644603088474
51.4690446489081 0.0525709437334042
51.467727218923 0.0508758371362852
51.4677347130682 0.0506529931979745
51.4669703623011 0.0486218887318822
51.466786628887 0.0485380405886183
51.4662377167125 0.0471466419705675
51.4659663936169 0.0470435676869117
51.4649122005458 0.0476407208176086
51.4645757677889 0.0472917441093418
51.4642286535507 0.0466121799389005
51.4642066330718 0.0465500623505824
51.4639584700923 0.0461502071843432
51.4641191891154 0.0453943718938184
51.4644310651158 0.0448117112969017
51.4644424493837 0.0447672313643406
51.4644511424264 0.044490445823059
51.4643889071006 0.0439864959373557
51.4643135684241 0.0437338514443953
51.4642110574724 0.0435340039673417
51.4638916984915 0.0435819366098326
51.4632959369671 0.0423477741621734
51.4633165830891 0.0420966934486402
51.4634126915323 0.0419210327298852
51.463601378013 0.0412096474602412
51.4636531741217 0.0411418059376809
51.4627361388724 0.0393201548871132
51.4621802503469 0.0391199371214108
51.462120292821 0.038602589988472
51.462279633924 0.0379439117528152
