51.4663658405213 -0.0371641056905119
51.4664799631646 -0.0362268749754519
51.466105896925 -0.0359217135157867
51.4659586722462 -0.0352369246464583
51.4660672633194 -0.0351666151161381
51.4665531505943 -0.0356209320449038
51.4665774481881 -0.0360409470521545
51.4667200033293 -0.0360285343885036
51.4674296246626 -0.0354347818313603
51.4676863638567 -0.0358736696441809
51.468005517081 -0.035648537719925
51.468286417922 -0.0357695502260027
51.468954386908 -0.0352117518163447
51.4691358861551 -0.0356242056621919
51.4693884085235 -0.0355323953213714
51.4697463001257 -0.0350814511911584
51.4702841395624 -0.0353634482287658
51.470310149703 -0.0353973526884514
51.4705127847544 -0.0350485190657541
51.4704950234476 -0.03447159775685
51.470812213684 -0.034140272155488
51.4708516840461 -0.0341673055777116
51.4711478642397 -0.0336875284109553
51.4713074104092 -0.0337716084285292
51.4714315303549 -0.0333729491740428
51.4716768094701 -0.0332138802984161
51.4716663416596 -0.0328417820676829
51.4722257047238 -0.0325630590202394
51.4722797402626 -0.0318830620846656
51.4721986046427 -0.0315751435209412
51.4714652554411 -0.0317075038968602
51.471372820259 -0.0316529529697565
51.4713644487657 -0.0305923049502905
51.4714059333257 -0.030450190220049
51.4713727880196 -0.0300826331763861
51.4708354883486 -0.0295927906078631
51.4708318086905 -0.0295182745821393
51.4709460094125 -0.029161468429815
51.4711187570286 -0.0282820234027454
51.4710569752811 -0.0279066822920225
51.4709643975136 -0.0277261838501189
51.470336388138 -0.0279530703631453
51.469991199947 -0.0272282273060551
51.4692800051961 -0.0274748486032705
51.4691736163151 -0.0271735079859672
51.46930926067 -0.0267077525609721
51.469210065823 -0.0255736710467862
51.4691713422489 -0.0253935897430849
51.4691151690311 -0.0252663781353627
51.468807734371 -0.0252733605833417
51.4683684970963 -0.0248315996321176
51.4683272743431 -0.0239164400625297
51.4677058060695 -0.0235175916071259
51.4676602210493 -0.0227655069178107
51.4672806358817 -0.0226469426868882
51.4666336925047 -0.0232859048495423
51.4665460098413 -0.0231348984202389
51.4653580464055 -0.0236730520391903
51.4651905283445 -0.0242472247616309
51.4651281036418 -0.0243092735311924
51.4648490681964 -0.0243690447812825
51.4646318013941 -0.0243064943936861
51.4644688820208 -0.0240120254089486
51.4640930571437 -0.0238978066223221
51.462605481855 -0.0244325871528168
51.4622894083784 -0.0247432179197146
51.4622685956648 -0.0248205576755759
51.4622083127408 -0.0248870196006763
51.4611666478265 -0.0255501535795067
51.4603016143575 -0.0241892925779548
51.4597676722309 -0.0238308796582799
51.4593470724161 -0.0241271373452765
51.45828318995 -0.023733109953584
51.4581073921565 -0.0237947058425723
51.4576066533823 -0.0231928803655281
51.457544164574 -0.0231657902637366
51.4574616028272 -0.0226521286735976
51.4578133680541 -0.0215905920817954
51.4571436966591 -0.0221503039364668
51.4571022960851 -0.0221475835924
51.4564194574745 -0.0227582871953669
51.4563848544366 -0.0227534923510568
51.4563314667222 -0.0227809599798304
51.4561814252972 -0.0230637343143231
51.4558976912206 -0.0232127135848608
51.4557645957262 -0.0231356246400623
51.4546459827134 -0.0234520442059556
51.4546347896338 -0.0241533185553698
51.454395744403 -0.0252098960192032
51.4539986696678 -0.0249922912907988
51.4535338962384 -0.0242143824467889
51.4534141065174 -0.0231400924887049
51.4514293808655 -0.0230512656614627
51.4512900082282 -0.0232363577254288
51.4510159530774 -0.023207610876798
51.4506883454201 -0.0235537928674248
51.4502449644778 -0.0241305530929392
51.4489771173745 -0.0263046068318095
51.4489399850406 -0.0263151078324339
51.4487388104455 -0.0272565866784146
51.4486861210397 -0.0279667954781907
51.4488047291808 -0.0285777798175584
51.4489374740928 -0.0298053230362223
51.4488637413637 -0.031003071997212
51.4488468296375 -0.0310666906329478
51.448598717739 -0.0313031775917985
51.4485567327651 -0.0315226089962873
51.4485049145841 -0.0331808774925551
51.4490662199468 -0.0335965209770804
51.4490983933589 -0.0347699024177467
51.4484472951716 -0.0356100960969817
51.4489384451351 -0.0366468924876523
51.4493844204319 -0.0369084005296512
51.4502152734176 -0.0370094651215728
51.4503201519875 -0.0371039342216476
51.4503311562541 -0.0371007329270523
51.4506530145202 -0.0371228843748448
51.4506600659644 -0.0371198525964973
51.4515695208344 -0.0371420783051325
51.4522053457993 -0.0384443966012489
51.4522729930841 -0.0390702168584173
51.4524325342615 -0.0393691971473586
51.4524547417677 -0.0396219656433901
51.4529905726402 -0.0405372401011764
51.4532373916673 -0.0424284164225368
51.4534830624107 -0.0452174321720375
51.4536705236479 -0.0452292429491268
51.4546916369683 -0.0449120710515952
51.4548662179483 -0.0447553152016549
51.45532552511 -0.0446745692374406
51.4559533617504 -0.0450930296908047
51.4563334118138 -0.0455967364065459
51.4565447265894 -0.0457128013508986
51.4569322666586 -0.0467686697520534
51.4573206020957 -0.0465721668467207
51.4573895369339 -0.0454976228921782
51.4575165510071 -0.0454535059762294
51.4579099276099 -0.0459801631446944
51.4582245957857 -0.0459162825685671
51.458442448604 -0.0457018868906849
51.4584891055992 -0.0457395354856716
51.4593729850131 -0.0449667367603264
51.4594423995616 -0.0449997335115623
51.459810392643 -0.0461608260953364
51.4603146383409 -0.045518413734289
51.4606225103988 -0.0454297723455781
51.461276199039 -0.0456411317998448
51.4615025679185 -0.0461857669627887
51.462437542351 -0.0458353220116759
51.4629471395571 -0.0467439137995685
51.4638725986432 -0.0467611361678884
51.4640663484278 -0.0470155498587667
51.4644245752559 -0.047127148524217
51.4647732957206 -0.0476450019034737
51.4648064280351 -0.0485011022807168
51.4649608094712 -0.0488210704607916
51.4656330446888 -0.0491263140511694
51.4658379254718 -0.049607001470534
51.4656454969813 -0.0503288653566015
51.4665842888012 -0.0506181453954789
51.4667094573764 -0.0501385704558435
51.4661818863666 -0.0494070329321351
51.4663942682947 -0.048879698133172
51.4662697592893 -0.0478537985039232
51.465862960695 -0.047589470116711
51.4658207228517 -0.047525628485194
51.4659577728115 -0.0461465807748512
51.4659038814342 -0.0458744335109592
51.4658761354893 -0.0458278989124171
51.465649533495 -0.0456198735654514
51.4654120391309 -0.043594583129738
51.4658271455185 -0.0435372991214903
51.4662558365584 -0.0428665465711654
51.4669356524 -0.0429409721371801
51.4672438270614 -0.042332099226588
51.4683086410819 -0.0424574683740321
51.4683675655931 -0.0422767583070323
51.4687715356887 -0.0420156278715992
51.4688049549964 -0.0420141971585091
51.4699306664211 -0.0410651783545781
51.4699509716228 -0.041096718360624
51.4701136263658 -0.0414479219119154
51.4702806269491 -0.0416180158037705
51.4711155711349 -0.0405761085108164
51.4710411115664 -0.0403435211327269
51.4707074715233 -0.0386596609190094
51.4706433859929 -0.0386228759898088
51.4704984473476 -0.0384283391279238
51.4692946293807 -0.0383882046355177
51.4691904479254 -0.0370085736132388
51.4690671414211 -0.0364739511195529
51.4685981047896 -0.0364940878418833
51.4680802269356 -0.0376457490008167
51.4675569613077 -0.0371921690413299
51.4674986923668 -0.0372504636668238
51.4666912213647 -0.0375900765214022
51.4663658405213 -0.0371641056905119
51.4562895469467 -0.0235951486517937
51.456979976837 -0.024815894435595
51.4569775963481 -0.0248933789075916
51.4573861849834 -0.0253408661806693
51.4569296305308 -0.0265400462205144
51.4568638085702 -0.0266139764840796
51.4574326107762 -0.0293126651166427
51.4568639636671 -0.0304455397936498
51.4562191750313 -0.0261523357653282
51.4562409232046 -0.0261091469035398
51.4562667300131 -0.0260774137183977
51.4563239112293 -0.0256719032006567
51.4563993616618 -0.0254490856922024
51.4561762996008 -0.0247596775787145
51.4562895469467 -0.0235951486517937
