371 8
51.4743736484858 -0.0779699384162618
51.4736698577962 -0.0776269573618071
51.473510638963 -0.0782518554558157
51.4733855507598 -0.0783867603804143
51.4733432712982 -0.0784235609937365
51.473121898716 -0.07824575313709
51.4725287479686 -0.0788061210019219
51.4723923687304 -0.0786579857395768
51.472264717393 -0.0784554659050736
51.4722062348365 -0.0780960576692759
51.4719611365048 -0.0778913532665329
51.4714375516955 -0.0777540368541689
51.4713961544975 -0.0778007718530544
51.4713176748712 -0.0779984151289514
51.4712844186064 -0.0780043241551897
51.4702952264467 -0.0774879243045532
51.4702189241538 -0.0775496593691969
51.4701573176205 -0.0779374856667831
51.469925217174 -0.0783612040887839
51.4697059802149 -0.0785440969942221
51.4691614633779 -0.0780566201769304
51.4691199923139 -0.0772215457983603
51.4694419285549 -0.0766077873699993
51.4692398698534 -0.0750981620650813
51.4691374879241 -0.074951228936008
51.4689349187053 -0.0750210115158017
51.4683274795591 -0.0765888873018013
51.4680051127652 -0.076770776659916
51.4679863760333 -0.0767959003539784
51.467967978654 -0.0780807741948536
51.4679602630234 -0.0781530374452108
51.4669706408895 -0.078208151819751
51.466835676935 -0.0785413388166278
51.4659986129606 -0.0784262198619036
51.4656215476611 -0.0792204101353577
51.4655564723345 -0.0792321643516508
51.4650759239943 -0.0784019491866705
51.4644373853234 -0.0788039905009234
51.4645440376156 -0.0791460034620166
51.4650897822521 -0.0798843337187519
51.4647931180024 -0.0803844185995305
51.4648387870624 -0.0805985417952628
51.4654408146887 -0.0813542380881842
51.4654637749167 -0.081543202614667
51.465567633208 -0.0817259257932015
51.4656190532088 -0.0819235501435455
51.4659607264754 -0.0823168591807218
51.4659246865172 -0.0831696103163353
51.465732402408 -0.0834233883362005
51.4651648732419 -0.0833967183272365
51.4649007718554 -0.0840583965636345
51.4645825597103 -0.0838790707313335
51.4641568973985 -0.0842982299778022
51.463964703398 -0.0837214398463895
51.4631198847683 -0.0839071017051156
51.4628528955552 -0.0837320475784576
51.462614893664 -0.0844725991117047
51.4626337355809 -0.08478398417904
51.4624035487413 -0.0857392779842153
51.4620538820232 -0.0860670290337972
51.4608027813256 -0.0858441210720192
51.4607304756457 -0.0859361656088004
51.4598573801793 -0.0858602933979988
51.4595097085683 -0.0860789845858599
51.4587967252556 -0.0855240373102748
51.457932819369 -0.0851796809336006
51.4578454947901 -0.0852328270636194
51.4575133963271 -0.0855462833427737
51.457419024517 -0.0856743752246317
51.4570662718305 -0.0866391900648463
51.4570751386922 -0.0872541900267414
51.458925358721 -0.0881564886212058
51.4589336137146 -0.0882326972333029
51.4586186897784 -0.0894513585493792
51.4595743649877 -0.0900602066356664
51.4596279232983 -0.0907156290787524
51.4598273313917 -0.0909259343662728
51.4601157438485 -0.0908382936592273
51.4605138383176 -0.0910268992277742
51.4605990781601 -0.0915523525857887
51.4606488383672 -0.0918975698993157
51.4599180266834 -0.092311299886603
51.459665242955 -0.0930362323252457
51.4596136058785 -0.093100459136459
51.4595345491064 -0.093363683435689
51.4594990947148 -0.0936656816710161
51.4595952590336 -0.0941007065955066
51.4608211961997 -0.0948064188562006
51.4608441994564 -0.0947946598928827
51.4613232790511 -0.0951210572934505
51.4618692509691 -0.0943137486587849
51.463069863176 -0.0946505720018549
51.4632755807875 -0.0947959561322409
51.4632572306342 -0.0933408793249557
51.4643629051032 -0.0917597433807153
51.4657026819679 -0.0933118320958588
51.4644149101852 -0.094941038561241
51.4633067024565 -0.0948854646754786
51.4629103235809 -0.0960195126874018
51.4630121159685 -0.0964030629089215
51.4630746430954 -0.0977906555234155
51.46372068512 -0.0984179469336545
51.4638464151579 -0.0988589147960456
51.4639637717663 -0.0988999746144779
51.46415190633 -0.0988373160213094
51.4646868808066 -0.0984145797569759
51.4646899507545 -0.0984154017573388
51.4647942774494 -0.0984623444137375
51.4651916879001 -0.0996021174142087
51.4653668868655 -0.0997730137047862
51.4653885062877 -0.0999421001037752
51.4654987994411 -0.10010762233426
51.4658214629711 -0.100885154427921
51.4664137359401 -0.100591574037472
51.4666049827051 -0.100632183710112
51.466681671291 -0.101526072599168
51.4666113053159 -0.101771987242286
51.4666473965973 -0.101952230644761
51.4673128230807 -0.102451092960455
51.4676163730893 -0.10222066685448
51.4679500739459 -0.102614474088234
51.4680740492484 -0.102970213174771
51.4681633458175 -0.103071806541803
51.4681812390334 -0.103827850027445
51.4684209420868 -0.104079791362416
51.4688438299602 -0.103912801645736
51.4691118213486 -0.104374172798016
51.4693169361146 -0.104438562050872
51.469330830076 -0.102868581214927
51.4696159769232 -0.102611962475974
51.4698096652728 -0.102809067804415
51.4698163448891 -0.103221921419023
51.4700053984824 -0.104311018421712
51.4698521818798 -0.104615227052069
51.4707798938042 -0.105329096435704
51.4708115285709 -0.105278399059654
51.470812950676 -0.105277390396397
51.4714655858639 -0.105330487511244
51.4717802186012 -0.104951080025664
51.4719050566181 -0.10465978906822
51.4723653126262 -0.104629909935475
51.4723835619729 -0.104635445858059
51.4723743649145 -0.105623952994243
51.4721628609444 -0.106187976046578
51.472309078024 -0.106357392267804
51.4724236651766 -0.106839528126603
51.4728493864932 -0.106797684418858
51.4733017638192 -0.107337793297096
51.4735316370705 -0.106997985412952
51.4743159751651 -0.106661336832873
51.4743760919803 -0.106720942212284
51.474671754621 -0.106619535789305
51.4747151851155 -0.106603371374416
51.4753771222418 -0.105712913273982
51.4754428696846 -0.105497781066554
51.475400841431 -0.105372599789534
51.4749254165293 -0.104881051501168
51.4751678500048 -0.104000715986612
51.4752597139534 -0.104055440748612
51.4756913409431 -0.104056422253394
51.4757880679933 -0.103644688594304
51.4755309864971 -0.102935368253188
51.4756675043109 -0.102755051222585
51.4756405416647 -0.101089426067475
51.4757681502752 -0.101103004933274
51.4762146602797 -0.101595604746642
51.476451754049 -0.10147510184986
51.4768837551291 -0.101082795816133
51.4770286285121 -0.101257611765031
51.4770396219526 -0.101447961599625
51.4774529437007 -0.102478521905916
51.4775999695068 -0.102497592232741
51.477778247148 -0.102959083664043
51.4778671180422 -0.103012152456848
51.4780860264282 -0.103101146907792
51.4782549746458 -0.103086063394387
51.4783988955608 -0.103530109362669
51.478365341786 -0.104062497104737
51.4784103035949 -0.104691606519841
51.4785706075733 -0.10505946232589
51.4787096851095 -0.105042892888983
51.4790730230914 -0.1066488684029
51.4793551863027 -0.106747018338138
51.4794517075969 -0.106706093018926
51.4800075770873 -0.107341973596914
51.4799932580359 -0.107585512695841
51.4796751130318 -0.108226941432554
51.4796560030042 -0.108351935466926
51.4797843869494 -0.109010032442987
51.4803411901873 -0.109353324112495
51.4803517186281 -0.1093483764806
51.4812514541648 -0.10965600376423
51.4819265624428 -0.109876506935632
51.4820450055245 -0.109806773773104
51.481787696171 -0.108272755201536
51.4816989833223 -0.108034302011128
51.4813416077641 -0.106278595069971
51.4812714039699 -0.106178907080843
51.4811856436381 -0.106106819023871
51.4809175993073 -0.105491427071095
51.4804376244386 -0.104874021699566
51.4804641012032 -0.104304024732109
51.4806159277556 -0.104086246551673
51.4813191691913 -0.103127185639439
51.4813402634663 -0.102652871433972
51.4812754335961 -0.102552134710761
51.4816873734835 -0.101336884058497
51.4816726816097 -0.101312319972023
51.4811220908624 -0.102009421770202
51.4811421019551 -0.101435170577359
51.4815201709058 -0.101037819433265
51.4815155314649 -0.10049605471589
51.4815672485628 -0.100430970327174
51.4818486946921 -0.100062797118931
51.481891005936 -0.0999665159348638
51.4823304144067 -0.100114856721746
51.4827225561934 -0.0988832788312674
51.482913708549 -0.0990067853314973
51.4832212448845 -0.0982630863248348
51.4827744374516 -0.0973706280530691
51.4827746182938 -0.0973319081971731
51.4834068088074 -0.0970113298534926
51.4834345835219 -0.0969390416448354
51.4834522092589 -0.0967510371560485
51.4834433304603 -0.0962040824163981
51.4836956855122 -0.095910943015085
51.4840191894646 -0.09588036733412
51.4840417548299 -0.0952106116180859
51.4838263438131 -0.0951989247690372
51.483711696766 -0.0948543338154423
51.483838864648 -0.0943981314041044
51.483775091915 -0.0941748046087009
51.4840217002846 -0.0938215649631782
51.484364539548 -0.0936974212798234
51.4843988280053 -0.0936222452565516
51.4843184681154 -0.0931142438644697
51.4838558230003 -0.0930633606449273
51.4837919107006 -0.0930029694176635
51.4836479779801 -0.0931907829432082
51.483628915432 -0.0938153810781688
51.4831609367281 -0.0936188880952541
51.4830267986747 -0.0942987455977049
51.4828901529501 -0.0943044420723551
51.4826722420764 -0.0934421441333138
51.482769957908 -0.0933201504777169
51.4831411468341 -0.0934522752084854
51.4832411882648 -0.0931636947414834
51.4831458371283 -0.0925024317760102
51.4827458712182 -0.0928009136949477
51.4821536624874 -0.0923952779696282
51.4821560465115 -0.0920666029185605
51.4819106125892 -0.0909670337352372
51.4830711565847 -0.0916089830282273
51.4830957313005 -0.0915557069301349
51.4831760581207 -0.0913652024571892
51.4829913377062 -0.0906654016444066
51.4818133426798 -0.0895209562265211
51.4818265157802 -0.0894852565598046
51.4818885343722 -0.0892306829325865
51.4833527379105 -0.0886347442948597
51.4834360027082 -0.0884593108429348
51.4836476050478 -0.0879671421319458
51.4836272477747 -0.0877276399058584
51.4831230503393 -0.0864579132472962
51.4832308106775 -0.0861806317347743
51.4840186069207 -0.0860153582895001
51.4841391014893 -0.0861327475978573
51.4846706715818 -0.0859448285495441
51.4850139663648 -0.0852543785238778
51.4850146276415 -0.0852453254066527
51.4852214801521 -0.0850025923217607
51.4851516929869 -0.0840269678088292
51.4853600697643 -0.0838886701603351
51.4856302058327 -0.0831121940132209
51.48553305663 -0.0829217443909283
51.4851280321067 -0.0821781002645378
51.485582346455 -0.0820051294280476
51.4857067996995 -0.0820070326538692
51.485966644852 -0.0819925664041739
51.4862454372531 -0.0813228254462213
51.4862498364189 -0.0812290588800442
51.4859197189521 -0.0810475600334588
51.4848113390121 -0.0795430316929891
51.4848585027708 -0.0794860665156543
51.4864923857666 -0.0802951662080483
51.486598008799 -0.0801737517500124
51.4866984967685 -0.0798210892875045
51.4865925144044 -0.0779395190645186
51.4872820290132 -0.0783715553638133
51.4875365393754 -0.07830586796933
51.4879804869618 -0.0778901761852146
51.4881169312771 -0.0765728119735135
51.4879557479304 -0.076195158457381
51.4874668404603 -0.0761221527622771
51.4873156375889 -0.075700856712694
51.4872227570544 -0.0755192618669964
51.486885790076 -0.0753317945948139
51.4859061403757 -0.0772221068712795
51.4858877568815 -0.0771536443522238
51.4858812382132 -0.0771124720832655
51.4858704391846 -0.0757581368541469
51.4856615525311 -0.0753060334266622
51.4850950031935 -0.0747914502103497
51.4848512556256 -0.07584688103104
51.4843611163404 -0.0762303063347182
51.4830637045378 -0.0758213046109206
51.4829423173382 -0.076022708261557
51.4830823727549 -0.0780943551450753
51.4831803026292 -0.0785952851288759
51.4833078610216 -0.0793793811773519
51.4835103035691 -0.0805095851161351
51.4834167164817 -0.0805864282578921
51.4822751325992 -0.083497741035011
51.4823086770315 -0.0837734936806358
51.4822341718046 -0.0840224256805296
51.4821922273785 -0.0840853389547178
51.4815421698085 -0.0850712228938229
51.4814523739923 -0.0852262669343666
51.4812431617194 -0.0848730927530914
51.4813939249432 -0.0846804643856819
51.4813215732409 -0.0843018463263706
51.4812417850641 -0.0848713692383481
51.4811055856095 -0.0848438261642035
51.4809960987507 -0.0848060208136971
51.4809607950034 -0.0847526396178477
51.4808553145151 -0.0847399593677281
51.4806938554226 -0.0851859585329439
51.480447062493 -0.084931734380687
51.480316971209 -0.084034378582105
51.479981369284 -0.0839736353725557
51.4794891033991 -0.0830348372326816
51.4796724769526 -0.0824780871171193
51.479167692879 -0.082324591351611
51.4791580318366 -0.0823385329736121
51.4786984341573 -0.082243464369675
51.4785184116004 -0.08241131263951
51.4783893041551 -0.0821853066193027
51.4782085425568 -0.0819067306560913
51.4777589506844 -0.0821101085479549
51.4774387151737 -0.0811478888596052
51.4774337146127 -0.0810950237980117
51.477637087999 -0.0805139416021495
51.4774075151624 -0.0801645223835435
51.4770958232244 -0.0799993887098929
51.4770185421437 -0.0794634592320685
51.4767200063548 -0.0789764847461608
51.4765357492526 -0.0790337379786315
51.4763012595841 -0.0787466383342671
51.4764228150578 -0.078034117973925
51.4763232851676 -0.0779293047210352
51.4759836395901 -0.0778688995380106
51.4758541179028 -0.0773604730321066
51.4754964703478 -0.0773755112796474
51.4753739491488 -0.0774859769380093
51.4750933085492 -0.0768353825761542
51.4748028503 -0.0768853545441012
51.4745672350941 -0.0779059990656616
51.4744732828331 -0.077889170829579
51.4743736484858 -0.0779699384162618
51.4702470529882 -0.0797379785113809
51.4702457074636 -0.0798973534768573
51.4707430602275 -0.080398358690632
51.4706721654438 -0.0805543622886756
51.4701153539366 -0.0808089919029472
51.4702355900073 -0.0815859361256444
51.4692586460195 -0.0814928861926195
51.4694377823288 -0.0806997154467317
51.4693729849505 -0.0800311018383916
51.4693306044903 -0.0798970712179031
51.469678005624 -0.0788997574667889
51.4702470529882 -0.0797379785113809
12 4
51.4705568234367 -0.105822586906708
51.4698259823779 -0.105619698014016
51.4697422363539 -0.106679734561504
51.4700894385088 -0.106724719398356
51.4704170284388 -0.106106412559464
51.4704478828226 -0.107193178934704
51.4705826509433 -0.107377430771616
51.4707611368339 -0.10724586527649
51.4708215373075 -0.106922113887306
51.4707808963716 -0.106181332725999
51.4706485066534 -0.105782699412839
51.4705568234367 -0.105822586906708
