51.4325580986054 -0.00671151457258531
51.4318260079071 -0.00711750277253475
51.4309004693041 -0.00867274480842318
51.4305441501298 -0.00905155657760158
51.4302539052969 -0.00910734987067981
51.4300247132539 -0.0096612765327003
51.4298018596131 -0.0120617318177034
51.429452638438 -0.0121334679698455
51.4292685749217 -0.0127888408635191
51.4282158719504 -0.0133856920819654
51.4275663248797 -0.0127225020073263
51.4274594926345 -0.0122065700134032
51.4281376449898 -0.0111161807661687
51.4277980065905 -0.00978223569174352
51.4268494725203 -0.0101912469013094
51.426774776585 -0.0100119579569403
51.4266223191819 -0.00933529746746438
51.427369996398 -0.00866623835628872
51.4267744124401 -0.00772561506253885
51.4267841883486 -0.00674076356355324
51.4266762468079 -0.00668971637526544
51.426556359775 -0.00669220571083175
51.4258495396005 -0.00727316451132343
51.4257438720923 -0.00843485108675576
51.4262244819241 -0.00888421982066447
51.4262251550699 -0.0088867998495676
51.4257606233963 -0.010257405006074
51.4250709958123 -0.0101362632222306
51.4248139115813 -0.00974656152826425
51.4241742797267 -0.0098695868718635
51.4238893870923 -0.0101400331940992
51.4245527703183 -0.0119038512927904
51.4241986409671 -0.0130115155798556
51.4242999880854 -0.0133631538489337
51.4243016082675 -0.0133738760970336
51.423561092632 -0.0146529205078906
51.4235716892771 -0.0146946818361921
51.4228323755155 -0.0181285063286549
51.4227507578526 -0.0181877769123001
51.4229807709609 -0.0199083723255851
51.4232427384733 -0.0207861647169555
51.4230511874015 -0.0214641504275919
51.4221261108019 -0.0223598722210343
51.4227677687925 -0.0246911435529351
51.4235408082665 -0.0243961855450506
51.4236282876653 -0.0244391401314732
51.4240184311524 -0.0256323714677481
51.4235034296492 -0.0275038471914289
51.4235004651044 -0.0283428095832598
51.4234013554339 -0.0293080624511445
51.4235839346584 -0.0294036245853564
51.4240875506269 -0.0294295180865739
51.4246872972111 -0.029890095908663
51.4249889900218 -0.0299157843356119
51.4255800513476 -0.030699585578338
51.4254495794777 -0.0317471110477448
51.425847954987 -0.0320267372656029
51.4262781170575 -0.0317258600564119
51.4264861836706 -0.0307217095609853
51.4265036828482 -0.0306984223723575
51.4267368324136 -0.0308556316049049
51.4273094781794 -0.0316995688550153
51.4276233898621 -0.031853315498994
51.4279919377263 -0.0323804677655938
51.4282429723292 -0.0323661252697727
51.4289683782091 -0.0328474789472032
51.4294109675584 -0.0324031268769713
51.4295124766071 -0.0323394598598073
51.4300112544881 -0.0322218354445364
51.4313868943983 -0.0328838015517891
51.4315048217527 -0.0335306574161536
51.4308553893772 -0.0357137900668444
51.4307379231208 -0.0358285474396312
51.4307214688816 -0.0377821356089557
51.4309622087619 -0.038441763731101
51.431096115499 -0.0384980646617734
51.4311673992332 -0.038486827046008
51.4320665423117 -0.0392090176639755
51.4320674710331 -0.0392054193371124
51.4327318513336 -0.0381474654721609
51.432741735773 -0.0374114761010165
51.4339648827922 -0.0379183656089018
51.4340816190506 -0.0365627107717903
51.4341749640399 -0.0362638084941382
51.434023593258 -0.0355302053540541
51.4349398042262 -0.0352526979804483
51.4353920663171 -0.0357925023732221
51.4352896048616 -0.0365721260156749
51.4361542527536 -0.0366672034756915
51.4362631161515 -0.0367848428458896
51.4365021454831 -0.036633424266633
51.4367038154598 -0.0363126591154424
51.4368041644815 -0.0363191509334374
51.4376317537713 -0.0378142636451918
51.4377281434288 -0.0369990358630967
51.43768115203 -0.0365927145161656
51.4382738610162 -0.0355295982376368
51.4384496737919 -0.0355489850324711
51.4386496296346 -0.0344504977964261
51.4389175047142 -0.0342770588724438
51.4389956930037 -0.0342701428079641
51.4392039227541 -0.0341479038548437
51.4393663612533 -0.0342650242227003
51.4402244445615 -0.0337595533880264
51.4403528100834 -0.0337748024409122
51.4403910525294 -0.0339269180173748
51.4415816905574 -0.0342849867943493
51.4417475132403 -0.0338641552205638
51.4418915411011 -0.0338966475899243
51.4423595818731 -0.0341922620654759
51.4424567769544 -0.0343966676377184
51.4427908146623 -0.0346036008849092
51.4429391211335 -0.0350361089318537
51.4429453954013 -0.0350403482034594
51.4431988570416 -0.0356482162768153
51.4438259608653 -0.0355916439114195
51.4439477886781 -0.0367997268380382
51.4439857758727 -0.0368187427346824
51.4441007275763 -0.0368543911470151
51.4447226590273 -0.0360650259969594
51.4452234761291 -0.0364392460856354
51.4452673309068 -0.0364328560444191
51.445958616504 -0.0355226639483109
51.4459638700268 -0.0355089118251139
51.4460172877993 -0.0354455119083876
51.4472372324727 -0.0353103271089855
51.4472585648151 -0.0352689489776607
51.4473471391234 -0.0340958864630178
51.4485049145841 -0.0331808774925551
51.4485567327651 -0.0315226089962873
51.448598717739 -0.0313031775917985
51.4488468296375 -0.0310666906329478
51.4488637413637 -0.031003071997212
51.4489374740928 -0.0298053230362223
51.4488047291808 -0.0285777798175584
51.4486861210397 -0.0279667954781907
51.4487388104455 -0.0272565866784146
51.4489399850406 -0.0263151078324339
51.4489771173745 -0.0263046068318095
51.4502449644778 -0.0241305530929392
51.4506883454201 -0.0235537928674248
51.4510159530774 -0.023207610876798
51.4503326779882 -0.0214263938024884
51.4505420163374 -0.0201832070130064
51.4499941715025 -0.019146392508116
51.4499649694946 -0.019062217279099
51.4498472600152 -0.0189647854774471
51.4497220402547 -0.0187155509098004
51.4497704321983 -0.01810541649609
51.4503285273647 -0.0177377085976521
51.4506979670883 -0.0183458972716051
51.4507491024658 -0.0183554311504209
51.450983043101 -0.018260690897373
51.4511589287563 -0.0179598443258936
51.451163134206 -0.0173632336713529
51.4505887839024 -0.016690115712623
51.4505982843703 -0.0165449300354216
51.4505778882304 -0.0164818524240195
51.4501678310131 -0.0155885065914708
51.4498000648372 -0.0154676319927025
51.4498258802171 -0.0150330286176882
51.450433242896 -0.0137796711074277
51.4503013200399 -0.0135811716093679
51.4496510199614 -0.0131596574998901
51.4495920020509 -0.0127116500365104
51.4495922689227 -0.0127061798753517
51.4504125470413 -0.011636142329997
51.4503850281108 -0.0109625990400911
51.4502342183526 -0.0108487071611556
51.4501469578731 -0.0101885629978142
51.4498331931769 -0.009499706279601
51.4498541786104 -0.00851743096368269
51.4490096606225 -0.00812699135455171
51.4490141302892 -0.00806200671795274
51.4491196604373 -0.00748984626533928
51.4490566856377 -0.00666764044839077
51.4484820207407 -0.00595328681631414
51.4484472697199 -0.00595041037639738
51.4480516194808 -0.0062679783650298
51.4479217670485 -0.00628182239509639
51.4471775298844 -0.0078558515760676
51.4467590619616 -0.00642953027713284
51.4467622013262 -0.00573145075377507
51.4462221689157 -0.00503450065784864
51.445807490258 -0.00496809188641909
51.4457831855603 -0.00450675317650328
51.445361567403 -0.00305097897500713
51.446059010249 -0.00241161036421104
51.4460625952506 -0.00238985858126291
51.4466788341368 -0.00173882676960085
51.4467758654798 -0.00058052766545442
51.4468364228745 -0.000372841853370722
51.4465334651034 0.000221920615615728
51.4465159941638 0.000471285785043031
51.4463089790484 0.00113323960497946
51.4458770116743 0.00129055722392764
51.4462502518474 0.0029978459586703
51.445883321035 0.00308442578846756
51.4456384141718 0.00322202653509419
51.445456998303 0.00365298872007075
51.4455386902626 0.00402807155261197
51.4452856483521 0.00481482062289349
51.4450673612689 0.00488345239117976
51.4442921366791 0.00597644709448097
51.4442239744384 0.0068387818596801
51.4438482707938 0.00737450795057879
51.4438418075794 0.00762066064699608
51.4432484083639 0.00907679299801473
51.4428200099952 0.00941334030968226
51.4416952706949 0.0107696710027923
51.4416206483486 0.0111000211969197
51.4412018956178 0.011780434138034
51.4405787296173 0.0119040805549947
51.4402568728258 0.0120563892671688
51.4400416528112 0.0119146466723722
51.4391891258758 0.0121127977051459
51.4385190280649 0.0120689932469046
51.4375594884824 0.0141949776368204
51.437415062094 0.0143649134346911
51.436781567977 0.0143046566919074
51.4359716825987 0.0138940396693228
51.4359657162197 0.0138802534643125
51.4358290590412 0.0132159686860472
51.4360898858425 0.0108003854207141
51.43535864168 0.00992387861100898
51.4339637217526 0.0101386902438703
51.4332785655545 0.00983530755753106
51.4331732687094 0.00951147322197182
51.4332233480355 0.0082943499000697
51.4332321458879 0.00827409541703884
51.4332916713507 0.00787469365210056
51.4338398531311 0.00710027129117224
51.4334202021659 0.0052664716039416
51.4328681594689 0.00549496188047859
51.432342222105 0.00540621362904103
51.4320407535809 0.00416209855963224
51.4331828680824 0.00306832691348092
51.4331363546993 0.00287566646161961
51.4327186729817 0.00231245297203114
51.4311353812925 0.00150863254328873
51.4315491804951 0.00104121386292908
51.4321084091834 -0.00177493117824219
51.4313693345233 -0.00275659414803549
51.4314124302798 -0.0035289319911313
51.4325503805024 -0.00660129618356901
51.4325580986054 -0.00671151457258531
