51.4746751376321 0.0375773618626043
51.474806966555 0.0369856638090648
51.4748294900962 0.0361496139532908
51.4749430720674 0.0360440144103312
51.4751593663684 0.0356044834758879
51.4752449216872 0.0350521516263467
51.4751069655347 0.0343710220573654
51.4751851532218 0.0340513127771614
51.4754318068451 0.0336492151930721
51.4753546556073 0.0328258186372622
51.4755983300664 0.0322634099457233
51.4757302626588 0.0321621766746465
51.475760767334 0.0316054859454304
51.4753703060497 0.029878035733
51.4755188911855 0.0297702926587187
51.4758757216252 0.0285801567888601
51.4767210477997 0.0282539750088097
51.4768427241324 0.0283296645248043
51.4779087760888 0.0280024574256573
51.4779791908092 0.0280739745516163
51.4782707508275 0.0280267070925043
51.4790904315046 0.0269478444246826
51.4791464624157 0.0262391827223125
51.4791837098682 0.0260814816740205
51.4797648731854 0.0260064247247757
51.4799523617517 0.0250723806112502
51.4798626952439 0.0246579111731647
51.4798209674748 0.0245597619727584
51.4798341596584 0.0245090488883482
51.4798927751702 0.023759164459537
51.47988526636 0.0236733364579079
51.4798232417949 0.0234905753763235
51.4795801298916 0.0231269103220048
51.4795506156527 0.0222894159782855
51.4798266919454 0.0219199861541182
51.4798822516306 0.0219251745503856
51.4804877745329 0.0215477466788203
51.4808314819486 0.0215782640935634
51.4812617801454 0.0209194826350521
51.4818903682699 0.0213839121771201
51.4824701430066 0.0213005368522045
51.4829763305803 0.0217883086666451
51.4837702371858 0.0217109639195152
51.4841698023893 0.0219014252166993
51.4847616755583 0.0205737823757409
51.4847843405649 0.0204793040252023
51.484946860005 0.0202875701290618
51.4854089478642 0.0194320344006676
51.4863565146332 0.0199015582287219
51.4865250350206 0.019742384048295
51.4866821966522 0.0197259331598409
51.4868985101109 0.0194591329534808
51.4870577820759 0.019367122547278
51.4877194192031 0.0200374455927207
51.4878244471455 0.0200987384034867
51.4879665537014 0.0203247345890975
51.4884187170026 0.0199044574759312
51.489197133756 0.0200216435183643
51.4896815032086 0.0193912476122502
51.491218413743 0.0191224415234333
51.4912695651839 0.0192687737889699
51.4925279776685 0.0210395180914089
51.4932147756601 0.0214805122036542
51.4940610596243 0.0212955947858168
51.4941275924051 0.021321343916936
51.4941369414569 0.0216447227952823
51.4945804887385 0.0219956307914968
51.4945097471005 0.0234908151924113
51.4940395462175 0.0236428182654996
51.4939819933972 0.024893641774784
51.4939710834383 0.0260353520255266
51.4939708365644 0.0260600474344573
51.4939081143035 0.0273431829091907
51.4939012890316 0.027483159726921
51.4939592333288 0.0288110843207176
51.4939886258037 0.0291075592977237
51.4940281253121 0.029505684774052
51.4942346592201 0.0310046135564602
51.4942518311008 0.0311291470286774
51.4944430746846 0.0325494897444205
51.4945803239565 0.0333446656697683
51.4946636579034 0.0338270675703616
51.4948675857458 0.0347943675696928
51.494979385239 0.0353249626635243
51.4949124750293 0.0365897548658428
51.4950657605816 0.0370864508119053
51.4951864187581 0.0379861543275083
51.4942653597058 0.0381888119759404
51.4940554281757 0.0384739056210572
51.4933247386477 0.03881855035159
51.4926045239042 0.0406178414642434
51.4922957246183 0.0407462267078442
51.4920134276721 0.0402195581798346
51.4914755218502 0.0398281732088449
51.4906591746341 0.0417778419089307
51.4912864854228 0.0418824798000228
51.4921996755177 0.0411768955829576
51.4922230094801 0.0412670200901813
51.4922882620568 0.0426618761247439
51.4920541394444 0.0431376787634978
51.4920477811324 0.0433426391154796
51.4922937373196 0.043740730053384
51.492974232906 0.0439350802519056
51.4927711155935 0.0446741756204387
51.49257930126 0.0448267732981696
51.4922722086364 0.0451353903387668
51.4923455346429 0.0456527374628215
51.4916185839866 0.0457715133443624
51.4913111714332 0.0449078044775733
51.4912878490918 0.0448841937735149
51.4912123904333 0.0448808170754409
51.4909641865341 0.0459519703735456
51.4904411277915 0.0460761855958982
51.4904301818218 0.0460955303729886
51.490218257742 0.0460815283901856
51.4897962674636 0.0464416297686709
51.4899152742978 0.0473184958358853
51.4899937245472 0.0474543208367466
51.4900419716832 0.0483568831207574
51.4900030399192 0.0484703455642604
51.4898220323018 0.0486576087105447
51.4897651503216 0.0486406875624191
51.4889655809703 0.048958654174552
51.488815768771 0.049423682059083
51.4886861986786 0.0494043321101084
51.4883548918759 0.0491121557795347
51.4878907046604 0.0497513211212454
51.4878963790061 0.049771290631376
51.4877876954165 0.0504804305172827
51.487540315347 0.0508231302956293
51.4871466488468 0.0505344477972849
51.4870760431376 0.0503512352495743
51.4869001895071 0.050140737200787
51.4866991064435 0.0502676997766051
51.4863742253428 0.0509705623020534
51.4859456580479 0.0508217635446724
51.4855542529238 0.0512210455507212
51.4849737395514 0.0522752122846927
51.4842412532361 0.0520523146729293
51.4841638739468 0.0519994384790799
51.4837473244922 0.0515800610445426
51.48359990796 0.0515068234927715
51.4818239192693 0.0521166958246934
51.481473898175 0.0517075690263128
51.4812753570099 0.0509029279469128
51.4796904075655 0.0475734928570755
51.4796301815757 0.0474906434383598
51.4789545731432 0.0475881515244794
51.4788355015723 0.0476368459185404
51.4777703808682 0.0484838381522402
51.4763521177599 0.0465823932540276
51.4762377847209 0.046158735360338
51.4761574061029 0.0457726941626666
51.4761341916239 0.0456140947661173
51.4760643210359 0.045455308023494
51.4757882823479 0.0446895943058647
51.4756049301731 0.043830909644916
51.4755983154172 0.0436740050313987
51.475271166123 0.0431166574789088
51.4750882736431 0.0422102794746433
51.4751272582509 0.0415720561825684
51.4753840824886 0.0409435555566927
51.4753285534203 0.0398052835210442
51.4753823027457 0.0393873685390285
51.4746859320614 0.0383321384566836
51.474576120235 0.0377863078079593
51.4746751376321 0.0375773618626043
