51.477104794108 -0.0204422473222533
51.476998416456 -0.0206165263119032
51.4769894328993 -0.0206169152285366
51.4769719525067 -0.0206465247407056
51.4769544701034 -0.0206760155814061
51.4769280061379 -0.0207060139466471
51.4769012978145 -0.02072153713415
51.4768838173942 -0.0207511465490209
51.4768658502788 -0.0207519243260094
51.4768124336159 -0.0207829705849757
51.4767589291107 -0.0208141393069879
51.4767400759442 -0.0208210108951648
51.4767142536542 -0.0208304401134998
51.4764721842355 -0.0208697709189794
51.4761456833781 -0.0223095359789312
51.4761366998108 -0.0223099245511404
51.4761277162436 -0.0223103131231498
51.4761187326763 -0.0223107016949567
51.476109749109 -0.0223110902665634
51.4760915378217 -0.0222973925089109
51.4760823121014 -0.0222834248322337
51.4760820699466 -0.0222690685819124
51.476072844223 -0.0222551009138846
51.4760636164964 -0.0222410146048423
51.4760543907696 -0.0222270469481042
51.476054148608 -0.0222126907070363
51.4760446787114 -0.0221842481745045
51.4760444365446 -0.022169891936856
51.4760441943761 -0.0221555356994092
51.4760437080323 -0.0221267045785297
51.4760434658584 -0.0221123483416838
51.4760432216814 -0.0220978734584564
51.4760519630702 -0.0220831286066334
51.47605147871 -0.0220544161287158
51.4761418004449 -0.0215464854980732
51.476090171194 -0.0215129807904485
51.475996363684 -0.021451974215195
51.4758457374975 -0.0215880294462829
51.4757432755364 -0.0219092408728228
51.4757080897562 -0.0223761936519041
51.475684515153 -0.0226894790363361
51.4754557061606 -0.0229874166531494
51.4754388434289 -0.0230003751120985
51.4752556650004 -0.0231413928024962
51.4751982454072 -0.0231856685760848
51.474804820565 -0.0233179640862864
51.4747841830562 -0.0231603518554495
51.4747705903608 -0.0228873859544476
51.4747698621254 -0.0228441997803037
51.4751258974876 -0.0226271998668657
51.4752658314502 -0.0224647794739015
51.4751417171216 -0.0223871544247413
51.4750787604039 -0.0221990771645482
51.4745202066926 -0.0209631635630725
51.4745053234575 -0.0209549030296434
51.4741430085392 -0.0215347807262065
51.4738631870591 -0.0229122540103851
51.4737597707497 -0.0229904550020008
51.4733429010684 -0.0227880037422719
51.4732943323322 -0.0228026887523571
51.4725311528307 -0.0220986479380984
51.4723958678131 -0.02214225348586
51.4720669457315 -0.0216642548579029
51.4715739011634 -0.0216360774930065
51.4714613930218 -0.021686889856323
51.4707865509824 -0.0210078023354404
51.4707666980073 -0.02094479037405
51.4707345693706 -0.0207670331870022
51.4706114412886 -0.0203485349367428
51.4705740376566 -0.0202790413936622
51.4704457690047 -0.0202270155090008
51.469801198944 -0.0194458624595082
51.4696601703657 -0.0191973227316391
51.4694681778725 -0.0190292260438148
51.4694332639032 -0.0189155837862183
51.4694264868833 -0.0180411776453991
51.4691469694223 -0.0172587292856091
51.4690462248773 -0.0166654852441343
51.4690624670098 -0.016483028044715
51.4687667863939 -0.0162070196460616
51.467974167872 -0.0161298097398124
51.4679272528007 -0.0160562250812434
51.4678828477575 -0.015631618831456
51.4678677929849 -0.015607936046921
51.4673213017729 -0.0150620730345163
51.4673005717962 -0.0149846237139633
51.4668492169481 -0.0143923841397161
51.466841946905 -0.0143612417641266
51.466837309923 -0.0142732420075998
51.46677997504 -0.0132769117355743
51.4667560324243 -0.0132221584122406
51.4665114386785 -0.0129267523624452
51.4663808050067 -0.0129900010759042
51.4657453218509 -0.0149819633376899
51.4655322583585 -0.015353856513658
51.4661922098641 -0.0157831952815331
51.46642576199 -0.0157506276164394
51.4668794167425 -0.0161763447304339
51.4670294721671 -0.0166179659069907
51.4669452752337 -0.0175133635890073
51.4672196548782 -0.0179334575060132
51.4674017612397 -0.0187399216806646
51.4674053879148 -0.0188162143186028
51.4674741969212 -0.0189725438415722
51.4675715762649 -0.0190799145462218
51.4678093926311 -0.019714813114436
51.467985605407 -0.0208545374740157
51.4681410297257 -0.0212158210061472
51.4681379917513 -0.0213500977251759
51.468075565192 -0.0214652191448079
51.4679806695735 -0.0220803360836128
51.4676602210493 -0.0227655069178107
51.4677058060695 -0.0235175916071259
51.4683272743431 -0.0239164400625297
51.4683684970963 -0.0248315996321176
51.468807734371 -0.0252733605833417
51.4691151690311 -0.0252663781353627
51.4691713422489 -0.0253935897430849
51.469210065823 -0.0255736710467862
51.46930926067 -0.0267077525609721
51.4691736163151 -0.0271735079859672
51.4692800051961 -0.0274748486032705
51.469991199947 -0.0272282273060551
51.470336388138 -0.0279530703631453
51.4709643975136 -0.0277261838501189
51.4710569752811 -0.0279066822920225
51.4711187570286 -0.0282820234027454
51.4709460094125 -0.029161468429815
51.4708318086905 -0.0295182745821393
51.4708354883486 -0.0295927906078631
51.4713727880196 -0.0300826331763861
51.4716650404083 -0.029685741948948
51.4725250361749 -0.0298035038511179
51.4725378493514 -0.0297795631933201
51.4725007544763 -0.0288883581126176
51.4731473645198 -0.0285859926768844
51.4733607879989 -0.028500331984771
51.4733845300302 -0.0283831941966105
51.4736944236527 -0.0280359723522239
51.4736240877756 -0.02730183092286
51.4743276078747 -0.027694510180726
51.4742340081597 -0.0269029485415805
51.4742877633965 -0.0266729076783209
51.4744651852949 -0.0266436422726
51.4749725544428 -0.0262410964555899
51.4750451557929 -0.0262334507954523
51.4750709366183 -0.0262215334559088
51.4750931860036 -0.0262241349489651
51.4751375314206 -0.0262789740118615
51.475280205366 -0.0263537900536431
51.4753100092247 -0.0263992836931818
51.4756225733075 -0.0276962373928374
51.4753164435898 -0.0285024477004435
51.4754038152162 -0.028726288592234
51.4754190618464 -0.0292054249904835
51.4763708393224 -0.0300877942314573
51.4763803406648 -0.0301396277985448
51.4763587088944 -0.0302647553615046
51.4763580853619 -0.0307093217452575
51.4754570887784 -0.0320153479698497
51.4754677761447 -0.0320896888342441
51.475504506528 -0.0321034243878974
51.4766807925801 -0.0314191104288101
51.4770163923515 -0.0321688429279978
51.4771322483682 -0.0320387089948917
51.4778254891589 -0.0322698550973485
51.4780366974589 -0.031527200494667
51.4786610766646 -0.0326101784535947
51.4786714662995 -0.032597144944545
51.4786844335369 -0.0315110670652964
51.4792896829636 -0.0313311179686043
51.4793082442946 -0.0312961211457456
51.4799101069748 -0.0322854565221498
51.4800985651954 -0.0321369901624144
51.4803260608935 -0.0318130006425863
51.480326585968 -0.0318121468280526
51.4804783096885 -0.0315265651124287
51.4806911186862 -0.0315380634436674
51.4812292686332 -0.0317363532574282
51.4813767877402 -0.0322232762533105
51.4812541952553 -0.0329378262688139
51.4816170468221 -0.0335280625976988
51.4814870445607 -0.0343319917253759
51.4819957612781 -0.0346035446122918
51.4822515416986 -0.0352587300297277
51.4822340675864 -0.0355196602082043
51.4821505443199 -0.0359057394628239
51.4819080210773 -0.0362510293479497
51.4819129861537 -0.0366334227271139
51.4817739788483 -0.0371101092910276
51.481860091521 -0.0376464778175358
51.4824709406111 -0.0387463581646594
51.4827642576219 -0.0389273367961091
51.4827936432783 -0.0396201724319422
51.482889480272 -0.0399967771161958
51.4830654756069 -0.0402853962591554
51.4827857482841 -0.0416709740142677
51.4834689483534 -0.0436986108479932
51.4837148937829 -0.0437133794583867
51.4838279494585 -0.0436140135967419
51.4840446041414 -0.0435866903628498
51.4849825037841 -0.0440695487905797
51.485173595566 -0.0443044663988488
51.485510832366 -0.0449309709843363
51.4862563924957 -0.0445812805450006
51.4873581180754 -0.0449527822028352
51.4875680241411 -0.0455776401765625
51.4882347332766 -0.0455833340797409
51.4885322210168 -0.0459397349757985
51.4893152252701 -0.046088920636358
51.4896502669182 -0.0458558254065034
51.4898413840573 -0.0459845936480644
51.4901583427393 -0.0459665282610423
51.4903508217203 -0.0461554564900021
51.4906021277666 -0.0462653831622372
51.4907845226799 -0.0461296689976094
51.4910347193818 -0.0461352435641973
51.491344106419 -0.0463641928545398
51.4915209162827 -0.0462116122671501
51.4916393538757 -0.0455880958387528
51.49134213077 -0.0451235791670228
51.4916670438985 -0.044304752565048
51.4915006867989 -0.0440274106294358
51.4917929295607 -0.0433738799902515
51.491806863908 -0.0432714942169112
51.491899163392 -0.0430919940027922
51.4918941292622 -0.0430112056858452
51.491878645238 -0.0429830067030804
51.4918424083836 -0.0426217042718958
51.4920137344662 -0.0424748059282524
51.4920178973982 -0.0424549110570535
51.4919843049081 -0.0422951733592064
51.492083559913 -0.0420369812345631
51.4920828088315 -0.0419919978634172
51.4922503282302 -0.041536444505196
51.4923137360444 -0.041489661413854
51.4921221088454 -0.0404857953586112
51.4925658089905 -0.0404289983697349
51.4926062066578 -0.0404524465196475
51.4929229897377 -0.0400688725480347
51.4929078315305 -0.0398020375142046
51.4925357566818 -0.0395722510321755
51.4922764944814 -0.0388847384726151
51.4920792231025 -0.0388184952478238
51.4917339131993 -0.038377698830523
51.4913504283203 -0.0385193465259584
51.4908430997128 -0.0374543637387765
51.4908529682727 -0.036685132506727
51.4913825414833 -0.0359852569982265
51.4918536185058 -0.0361568309376381
51.4922098210143 -0.0353365850508023
51.4925695774936 -0.0352491395631663
51.4928852945677 -0.034743947997709
51.4925633307919 -0.0340932434289159
51.4925533629579 -0.0337614560726268
51.4930777352879 -0.0331491637217166
51.4931680901615 -0.0331065531383931
51.4935145984457 -0.032577802591224
51.4934672934074 -0.0325660610602964
51.4933590083474 -0.0325419790812213
51.4932593740916 -0.0325030338481652
51.4931508460631 -0.032464471724123
51.4930513016179 -0.0324255229576719
51.4930330934569 -0.03241193493366
51.4929514263502 -0.0323722165879699
51.4928426572994 -0.032319293414791
51.4927516124369 -0.0322511165324348
51.4927336452461 -0.0322518902303604
51.4926335289065 -0.0321842230599229
51.4926280511141 -0.0321792328008999
51.492542242963 -0.0321016852448248
51.4924422163761 -0.0320340148090778
51.4923508404949 -0.0319514815012202
51.4922593133589 -0.0318545832371911
51.492168027192 -0.0317720467427338
51.4920854835062 -0.0316747622668398
51.4920354079692 -0.031647938184633
51.4913118533287 -0.0312604300131965
51.4911145452559 -0.0311547901514578
51.491076309685 -0.0311370776085673
51.4907157037766 -0.0309702998900947
51.4904533883879 -0.0307891939080389
51.4900286285305 -0.0304960833467001
51.4898514474142 -0.0303737858929976
51.4896506780813 -0.0302173505884277
51.4887422926634 -0.0295094638593445
51.4885028054669 -0.0293227575599072
51.4874772581784 -0.0282289921864006
51.4872582803036 -0.0278613691461842
51.4870423537238 -0.0274988434121698
51.4858210518242 -0.0249300738509248
51.4857465167101 -0.0247748709796246
51.485267419197 -0.023685552052319
51.4846149919646 -0.0222023606489499
51.4845457779291 -0.0220110718691319
51.4842872038844 -0.0212959580136864
51.4840302348878 -0.0205856515519363
51.4840108243901 -0.0205169023142028
51.483883947357 -0.0200680455626372
51.4837528553271 -0.0196039359585308
51.4835405519213 -0.0192818138845861
51.4834043395172 -0.0192012644414526
51.4831967463873 -0.0191314088290709
51.4827983736336 -0.0189971458271105
51.4826577743786 -0.0189070510614309
51.4823982989601 -0.0187408841021591
51.482326760515 -0.0185879477750796
51.4822397416892 -0.0184020769048087
51.482166656118 -0.0183331643371013
51.4821639807598 -0.0181748689718664
51.4820931312296 -0.017982954768346
51.4818812477558 -0.0174094430551056
51.4816232904154 -0.0170461001710544
51.4813881698811 -0.0169699698615063
51.4810581215346 -0.017128207294322
51.4807042883675 -0.0174748541016931
51.4805981892268 -0.017580269816325
51.4805622242584 -0.0176438142838444
51.4803973174525 -0.0179346457776352
51.4801770334968 -0.018736337361467
51.4801431665762 -0.0189187707487325
51.4800287001694 -0.0195347854261056
51.4799335641402 -0.0196879296093347
51.4798448175693 -0.0198308219778543
51.4794912091536 -0.0196588815218278
51.47907933498 -0.0197631659407542
51.4785181710793 -0.0198270120896661
51.4782625343066 -0.019856132397992
51.4777853444276 -0.0198192117343645
51.4776058260233 -0.0198413539784618
51.4772871890913 -0.0201432085870933
51.477104794108 -0.0204422473222533
