51.4347671597994 0.0813444243088049
51.4343470014619 0.0813720649808819
51.4335900686121 0.0818753847609267
51.4333591778268 0.0801752062483884
51.432599271889 0.0803043848414061
51.4324292715015 0.0802381814491607
51.4324264068099 0.0802425589357034
51.4306329432266 0.080403899629229
51.4305499639079 0.0803227919167035
51.4300216431184 0.0783899153767067
51.4301413624175 0.0783764887283982
51.4318246757428 0.0774503096415939
51.4318025681224 0.0753083352790157
51.4313292046946 0.0750558141860072
51.4312887457746 0.0734202471942458
51.4310282554734 0.0729956629519802
51.4307965383385 0.0729672627274928
51.4302756271746 0.072322373410369
51.4296675975395 0.0724503634614543
51.4291898862174 0.0717976057341991
51.4291442280216 0.0709728406800715
51.4289780532295 0.0701147559272587
51.4289383164054 0.0701147389928349
51.4268787002063 0.0706303406252032
51.4268156120201 0.070400000437385
51.42699637815 0.0688743410606366
51.4262438648549 0.0666591974146294
51.4257859050587 0.0663580354036235
51.425725997324 0.0654418445811785
51.4252566863801 0.0645244008940492
51.4251694137255 0.064206644963273
51.425408296822 0.0635117214937886
51.4259698064965 0.0626397742419791
51.4259644742662 0.0626107132048675
51.4255214343594 0.0621763622709438
51.4249571151223 0.0606531321377593
51.4249445625244 0.0604466745140127
51.4249705653953 0.0603534370191432
51.4249779521625 0.0600508597925552
51.4249107159114 0.0598814375681212
51.4247367419685 0.0589304959942623
51.4247021167075 0.0581378692825314
51.4247470608459 0.0580922109587152
51.4253364001416 0.0565543190226822
51.4262305645828 0.0570620080584221
51.4265518899021 0.056861525044559
51.4266013413061 0.0558415980810861
51.4269611404483 0.0552516656618803
51.4274385598063 0.0551266076508674
51.4276790708661 0.0547921290255358
51.4276916981319 0.0547333910611815
51.4275407852679 0.053731257983423
51.4274865468932 0.0535634858474527
51.4267233808025 0.0527875046414197
51.4264991062241 0.0528061557506176
51.4262858239227 0.0522536220344207
51.4250302749733 0.0517433598541966
51.4249672211024 0.0515705791016512
51.4249018462942 0.0512170645785235
51.4246187257584 0.0506991464300319
51.4240913614008 0.0502826169126306
51.4241217289372 0.050006215856524
51.4235662449398 0.0480970691859193
51.4227237090219 0.0483883850542181
51.4213907266127 0.0467825734362421
51.4214311534017 0.0461973463817458
51.4216846238206 0.0449437525975135
51.4222331513063 0.0442050820825643
51.422865194812 0.0383709573610784
51.4226320967924 0.0376719009410117
51.4235335941305 0.0361900352473861
51.4239175715145 0.03509772977366
51.4245964085049 0.0340526561845014
51.4255875177854 0.0338700173157729
51.4263896527774 0.0340602964347978
51.4266136048952 0.0348938405648701
51.4276777473934 0.0350615062426566
51.4277142412442 0.0350101096723226
51.4277690360046 0.0348884794558653
51.4279631514919 0.034851320588649
51.4285348293642 0.0339353057587029
51.4290947110204 0.0343566906331553
51.429606330202 0.0336790035745476
51.4295944031281 0.0334959277465404
51.4298366958425 0.0327648730512019
51.4302198891348 0.0328772480211211
51.4307634405381 0.032104747235873
51.4308496391842 0.0320591089137496
51.4311200480502 0.0326563660143292
51.4311877348367 0.0325947236989473
51.4316227315184 0.0313992561770862
51.4319027033251 0.0323162675073759
51.4322332372648 0.0326968801556333
51.4327226276026 0.0326420924918593
51.433224437516 0.0321977043278542
51.4349534610309 0.0319373005761545
51.435581171898 0.0325639953706266
51.4367358733738 0.0328131327750376
51.4373687459029 0.0314931971130388
51.4373693013395 0.0314922726884667
51.4373863461506 0.0314840128015405
51.4375364330387 0.031435032733325
51.4398167243541 0.031123345789297
51.4403383583761 0.0306914991964639
51.4414686066301 0.0304789567560163
51.4431361369812 0.0321636953479174
51.4433781563461 0.0328220270716226
51.444201587674 0.0328055579851777
51.4447556787136 0.0323687243699608
51.4467553586073 0.0320896767291026
51.447185720315 0.0325252775281805
51.4478602270912 0.0325633004914697
51.4481378351592 0.032496481836718
51.4488760643176 0.0308030686361485
51.4489379683198 0.0307015101690302
51.4504460656576 0.0299444011976233
51.4505343633466 0.0300733936230125
51.4524424017334 0.0296191453697753
51.4523385292655 0.0282966810254365
51.4526187320241 0.0279861911086423
51.452736230024 0.0266348422860919
51.4528592230476 0.0262443938147223
51.4532520291489 0.0262690264598398
51.4542777700408 0.0267031169305277
51.4547712632495 0.0287652995942781
51.4549405452955 0.0292225993240515
51.4549557797573 0.0303469299480518
51.4549284472124 0.030471635736073
51.4553615499024 0.0312942020576017
51.457501526337 0.0321584132810436
51.4578411309861 0.0331047138449882
51.4582515717064 0.0327811320735621
51.4588110831607 0.0314608865919926
51.4589186338705 0.0313918373004991
51.4596725335661 0.0331717396107524
51.4599463121405 0.033273875695216
51.4598995317324 0.0346591889604983
51.4608352325305 0.0352496490410498
51.4608157795053 0.0363698535887971
51.4608265833749 0.0364000081563753
51.4608250327742 0.0364323427528949
51.4622678862019 0.037895671647463
51.462279633924 0.0379439117528152
51.462120292821 0.038602589988472
51.4621802503469 0.0391199371214108
51.4627361388724 0.0393201548871132
51.4636531741217 0.0411418059376809
51.463601378013 0.0412096474602412
51.4634126915323 0.0419210327298852
51.4633165830891 0.0420966934486402
51.4632959369671 0.0423477741621734
51.4638916984915 0.0435819366098326
51.4642110574724 0.0435340039673417
51.4643135684241 0.0437338514443953
51.4643889071006 0.0439864959373557
51.4644511424264 0.044490445823059
51.4644424493837 0.0447672313643406
51.4644310651158 0.0448117112969017
51.4641191891154 0.0453943718938184
51.4639584700923 0.0461502071843432
51.4642066330718 0.0465500623505824
51.4642286535507 0.0466121799389005
51.4645757677889 0.0472917441093418
51.4649122005458 0.0476407208176086
51.4659663936169 0.0470435676869117
51.4662377167125 0.0471466419705675
51.466786628887 0.0485380405886183
51.4669703623011 0.0486218887318822
51.4677347130682 0.0506529931979745
51.467727218923 0.0508758371362852
51.4690446489081 0.0525709437334042
51.4696134738321 0.0521644603088474
51.4704789932549 0.0540211398179307
51.4699686438238 0.0552149647230432
51.4690693303167 0.0567080084272469
51.4690826497923 0.0573015956886449
51.4687487631691 0.0582332133826544
51.4685510315072 0.0584861998239859
51.4679598559691 0.0598157741889929
51.4677660228817 0.060107625614264
51.4660289122294 0.0588496574904003
51.4649550255568 0.0594230992830811
51.4645729662415 0.060066370223908
51.4646861576958 0.0622597951906451
51.4658533712499 0.0641391026137846
51.4657727250307 0.0643792890975698
51.4655637956489 0.0680313883288678
51.4659243453082 0.0709676790402259
51.4652854692066 0.0741781406678313
51.4639314755234 0.0751874452366338
51.4638991843734 0.0755387661849048
51.4628690172821 0.0788454324715361
51.4613912290777 0.0806426450673794
51.4612106052311 0.0810078483258825
51.4611421924509 0.0812304962240756
51.460806004056 0.0818657699934009
51.4607108339271 0.0819649409527764
51.4595716324066 0.0824330861112351
51.4588007921925 0.0842550238479101
51.4585852496452 0.0840957739971115
51.4570156412442 0.085490752510665
51.4565195787759 0.08437244847792
51.4564227912042 0.0842590872595475
51.4552798225695 0.0861259746083871
51.4548966079605 0.0861085027101932
51.4542007708964 0.0872795821681243
51.4536883434787 0.0869099079485422
51.4535905550861 0.0865599803349191
51.4522463111399 0.0865507824096916
51.4521858029644 0.0865156256483512
51.4521105542824 0.0861317295850228
51.4508963797993 0.0864065181534426
51.4508115038617 0.0863513832725138
51.450464146489 0.0865973297777265
51.4501438748205 0.0872861889307517
51.4497115397334 0.0870433770116535
51.4489485753557 0.0877982961399797
51.4489105868629 0.0878010723696135
51.4485329083038 0.088396384139988
51.4482446476266 0.0885344067071505
51.4476869082156 0.0895019130915229
51.4475300408001 0.0894002972386125
51.4464755905834 0.0892073974838039
51.4463146261557 0.0880288976978095
51.4455835344515 0.0866607858150496
51.4456579683229 0.0859842800705496
51.4458483689824 0.0856061372685725
51.4458613563797 0.0855482313769338
51.4452344367986 0.0837046017555964
51.4452335139434 0.083377190881054
51.4453678452647 0.0824352499211457
51.4454319820114 0.0822358604826348
51.4454321034335 0.0822340861755408
51.4452503010813 0.0808631826624294
51.4448979112781 0.0804917938264346
51.4438571312485 0.0815030951536572
51.4427080176242 0.0809598757655292
51.4421107967483 0.081982275875975
51.4417569923341 0.0822323072062247
51.4411432639898 0.0815974074974376
51.4406080097293 0.0819400315559944
51.4396975491393 0.0820622320490813
51.4396045652257 0.0809599876011652
51.4391834648487 0.0796781702936136
51.439171725614 0.07966589175376
51.438829625002 0.079743008145963
51.4385824888317 0.0804062362641939
51.4386485033099 0.0818022808141456
51.4378277896132 0.0815941270916185
51.4376495526215 0.0829025183152676
51.4365001453906 0.083655978944523
51.436271214698 0.0832534830593286
51.4361455886662 0.0829618656698412
51.4353132521265 0.0827602928742418
51.4347671597994 0.0813444243088049
51.449735989961 0.0528669210716582
51.449887695738 0.0522998551640187
51.4498069151043 0.0522512580785145
51.4495181876292 0.0522644170264613
51.4494540449342 0.0523695261048614
51.4493936189733 0.0531043203557306
51.449735989961 0.0528669210716582
