51.4861789431532 -0.179877982384574
51.4860611885771 -0.179548727163792
51.485933123778 -0.179493499168421
51.4857796776658 -0.179494266410038
51.4857515878106 -0.179520561402846
51.4856175028436 -0.179506069273559
51.4854799987187 -0.179161336221685
51.4855069595604 -0.178616600282803
51.4852440418231 -0.17829491948363
51.485018069569 -0.178667549925964
51.4848241753128 -0.178645586957793
51.4846849515739 -0.178485473417672
51.4845992189005 -0.177914600110234
51.4845771845653 -0.177908234459949
51.4843982502796 -0.177206058087145
51.4840296826824 -0.177519652109586
51.484018562848 -0.177486726256988
51.4839964463405 -0.177365175261043
51.4838458211752 -0.176911257931782
51.4835571141968 -0.176931796637887
51.483589718015 -0.176103162364542
51.4834760951208 -0.17586105167026
51.4834494096962 -0.175740635199021
51.4834696231663 -0.175658840999875
51.4830526126021 -0.17490408894505
51.4828999430021 -0.174960533413156
51.4825858775468 -0.174795780884821
51.482579500557 -0.1746690940863
51.4819287129475 -0.173640968803982
51.4818514273111 -0.173613894842719
51.4817841954964 -0.173978399031983
51.4815565513297 -0.175213060118192
51.4813230829992 -0.175611742103225
51.4811625608997 -0.175885796971321
51.4810399603263 -0.176095284142649
51.4807456234645 -0.176597791283936
51.4804056601234 -0.177178343503236
51.480368529307 -0.177241807230751
51.4803389276447 -0.177292265302579
51.4801439013188 -0.176896794480664
51.4798883142888 -0.177156816655877
51.4794397081344 -0.177613207456613
51.4787525938755 -0.178312412993511
51.4781698161794 -0.178905328631344
51.4781355176845 -0.179533384286052
51.4781068305584 -0.18005981498134
51.4777707758685 -0.181009299422487
51.4776789218245 -0.180883294966692
51.4775868448894 -0.180742932975727
51.4778012716127 -0.180071977145113
51.4778102329333 -0.179242016677951
51.4778123616244 -0.179049105707125
51.4776647287681 -0.179111621747294
51.4775505883023 -0.179159980294922
51.4774370730337 -0.179208076228641
51.4770690712484 -0.179251582506603
51.4764604112237 -0.179434206919049
51.4759859359122 -0.179568266427722
51.4758620908041 -0.179599554938383
51.4751081013026 -0.179790447634803
51.4752745112317 -0.18008622576819
51.4751177051465 -0.180409233606826
51.4750350595418 -0.180297355915526
51.474781019443 -0.179979777271501
51.4747782688751 -0.179976324921489
51.4746330880119 -0.179895669845728
51.4738337604653 -0.180183217572907
51.4738373531072 -0.18097675122326
51.4739052943792 -0.181207106210387
51.4740469666585 -0.18164704848214
51.474136900611 -0.181747832389886
51.4743464921711 -0.181987874250822
51.4744921686431 -0.182639947249083
51.4749004411411 -0.182891927547662
51.4751917101853 -0.183054053125197
51.4752365531501 -0.18313419408017
51.4755357185655 -0.18465949660638
51.4767210099178 -0.183780838115606
51.477282571221 -0.183546117624344
51.4777107759568 -0.184876511495977
51.4777424970112 -0.185572702093806
51.4788255837556 -0.185670188442748
51.4790835409462 -0.185939818988864
51.4794643270272 -0.185978737230168
51.479612275131 -0.186325762304006
51.4799714481232 -0.186559920218722
51.4800519822011 -0.186756567128517
51.4801267737854 -0.186831851405685
51.4802950501301 -0.187470538909711
51.4803076728771 -0.187571800134666
51.48044504694 -0.187665385204255
51.4805624447466 -0.187897385053247
51.4807660887499 -0.187991907376318
51.4807803501891 -0.188024708908511
51.480917989762 -0.188246053519219
51.48091299488 -0.188440634190238
51.4811920972908 -0.18909026653108
51.4812016890428 -0.189257315652424
51.4812081150808 -0.189318333055888
51.4812693159797 -0.189450921317059
51.4813062086767 -0.189476415230714
51.481772456159 -0.189781175959069
51.4823747324962 -0.190593544615165
51.4825171239528 -0.190534710063696
51.4831579014589 -0.189799227914882
51.4834434357987 -0.18963129039568
51.4839498618517 -0.190040520278789
51.4841768554332 -0.190401563195319
51.4846613031666 -0.19091891172197
51.4849501213215 -0.191068630458243
51.4856951488503 -0.19208514730033
51.4860160102338 -0.193217506715403
51.4863688392254 -0.193268401979979
51.4864769728175 -0.193319943982298
51.4875697056557 -0.192777958244081
51.4879259668973 -0.193069088977849
51.4879839784444 -0.193076652841387
51.4886230645651 -0.192924548585049
51.4886909973082 -0.192438376840101
51.4886586021096 -0.192383839213989
51.4885805311081 -0.191932301483931
51.488688151251 -0.191693961472661
51.4889942649697 -0.191694439371468
51.4890576234361 -0.191628987513937
51.4890710247281 -0.191285465605512
51.4888563913422 -0.190944555959098
51.4888785723327 -0.190558407801705
51.4891368638632 -0.19019794539606
51.4891227579846 -0.190099454284496
51.4889436275539 -0.189793247928343
51.4887263069264 -0.189680359892327
51.4885724952808 -0.18970984836145
51.4884417437954 -0.189427858513353
51.4890283477117 -0.188671844900573
51.4890287621146 -0.188663752501001
51.488997394018 -0.188437205742236
51.48884879 -0.18825675515287
51.4889004679995 -0.187598416592054
51.4892024157749 -0.187183949117844
51.4894971486337 -0.187413590661542
51.4896399108133 -0.187407928887442
51.4897572990833 -0.187092580795422
51.4894697617049 -0.186450419416181
51.4897869328621 -0.185858016633228
51.4897884160516 -0.185767932845391
51.489888077018 -0.18546337841581
51.4897870395896 -0.184819162848151
51.4899792153097 -0.184567583188738
51.4901067221289 -0.183483874379508
51.4901407301665 -0.183468151863381
51.4904530808049 -0.183006555956655
51.4903137000308 -0.18251683554063
51.4906148414918 -0.182045700608163
51.4904378441633 -0.181571136375835
51.4902070566167 -0.181917974947909
51.4898051917562 -0.181783602572133
51.4896940574285 -0.181863559040562
51.4895425572788 -0.181125993060759
51.4893090200345 -0.180953457407016
51.4892869346032 -0.18083367101249
51.4888607010394 -0.180704793682193
51.4888451964398 -0.180591991213995
51.4885318720725 -0.180346985027607
51.4885196430057 -0.180277282862562
51.4885205621641 -0.180232235028327
51.4884237000675 -0.180084787579067
51.4881997439237 -0.179162845693273
51.4881028587368 -0.179251382712919
51.4880797569209 -0.179263110326457
51.4877867317351 -0.17916766023921
51.4876379054297 -0.178904358036665
51.4875291581812 -0.178686370904002
51.487547616042 -0.178636112220364
51.4877386053844 -0.178239558834701
51.4880623117313 -0.178267154594808
51.4881207449116 -0.177624816353377
51.4881505897695 -0.177566858056385
51.4886664552824 -0.177371706527434
51.4886833188408 -0.177259396240341
51.488627781226 -0.176959951802764
51.4887536791077 -0.176274413472153
51.4887464184397 -0.176258432541456
51.4884010972684 -0.176101192751229
51.4881992349346 -0.175405224494146
51.488209506745 -0.175308498117145
51.4878135903876 -0.175094737862471
51.4875576535028 -0.174482887549667
51.4872157666049 -0.175482248786628
51.4871354700887 -0.175533195317392
51.4871138654003 -0.175600681798722
51.4866891649513 -0.175709433331846
51.4866608458672 -0.176483918211057
51.4864467176506 -0.176548276745207
51.4863939181555 -0.177084198827873
51.4865726991398 -0.177383108679165
51.4869038284354 -0.177182622126816
51.4869235003014 -0.177198938937442
51.4870460415788 -0.177390361390051
51.4869683704168 -0.177870632824539
51.4870958048025 -0.178278717039324
51.4870462197726 -0.178622720209162
51.4869910579163 -0.178717669217874
51.4867167656014 -0.178688101785461
51.4866663431663 -0.178735120321074
51.4865209616949 -0.179156803427682
51.4864866874536 -0.179184295482786
51.4863536337156 -0.17934623679568
51.4864228978079 -0.179736922278094
51.4861789431532 -0.179877982384574
