51.4752288740053 -0.148038136595525
51.4751372149915 -0.146544202822538
51.4751149163391 -0.146458672062421
51.474610641251 -0.146093010427885
51.474476898273 -0.147482672565496
51.4746970444309 -0.148227081498571
51.4741131472097 -0.148978755130291
51.4737425024888 -0.149167452886635
51.4735495268113 -0.149187016939648
51.4733315882778 -0.149829349447704
51.4729404598382 -0.150497675867329
51.47291728007 -0.150652478402236
51.4729108918604 -0.150663540534637
51.4725926804834 -0.151532277011779
51.4723277729262 -0.151938920659577
51.4716686563194 -0.151832351792661
51.4710073600171 -0.152996632013111
51.4709875796937 -0.152996481105987
51.4706742612032 -0.152179420004778
51.4702773101237 -0.152108201391415
51.4699000011907 -0.152342119336432
51.4698825478435 -0.152318487814791
51.4696727352445 -0.152125386519452
51.4690483756968 -0.152570024752646
51.4687036831107 -0.151975666703761
51.468658945859 -0.151937824487001
51.4686194244853 -0.151523692376609
51.4679826759135 -0.15104550069371
51.4676131909074 -0.151747050892854
51.4674115641224 -0.151845179375907
51.4671356734332 -0.150905119368434
51.4668656031604 -0.150887309862691
51.4665880476997 -0.150543122521203
51.4663178612881 -0.150535053863352
51.4662190058928 -0.150656925540134
51.4662006239219 -0.151349722377486
51.4657812227526 -0.15145118967613
51.4657187494528 -0.151525767859507
51.4654245926523 -0.151092160079724
51.4650875468618 -0.151040140409937
51.4648543359239 -0.151432855745795
51.4645176999725 -0.151019134898492
51.4642259753798 -0.151036267625638
51.4640109941135 -0.152112068965506
51.4638522803532 -0.152177948567091
51.4635420824735 -0.151228544101484
51.4634038432511 -0.151184633576649
51.462948991203 -0.151871518111283
51.4625513629543 -0.151466566336681
51.4625161938632 -0.151260150651982
51.4619969051347 -0.15111021503303
51.4618066763601 -0.151457961682282
51.4618097132918 -0.152118253444101
51.4618553673894 -0.152168634905411
51.4619617906634 -0.152743684643742
51.461909849098 -0.153093081840403
51.4618689775025 -0.153254969166566
51.4619232849963 -0.153403875006888
51.4619693362782 -0.15422172094733
51.4619607375861 -0.154423611201846
51.4622192475953 -0.154917874576235
51.4622116477415 -0.154977647371614
51.4622114458165 -0.155016231450193
51.4621588790497 -0.15569776181246
51.4621827334755 -0.15582546564313
51.4621713812505 -0.156264026745671
51.4620749356596 -0.156493789826432
51.4620536299963 -0.157071386141965
51.4619437050704 -0.157381689883305
51.4620229969894 -0.157867993048951
51.4620137565403 -0.158029433733202
51.4619077114123 -0.158254949608543
51.4619285855797 -0.158633812655502
51.4618340307188 -0.159138863763194
51.4619681386654 -0.159412280893756
51.4617519208963 -0.159887090743239
51.4618109698049 -0.160470470942966
51.4617979819063 -0.160553722906635
51.4618290876588 -0.160702738985274
51.4615766413145 -0.161349915881628
51.4617132601142 -0.161732197909516
51.4616194995857 -0.162191273715397
51.4614587169743 -0.162435237369824
51.4608525541277 -0.162282377062113
51.4607626577363 -0.161078541129516
51.4605157070799 -0.160563023229341
51.4601863721819 -0.160979334620194
51.4592160654459 -0.160863566861635
51.4591792963598 -0.160548387313143
51.4592516620751 -0.160158556985548
51.4592989433819 -0.160055059178416
51.4592961557683 -0.159665520070345
51.4593989874153 -0.159263779715114
51.4593694577236 -0.159186633827081
51.4593393194813 -0.158870356867974
51.4594048111449 -0.158443887182849
51.4594283864576 -0.158405195533436
51.4594210410713 -0.157937623509735
51.4595844723233 -0.157462343448823
51.4590966103749 -0.157177913695261
51.4587998457421 -0.156497094354871
51.4587204812472 -0.156149455915697
51.4580665777853 -0.157088964633755
51.4576805448198 -0.156951529879013
51.4574646852818 -0.15652204752759
51.4574461322069 -0.156331240977105
51.4569876523186 -0.156280404131158
51.4567371084619 -0.155937898166695
51.456324974192 -0.156238745485532
51.4560275677348 -0.15582609496808
51.4559714447348 -0.155813047236422
51.4555304363638 -0.155278493902274
51.4554800483259 -0.155264266350862
51.4551308511802 -0.154862737336762
51.4551050964601 -0.154814287606346
51.4550251879279 -0.154746541152889
51.4547422755261 -0.154409754408731
51.4546856114859 -0.154299535193559
51.4543323504367 -0.154279604898273
51.4540825731561 -0.154454398787654
51.4533983231204 -0.154110430337688
51.4531354761558 -0.154511462024673
51.4532346266352 -0.155167754016599
51.4531634830638 -0.156017107144282
51.4532879694932 -0.156227006136543
51.4536241595987 -0.156556307146721
51.4533824853018 -0.15736114630452
51.4525165315832 -0.157524650831035
51.4522894984781 -0.157693994716337
51.4521792343242 -0.15794846925352
51.4524312679328 -0.158689504395375
51.4524399716726 -0.15914069266717
51.4523993752315 -0.159332078401752
51.4523068200597 -0.1596038751536
51.4523223132904 -0.159920811553483
51.452034053582 -0.161201681777852
51.4519682643746 -0.161351830037736
51.4518757697572 -0.161495930566382
51.4518835426601 -0.161739362965563
51.451880959038 -0.161763793736655
51.4516597083236 -0.162669452180763
51.4513991737049 -0.162881408065652
51.4512498267309 -0.163671789265373
51.4509251653725 -0.163847625069032
51.450586043613 -0.163628291003391
51.4502864543388 -0.163677215957707
51.4502572041941 -0.163698087755412
51.4499103088634 -0.163510515519721
51.4498394576937 -0.163372149500114
51.4496726252735 -0.163207139427848
51.449447917538 -0.163118023742213
51.4493484564736 -0.163127473824338
51.4493161088981 -0.163162946552593
51.448800472258 -0.163027126724169
51.4485800913083 -0.162726506937124
51.4482168228282 -0.163198043283105
51.4483929245231 -0.164626515311845
51.4483965719429 -0.165703913098197
51.4484959544462 -0.166482489276346
51.4484966369774 -0.166577864111301
51.4489656663984 -0.166734456918064
51.4499241944794 -0.167281666348549
51.4500126769181 -0.167306009168193
51.450367379311 -0.167700129722669
51.450771825681 -0.168032932599802
51.4510611056687 -0.168198640493598
51.4512208482189 -0.168307353387166
51.4512492889767 -0.168343951091175
51.4521004070131 -0.169192308261729
51.4526608741041 -0.170011970668992
51.4527663098086 -0.170016654912101
51.4529605744404 -0.170073681193928
51.453172200703 -0.170165971200738
51.4536364776998 -0.1701681749846
51.4538643336914 -0.170217451431684
51.4542860332555 -0.170354392017709
51.4547308191468 -0.170593897123249
51.4552189979091 -0.171004465671482
51.4552542777518 -0.172736568723988
51.4553830384501 -0.173459274406024
51.455866486474 -0.17428829066107
51.4564795602498 -0.174337530231397
51.4569427889969 -0.174006916649454
51.4574743433278 -0.173393715520509
51.4577238904481 -0.173531276907438
51.4581013459423 -0.173650323039467
51.4589614636181 -0.172989800777527
51.4592196050683 -0.173142331720471
51.4593368968146 -0.174802952018104
51.4593410340235 -0.174826168404327
51.4600879332947 -0.175046451715836
51.4600881992519 -0.175132846973073
51.4600863408951 -0.175244489101611
51.4599451784565 -0.17615607215188
51.4598820411712 -0.176206301882503
51.4598174616453 -0.176302521469817
51.4597083058885 -0.177226351101913
51.4598989667986 -0.177693748091248
51.4599205380339 -0.177861189789979
51.4598345235548 -0.178122763213631
51.4593690251209 -0.178464247509336
51.4592725149554 -0.178738933915633
51.4597356796145 -0.179717361124129
51.459732596354 -0.179756176203659
51.4598098232612 -0.179854819939251
51.4600924990088 -0.180482360411523
51.4603651564369 -0.180725157748664
51.4606964175287 -0.180179419584727
51.4607557592261 -0.180243644884378
51.4612422759647 -0.180821671945596
51.4613075864665 -0.181062038482848
51.4615134040514 -0.181041274203713
51.4621857977476 -0.181211573806313
51.4621463011588 -0.181876172174529
51.4615052487696 -0.183072197464456
51.4614952326001 -0.183795078961065
51.4617731932189 -0.184276266859449
51.4622849609344 -0.183624261130083
51.4625466172346 -0.182902173532356
51.462911545665 -0.182787854982441
51.4629792386805 -0.182828371702446
51.462985961392 -0.182983716151786
51.4634884782656 -0.184021000810163
51.4635577305722 -0.183349743198503
51.4639715094111 -0.182877980941374
51.464458403374 -0.182535656159585
51.4644696134239 -0.182487493130036
51.4645221212933 -0.182412524672353
51.4648090302234 -0.182357086716304
51.4650394669101 -0.182410842591485
51.4651081522379 -0.182579163509856
51.4653384966799 -0.183102631825355
51.4654356420586 -0.183790812626519
51.4656483313501 -0.183290934779808
51.4659281749761 -0.182849161106836
51.4661184228466 -0.182548877153663
51.4663581878174 -0.182189525557801
51.4666800996503 -0.181707130200397
51.4667249045885 -0.181639823164976
51.4667367667687 -0.181622139164952
51.4671447038944 -0.181220478696638
51.4674926863111 -0.180917942880234
51.4674977411621 -0.180913468344821
51.4677359957192 -0.180706223573299
51.4679808154925 -0.180493373504402
51.4682894682438 -0.18025186522483
51.4686658906061 -0.179957323300486
51.4686851989121 -0.179944446396275
51.4692187114727 -0.179588564334002
51.4696793499219 -0.179281279839198
51.470066936842 -0.179022721691761
51.4704778912711 -0.178781154715401
51.4707306296193 -0.178632666522042
51.4712400237796 -0.178333273408354
51.4713520925337 -0.178267313325066
51.4716246077156 -0.17810722802096
51.4721100351735 -0.177821837112212
51.4721121840502 -0.177821276610657
51.4724571414052 -0.177735349427267
51.4725706776719 -0.17772334595957
51.4728471126609 -0.177694047625059
51.4732282362451 -0.177499944339618
51.4734641552971 -0.177432011365596
51.473647718553 -0.177379224051452
51.4740258514829 -0.177270359981212
51.4741040321181 -0.177227826860032
51.4742036073891 -0.177173636718931
51.475008317873 -0.176735509372734
51.475112705696 -0.176678631846132
51.4754693038702 -0.176358566360129
51.475616128871 -0.176226857402881
51.4761314649089 -0.175778159513884
51.4761446817847 -0.175766708978485
51.4761870787917 -0.175729754409468
51.4768292070737 -0.175387356745345
51.4769432745804 -0.175357514843418
51.477461773456 -0.175222007778739
51.4775274016982 -0.17520478429661
51.4779322895775 -0.174903184848716
51.4781752585708 -0.174722268611708
51.4787745027837 -0.174275995426073
51.4790874748011 -0.173770019863355
51.479503131507 -0.173098092222185
51.4795529405347 -0.173017614848846
51.479980792823 -0.172194028429326
51.479999950598 -0.172119643031085
51.4801694747333 -0.171460617936097
51.480396203479 -0.170578913665843
51.4805427390968 -0.170169800362454
51.4805457438364 -0.170154956022375
51.4807502135646 -0.16914374918901
51.4809684437503 -0.168064416619845
51.4809763736208 -0.16803108811146
51.4812939864563 -0.166690677964747
51.4813818602366 -0.166319638976392
51.4816823618165 -0.163686395418994
51.4817859084376 -0.162904688049292
51.481851190872 -0.162412237111848
51.4820227719532 -0.161039280084552
51.48222525422 -0.159419499527391
51.4822996857492 -0.158823597525984
51.4823305957445 -0.158576426797425
51.4824784541454 -0.157464454187776
51.482582013088 -0.156686161636073
51.4826040387196 -0.156520332370702
51.4829381300657 -0.156607677862866
51.4829606044297 -0.156807813770414
51.4829799485933 -0.156980407522011
51.4831235609336 -0.156960248990998
51.4831256851336 -0.156860888781119
51.4831441097287 -0.155979974332358
51.4829634296441 -0.155929669220762
51.4829407782258 -0.156204299432331
51.4827057392355 -0.156127330251011
51.4826859606159 -0.156012942094696
51.4830166372354 -0.153734937054098
51.4821237971103 -0.154348698797754
51.4814817220376 -0.154919185866861
51.4812618700461 -0.155116150279204
51.4808049111087 -0.155647680690674
51.4800891350334 -0.15533362989171
51.4800645126036 -0.155242836122909
51.4799889613694 -0.154200841804795
51.479521735626 -0.151266517402792
51.4784474347172 -0.148844729644598
51.4779470313915 -0.14856434932185
51.477855414397 -0.148802918751215
51.4773579441542 -0.149101254839303
51.4771669464107 -0.148631081541207
51.4771061607371 -0.148641616655751
51.4770125251432 -0.148564431517767
51.476695702634 -0.148899382271408
51.4765420128551 -0.148417851021033
51.4765153725089 -0.148404563162259
51.4764371935804 -0.148338389306895
51.476085608508 -0.148441675193274
51.4759724944805 -0.148292380044242
51.4758991641069 -0.148072135625765
51.4758338968796 -0.147861538683073
51.4752288740053 -0.148038136595525
51.4617654511674 -0.179411678288532
51.4618208024939 -0.179230485357717
51.4620016426165 -0.178955988679182
51.4624425879842 -0.179186747695374
51.4626108227643 -0.179605695267329
51.4625838888877 -0.180702685133148
51.4624833609677 -0.180962115560279
51.462252779486 -0.181113480211749
51.4618018502988 -0.179665777476745
51.4617654511674 -0.179411678288532
