51.4400086232399 -0.140176859742834
51.4388473500179 -0.139919968969556
51.438182568303 -0.140522582614517
51.436029103721 -0.140460797120603
51.4358996396508 -0.140653010847639
51.4334079980338 -0.142725176004068
51.4334124445397 -0.1431647224582
51.4354572847102 -0.144917069825386
51.4362123823373 -0.146504208125565
51.4367673778494 -0.146086114531006
51.4369042184874 -0.146246062642244
51.4372206381716 -0.147523715008992
51.4373693044214 -0.147561712573415
51.4376668983675 -0.148206180520173
51.4380828949534 -0.148367305691201
51.4383895808601 -0.148329753243512
51.4384176494899 -0.148353768455987
51.4387923271018 -0.148249640555099
51.4390704089085 -0.148632263153544
51.4400660691549 -0.148758451796316
51.4400678754058 -0.14876466656854
51.4400649018042 -0.148878085916075
51.4405683277349 -0.149793913060397
51.4406373831735 -0.149811765669257
51.4409977342805 -0.150759494137579
51.4407212226891 -0.151148410710817
51.4406711127346 -0.151796069586638
51.4410260107128 -0.152313251395536
51.4411741851769 -0.152348677090174
51.4414164187305 -0.153315556230773
51.4412989610523 -0.153620692817443
51.4412591365192 -0.154157369070872
51.4414883523442 -0.154806468994072
51.4416078283143 -0.154852076463094
51.442065048921 -0.154594346437098
51.4422574994892 -0.154564165384901
51.4422665768821 -0.15457542653697
51.4422773055543 -0.154828653804265
51.4423318397699 -0.15563762216452
51.4423546408919 -0.155852635041604
51.4421379747008 -0.156063649080604
51.4420898043996 -0.156659159919806
51.4420748852935 -0.156682302767581
51.4419896196469 -0.156816954618486
51.44182475879 -0.157206806357129
51.4418110728077 -0.157428506329049
51.4422283061159 -0.157394629426922
51.4425808324189 -0.158019933246209
51.4423968877234 -0.15812806263658
51.4417701204664 -0.157762945619341
51.4417251296124 -0.157869042305525
51.4416615519865 -0.158234051201614
51.4419770053168 -0.158868912385794
51.4415264079951 -0.159594847814629
51.4414172289962 -0.159540746533412
51.4411278829952 -0.159869859737091
51.4411039342091 -0.159953514604729
51.4410977754345 -0.160609368565561
51.4408879440338 -0.160775233610398
51.4407695589625 -0.161595635622817
51.4402527775034 -0.161541762584998
51.4400653188727 -0.162389244143772
51.4400855385445 -0.162428888066928
51.4401192621765 -0.162607389424527
51.4406070510287 -0.163300953018876
51.4410795315181 -0.162426839829416
51.4410967560532 -0.162435995651081
51.4414869702134 -0.162972490553986
51.4415422378825 -0.163108846158686
51.4415092254339 -0.163210897177692
51.4414745726443 -0.16405760635367
51.4416002613603 -0.164310730173825
51.4417816763369 -0.164924903197829
51.4420433181067 -0.16492699204209
51.4420966488177 -0.164945498259041
51.442361596379 -0.164802709571377
51.4426546223002 -0.164983404337933
51.4434317212294 -0.16389274413488
51.4434637013413 -0.163925631664954
51.4448967321437 -0.163450862839606
51.4449917470046 -0.163306806179828
51.445045158937 -0.163273102129208
51.4453913841635 -0.163699051144296
51.4458331878219 -0.164614055961793
51.4466167545417 -0.165228475023101
51.4467458407545 -0.165434625264325
51.4474935929729 -0.167173829225548
51.4484966369774 -0.166577864111301
51.4484959544462 -0.166482489276346
51.4483965719429 -0.165703913098197
51.4483929245231 -0.164626515311845
51.4482168228282 -0.163198043283105
51.4485800913083 -0.162726506937124
51.448800472258 -0.163027126724169
51.4493161088981 -0.163162946552593
51.4493484564736 -0.163127473824338
51.449447917538 -0.163118023742213
51.4496726252735 -0.163207139427848
51.4498394576937 -0.163372149500114
51.4499103088634 -0.163510515519721
51.4502572041941 -0.163698087755412
51.4502864543388 -0.163677215957707
51.450586043613 -0.163628291003391
51.4509251653725 -0.163847625069032
51.4512498267309 -0.163671789265373
51.4513991737049 -0.162881408065652
51.4516597083236 -0.162669452180763
51.451880959038 -0.161763793736655
51.4518835426601 -0.161739362965563
51.4518757697572 -0.161495930566382
51.4519682643746 -0.161351830037736
51.452034053582 -0.161201681777852
51.4523223132904 -0.159920811553483
51.4523068200597 -0.1596038751536
51.4523993752315 -0.159332078401752
51.4524399716726 -0.15914069266717
51.4524312679328 -0.158689504395375
51.4521792343242 -0.15794846925352
51.4522894984781 -0.157693994716337
51.4525165315832 -0.157524650831035
51.4533824853018 -0.15736114630452
51.4536241595987 -0.156556307146721
51.4532879694932 -0.156227006136543
51.4531634830638 -0.156017107144282
51.4532346266352 -0.155167754016599
51.4531354761558 -0.154511462024673
51.4533983231204 -0.154110430337688
51.4540825731561 -0.154454398787654
51.4543323504367 -0.154279604898273
51.4540004440738 -0.153200954467599
51.4539984318948 -0.153073223886489
51.4540684018304 -0.152823913893341
51.4540676945954 -0.152813261773458
51.4536693399024 -0.15240199948212
51.4534658174474 -0.152425525064002
51.4533655866539 -0.152340448749244
51.4537778723695 -0.150590341246069
51.4540257399007 -0.149582750340294
51.4538303452331 -0.149659837830906
51.4530938847151 -0.150822216548786
51.4529044706522 -0.151535132427665
51.4522342942079 -0.151536924535256
51.4520920479265 -0.150862696618965
51.4519782598232 -0.150699021975954
51.4519226584393 -0.150434145818396
51.4520829472856 -0.149476892098537
51.4520592268194 -0.149426467592762
51.4520607444024 -0.149300498499794
51.4523446480053 -0.148389501600289
51.4525218814805 -0.148238383975154
51.4525330213031 -0.148186667715928
51.4526615384395 -0.148115842611893
51.4527949721842 -0.148020490613845
51.4526462156119 -0.147493086701322
51.4527094788553 -0.147349189125068
51.4528799409926 -0.147202019154167
51.4527727291527 -0.146817712817503
51.4525249969041 -0.145949822512902
51.4525292902215 -0.145937069538586
51.4527732757048 -0.145851591559788
51.4529675932038 -0.145769074423987
51.4532242755632 -0.145827029326432
51.4534154048043 -0.145724822099622
51.4536919929529 -0.14536459702169
51.4537309822442 -0.145203757297771
51.4537615506218 -0.145141401534332
51.4538771017809 -0.145012585280795
51.4538998474443 -0.144541121805044
51.4534051257102 -0.143513183520656
51.4533609347597 -0.14355544351022
51.452837811542 -0.143595533077133
51.4526653725975 -0.142964792262865
51.4526825979107 -0.142866071346422
51.4530246408952 -0.142540915550528
51.4529215647932 -0.141726504808611
51.4524378232123 -0.141931391091813
51.4523334357551 -0.141851136406627
51.4518840537631 -0.142153593266292
51.45157351762 -0.141772222324438
51.4511753767247 -0.141887355807153
51.4510625849059 -0.142439699391351
51.4503014326453 -0.142407699731113
51.4502974698317 -0.142401571353747
51.4502887696145 -0.142215621313005
51.4501427775703 -0.141626091029744
51.4501283399767 -0.141611369591973
51.4499360092279 -0.14118392114649
51.4499399004661 -0.140828365791152
51.4498604629138 -0.140609454835893
51.4493409559073 -0.140492081282661
51.4491205727457 -0.140818454148923
51.4491574903953 -0.141145290967747
51.4490189585814 -0.141871427623533
51.4488141589265 -0.141848296730303
51.4484737422996 -0.140557808650286
51.4486438607111 -0.140361159948834
51.4486786317638 -0.140036872585628
51.4483169221584 -0.138856077990785
51.4484526536754 -0.138300096429007
51.4482058182607 -0.137820904734153
51.4483262648658 -0.136784260825982
51.4486396531619 -0.13635417553068
51.4485417377075 -0.135550443755268
51.4480975713948 -0.135151094517332
51.4480962721063 -0.135148536958807
51.4478211296874 -0.134879950967992
51.4480667513811 -0.133485668882046
51.4481382386824 -0.133396369967072
51.4481417812109 -0.133364780865876
51.4481454624533 -0.132404916647205
51.4478688941051 -0.132154441037037
51.4478376190173 -0.13196325365551
51.4477994515403 -0.131757040950322
51.4481299895382 -0.130977131058368
51.4478228871328 -0.130728860357848
51.4476616210559 -0.130735446231121
51.4475491625364 -0.13106290588275
51.4472251909783 -0.131183162153391
51.4470640568622 -0.131006298357854
51.4465740077179 -0.131558831007449
51.4462462671303 -0.131589295037354
51.4462014947434 -0.131425600220437
51.4459036450043 -0.131283984105457
51.445350329496 -0.131319149269465
51.4452656244861 -0.131425122058831
51.4451427978629 -0.131468816101261
51.4449592178624 -0.131688575768582
51.4443897713226 -0.131501332685284
51.4443276237041 -0.131556074965858
51.4441785203042 -0.132506485960599
51.4441396286291 -0.132576414135675
51.4438364250788 -0.132550103397021
51.4435151749975 -0.132220555489662
51.4433126401208 -0.132272006146934
51.4431262169097 -0.132855163611391
51.442858968301 -0.133048658475436
51.442714951865 -0.133421500291837
51.4427564234365 -0.133891897942477
51.4426421239247 -0.13402516790068
51.442531737872 -0.13453426188558
51.4419477359384 -0.134674921537054
51.4423121634454 -0.135481207284673
51.4423115012 -0.135546962944009
51.4417241607249 -0.136060044428618
51.4416201234748 -0.13677114935554
51.4408886126209 -0.137659873937419
51.4408649547381 -0.137930623757753
51.4404154525398 -0.139391316742707
51.4400086232399 -0.140176859742834
