51.4781881576073 -0.22647901836782
51.4769233612005 -0.226323855102376
51.4765308532188 -0.226275677405423
51.4760703707209 -0.22614951941799
51.4760313941206 -0.226122417444483
51.4759846962233 -0.226090034740424
51.4752251695582 -0.225563139135318
51.474269100171 -0.224779487583413
51.4739506597101 -0.224481384084846
51.4737249984197 -0.224949488788501
51.4737409564727 -0.225011911880994
51.4742703160877 -0.226279655436059
51.472778794284 -0.232512448352293
51.472209730813 -0.232595700588524
51.4697960278102 -0.235902433959873
51.4696545447753 -0.235957394328949
51.4677860412029 -0.231526128989476
51.4677736389888 -0.231466779399559
51.4664916986433 -0.232869225056064
51.4662332143688 -0.232843717920188
51.4659707350252 -0.23384182957406
51.4655458750256 -0.234134454079951
51.4655099542394 -0.234322085075305
51.4657131572309 -0.235416993697043
51.4660114542663 -0.235603010201987
51.4659745290281 -0.236530798699127
51.4660355014638 -0.236920764648722
51.4660857388126 -0.237045248211384
51.4675305822673 -0.238994774497739
51.4671705473365 -0.239276793979241
51.465522781927 -0.238474162922361
51.465390214852 -0.238506331812995
51.4650718451942 -0.238797064452918
51.4650369440975 -0.238933371510384
51.4654328518169 -0.239962710656653
51.465082909594 -0.240462137955428
51.4651475789203 -0.24093160797207
51.465142197061 -0.240944397284656
51.4650295856258 -0.241539859706478
51.4653104880962 -0.24241315410055
51.465882196077 -0.242865764591871
51.4661641113046 -0.242865262912161
51.4671781066158 -0.244985944656014
51.4670712502429 -0.245384624801373
51.4657032850958 -0.24644393376336
51.4655372535833 -0.247767658412943
51.4655392109731 -0.248169391319014
51.465822100604 -0.248745663952275
51.4656834177866 -0.250084480721474
51.4651841125501 -0.250493633834732
51.465115910187 -0.250682484556395
51.4652474505438 -0.251232147411691
51.4658029516381 -0.25116093745959
51.4660163263419 -0.25190548000105
51.4662932630249 -0.252017281229494
51.4662953904644 -0.252346960703598
51.4661821094456 -0.252937568025228
51.4664263611189 -0.253329580162492
51.4663138436383 -0.253971793951133
51.4669821911484 -0.254052999884549
51.4670240763426 -0.253974004715226
51.4671522780588 -0.253920085384263
51.4675720383349 -0.25465227667031
51.467929717617 -0.254475285830221
51.4682022178198 -0.255104611379886
51.4682532954708 -0.255703807406522
51.468323183034 -0.255772724186784
51.4685506556434 -0.255611507393723
51.4689698937081 -0.255070458914837
51.4693631395456 -0.255229489064483
51.4693731594777 -0.255262465008377
51.4694008192888 -0.255780183090918
51.4694834540118 -0.256107765209088
51.4696760042196 -0.256475675925664
51.4698510332149 -0.256402880481377
51.4701348966496 -0.256527393522814
51.4704345861199 -0.25642242218463
51.4706282982828 -0.255913345544231
51.4712516060403 -0.255795196480967
51.4713254618133 -0.255454035321016
51.4713300046656 -0.255433086492885
51.4717436879392 -0.254826919624563
51.4719712687883 -0.254401294087697
51.4722860496395 -0.253812656906716
51.4724223800457 -0.253610376002558
51.4730386703074 -0.252695478276317
51.4730427166554 -0.252689506306571
51.4733013564299 -0.252339721755907
51.4733788167384 -0.252235016212454
51.4734481683944 -0.252141186560901
51.473774472623 -0.251711163725049
51.4738125469605 -0.251684182536748
51.4743075972622 -0.251333063534922
51.4751510035657 -0.250734839024191
51.4752338230211 -0.250676106456248
51.4760610840462 -0.250068501776149
51.4765494607363 -0.249848800580209
51.4766286682374 -0.249813117920161
51.4769006728616 -0.249690742752993
51.4776772426224 -0.249301015446914
51.4780775628508 -0.249012122639261
51.4785132520409 -0.249002799768383
51.4785837998261 -0.24900128550936
51.4789226106488 -0.248994128751999
51.4792812083757 -0.248999631474112
51.4805632739062 -0.24901916428084
51.4817369865085 -0.249037028574685
51.4818817556298 -0.249039202524969
51.4819172638981 -0.249008987567007
51.4825363151057 -0.248913317403019
51.4828732310355 -0.248797339782616
51.4832963677465 -0.248651813965171
51.4833417128655 -0.248636183231906
51.4833657718508 -0.2486278991189
51.4834309726312 -0.248605451466536
51.4840534166601 -0.248135102875988
51.4844598319382 -0.247628609021289
51.4847331592508 -0.247288118677973
51.4847851666716 -0.247200979129299
51.4859047542853 -0.245324822214403
51.4870781575977 -0.243358385392514
51.4879526629931 -0.241892759560765
51.4880352209647 -0.241708948585067
51.488047487168 -0.241681636736719
51.4884660998013 -0.24074952085234
51.4888769299274 -0.239365318245381
51.489076122208 -0.237658017058449
51.4891367472845 -0.236906635320081
51.489135036202 -0.236721073283523
51.4891225632365 -0.235365864323752
51.489051222115 -0.234508294053098
51.4890424529765 -0.23440352687128
51.4890018446726 -0.233915670596622
51.4887063165062 -0.232803592795045
51.4884814305938 -0.232239615807255
51.4882763536148 -0.231725589225911
51.4882014376007 -0.231526830287978
51.4874779486296 -0.230008333031149
51.4874399762121 -0.229928571850009
51.4868309090076 -0.229064915991996
51.486658845152 -0.228821003630341
51.4857015385791 -0.227989521200411
51.4852579079082 -0.227604142209212
51.4851189893878 -0.227483530818695
51.4843308944572 -0.227111995685332
51.4839053360845 -0.226911304895159
51.4837065363109 -0.226879352991067
51.4827893140263 -0.226731700209404
51.4819401316597 -0.226595069323966
51.4815975929287 -0.226539959473675
51.4800758513687 -0.226514561962929
51.4798239806361 -0.226510320464423
51.4793082806333 -0.226501707664598
51.4782246350285 -0.226483540288332
51.4781881576073 -0.22647901836782
