51.4654683766359 -0.252501412716067
51.4651164291707 -0.252574207756596
51.4649825949956 -0.253173180884641
51.4648384769213 -0.253275068883213
51.4641800579027 -0.255122592123859
51.4640638210411 -0.25511669875478
51.4639439964063 -0.255195930185357
51.4631716393539 -0.256970458453114
51.4625722010404 -0.25725513670942
51.461695528165 -0.256851267745238
51.4616279997109 -0.256753545669285
51.4608727906769 -0.256018073597844
51.4598803505403 -0.257278503102303
51.4590897322207 -0.257577675899569
51.4583527479587 -0.25806813171182
51.458117863699 -0.258705025517922
51.4577082705733 -0.260478529790234
51.4532500435669 -0.262960755659561
51.4529466652083 -0.263357234359325
51.4513063123053 -0.26469500931544
51.4510610181721 -0.268717072793155
51.4505980015937 -0.270980647328627
51.4503031163065 -0.271912371282432
51.4555248231432 -0.28022949279618
51.4555769389363 -0.280399377352904
51.4561578738919 -0.282761544129461
51.4570001877642 -0.282845054294329
51.4584781986472 -0.281948359592785
51.4595078924799 -0.28064794220701
51.4603175044616 -0.280083064909206
51.4606306172782 -0.27975190202604
51.4608296704863 -0.279612197605037
51.4612934112736 -0.278506601004137
51.4614680228598 -0.277712750451901
51.4620096093351 -0.277623521101397
51.4622343436211 -0.27768390290147
51.4627629049964 -0.278899380809287
51.4634815165329 -0.278309012105413
51.4637797616523 -0.278686047588616
51.464612222123 -0.278349311143409
51.464640944781 -0.278278909566217
51.4646647073291 -0.277619824943124
51.4646945228247 -0.277476974753024
51.4653525389466 -0.277180490140659
51.4654514536144 -0.276790746585596
51.4657692576351 -0.276394059770623
51.4664121384782 -0.276896765387953
51.4665436327663 -0.277109041810792
51.4667214139957 -0.277155407115622
51.4671911977969 -0.276749899876793
51.4674261004752 -0.276768115705988
51.467528530423 -0.27696629665802
51.4678765002545 -0.27807213206966
51.4682129497997 -0.278148973156835
51.4692982777883 -0.277413415335986
51.4693796810872 -0.277318585232814
51.4694022307365 -0.277299216864197
51.4702061900125 -0.277188923142678
51.4707319186771 -0.277409400663433
51.4712840367904 -0.276960156550248
51.4715101645356 -0.276687134790477
51.4715890739101 -0.276618391871647
51.4720449048604 -0.274860795200129
51.4720525447381 -0.274445227904694
51.4727045381854 -0.272635187254649
51.4735877572646 -0.271492123222952
51.4735900195261 -0.271121146890837
51.473200934977 -0.270639241351845
51.4723520339164 -0.269141041959022
51.4722848378618 -0.269022490943888
51.4721944731837 -0.26886302796938
51.4716141113102 -0.26762278577998
51.4714330939106 -0.267235975047837
51.4711036454352 -0.26624055199491
51.4710677092336 -0.26607796665096
51.4707978757919 -0.264859249369841
51.4705157862976 -0.263584740551614
51.4704860402951 -0.263196959167085
51.4704265409394 -0.262421160706751
51.4703672671737 -0.261648798348873
51.4703263659089 -0.261115424357393
51.470393603551 -0.260333148596984
51.4704238877615 -0.259980956491082
51.4704566903508 -0.259598633160199
51.4705375867709 -0.259185987122051
51.4706967890658 -0.258374204115914
51.4707325527769 -0.258191563214626
51.4709931804289 -0.256988418059197
51.4712516060403 -0.255795196480967
51.4706282982828 -0.255913345544231
51.4704345861199 -0.25642242218463
51.4701348966496 -0.256527393522814
51.4698510332149 -0.256402880481377
51.4696760042196 -0.256475675925664
51.4694834540118 -0.256107765209088
51.4694008192888 -0.255780183090918
51.4693731594777 -0.255262465008377
51.4693631395456 -0.255229489064483
51.4689698937081 -0.255070458914837
51.4685506556434 -0.255611507393723
51.468323183034 -0.255772724186784
51.4682532954708 -0.255703807406522
51.4682022178198 -0.255104611379886
51.467929717617 -0.254475285830221
51.4675720383349 -0.25465227667031
51.4671522780588 -0.253920085384263
51.4670240763426 -0.253974004715226
51.4669821911484 -0.254052999884549
51.4663138436383 -0.253971793951133
51.4664263611189 -0.253329580162492
51.4661821094456 -0.252937568025228
51.4662953904644 -0.252346960703598
51.4662932630249 -0.252017281229494
51.4660163263419 -0.25190548000105
51.4654683766359 -0.252501412716067
