236 4
51.438788596537 -0.273284513166967
51.4390029985099 -0.268006617724207
51.4392065806309 -0.265924247650408
51.4397166202263 -0.263564614199703
51.4414477645184 -0.259052222694749
51.4420623304096 -0.257818830104307
51.4428092086889 -0.256754296738888
51.4446558647863 -0.25433438921821
51.4476552983804 -0.256989791748804
51.4489094354388 -0.258928983209183
51.4513063123053 -0.26469500931544
51.4529466652083 -0.263357234359325
51.4532500435669 -0.262960755659561
51.4577082705733 -0.260478529790234
51.458117863699 -0.258705025517922
51.4583527479587 -0.25806813171182
51.4590897322207 -0.257577675899569
51.4598803505403 -0.257278503102303
51.4608727906769 -0.256018073597844
51.4616279997109 -0.256753545669285
51.461695528165 -0.256851267745238
51.4625722010404 -0.25725513670942
51.4631716393539 -0.256970458453114
51.4639439964063 -0.255195930185357
51.4640638210411 -0.25511669875478
51.4641800579027 -0.255122592123859
51.4648384769213 -0.253275068883213
51.4649825949956 -0.253173180884641
51.4651164291707 -0.252574207756596
51.4654683766359 -0.252501412716067
51.4660163263419 -0.25190548000105
51.4658029516381 -0.25116093745959
51.4652474505438 -0.251232147411691
51.465115910187 -0.250682484556395
51.4651841125501 -0.250493633834732
51.4656834177866 -0.250084480721474
51.465822100604 -0.248745663952275
51.4655392109731 -0.248169391319014
51.4655372535833 -0.247767658412943
51.4657032850958 -0.24644393376336
51.4670712502429 -0.245384624801373
51.4671781066158 -0.244985944656014
51.4661641113046 -0.242865262912161
51.465882196077 -0.242865764591871
51.4653104880962 -0.24241315410055
51.4650295856258 -0.241539859706478
51.465142197061 -0.240944397284656
51.4651475789203 -0.24093160797207
51.465082909594 -0.240462137955428
51.4654328518169 -0.239962710656653
51.4650369440975 -0.238933371510384
51.4650718451942 -0.238797064452918
51.465390214852 -0.238506331812995
51.465522781927 -0.238474162922361
51.4671705473365 -0.239276793979241
51.4675305822673 -0.238994774497739
51.4660857388126 -0.237045248211384
51.4660355014638 -0.236920764648722
51.4659745290281 -0.236530798699127
51.4660114542663 -0.235603010201987
51.4657131572309 -0.235416993697043
51.4655099542394 -0.234322085075305
51.4655458750256 -0.234134454079951
51.4659707350252 -0.23384182957406
51.4662332143688 -0.232843717920188
51.4664916986433 -0.232869225056064
51.4677736389888 -0.231466779399559
51.4677860412029 -0.231526128989476
51.4696545447753 -0.235957394328949
51.4697960278102 -0.235902433959873
51.472209730813 -0.232595700588524
51.472778794284 -0.232512448352293
51.4742703160877 -0.226279655436059
51.4737409564727 -0.225011911880994
51.4737249984197 -0.224949488788501
51.4739506597101 -0.224481384084846
51.4729892279508 -0.223581636800691
51.4729099814942 -0.223507427008902
51.4727560774859 -0.223317752251862
51.4727175097933 -0.223270218600201
51.4720303970141 -0.222432870492881
51.4713522648191 -0.221595316728855
51.4712232069317 -0.221384387753751
51.4709258872363 -0.220985783471413
51.4702317671584 -0.220055108128651
51.4694345678328 -0.218902325920353
51.4691906160366 -0.218549515411756
51.4691652471633 -0.218512871684615
51.4682335139296 -0.217086180080893
51.4680785133345 -0.21684874862143
51.4672224209534 -0.21553799897317
51.46690956294 -0.215058996428312
51.4668752205627 -0.214970357057052
51.4667019243073 -0.214523544131784
51.4666178951204 -0.214306862267728
51.4663760966944 -0.213683246952932
51.4662777268875 -0.21341050599003
51.4656878760198 -0.211775494615815
51.4654183799871 -0.211028469053547
51.4649939306034 -0.20970682625702
51.4649091734432 -0.209443065177169
51.4647196442225 -0.208853061972183
51.4642184918422 -0.20719664533294
51.464056677108 -0.206661955772952
51.4635434134034 -0.204263606301034
51.463532316745 -0.204184751686599
51.4634993359669 -0.203950787280786
51.4627385482616 -0.203125451457972
51.4619179552976 -0.202574657382223
51.4613124313034 -0.20297007170752
51.461290536335 -0.202972712082337
51.4601615020947 -0.202650900857522
51.4602635324066 -0.202128694674753
51.4602754792729 -0.201969774781341
51.4602711768064 -0.201689243288521
51.4602520384592 -0.20153166383721
51.4601080572296 -0.200901268849837
51.4602468178818 -0.200705078636513
51.460290567923 -0.200017807375067
51.4602014591786 -0.199764825426155
51.460184856708 -0.199509109859399
51.4598041398487 -0.199222742216406
51.4598017270491 -0.199165154675302
51.4595486272332 -0.198530998665899
51.4590846449506 -0.19872919531127
51.4593674500202 -0.199734735959452
51.4587535866494 -0.200101652575727
51.4590472001887 -0.201167892813666
51.4591545916203 -0.201188832326081
51.4596715213872 -0.202666588112423
51.4596886771405 -0.20275944028474
51.4595321646299 -0.202824101093691
51.4588206182329 -0.203428742934854
51.458469861164 -0.20202909818817
51.458248160698 -0.2019406074262
51.4581561557953 -0.202061245265981
51.4579447215741 -0.20260125491996
51.4574560288559 -0.202976616318357
51.4573321199604 -0.202652259159837
51.4566445205351 -0.202654937771384
51.4565549218528 -0.20289154419027
51.4565541195283 -0.203191123503324
51.456461557079 -0.203492525099559
51.4564527443068 -0.203644899558823
51.4565004515236 -0.203912904249483
51.4560157894915 -0.204316920001671
51.4559670180239 -0.205423609635503
51.4558305758408 -0.205560336876304
51.4555854095908 -0.20535407678964
51.4547881933275 -0.205630880185232
51.4548271552586 -0.206073791354338
51.4547417319477 -0.20654851731367
51.455071429288 -0.207650200096234
51.4549036129271 -0.207940051209742
51.4548926076115 -0.20797288056997
51.4548208698438 -0.208125932627267
51.4545362353287 -0.208478029540378
51.4545456448194 -0.208734947498376
51.4544186104972 -0.209699756565815
51.4541951951701 -0.210452461420254
51.4540132575783 -0.21045957595664
51.4539037386133 -0.210570070744179
51.4533740180378 -0.210614992264574
51.4529285661847 -0.211156931714162
51.4527772961625 -0.211076452751932
51.4524279313228 -0.209744402624494
51.4518859819399 -0.209765601983853
51.451855224015 -0.209735358228473
51.4515453590307 -0.210072151156985
51.4515385640336 -0.210080486237128
51.4508607622942 -0.210842834920433
51.4510133895613 -0.212273430570918
51.4510109274719 -0.212288834561528
51.4511194442598 -0.212519316374216
51.4514079104881 -0.212989716763968
51.4515050460717 -0.21467431159512
51.4513748366593 -0.215073481235292
51.4512707268392 -0.215202971318493
51.4514579808446 -0.21689224232992
51.4509878295185 -0.217443484266879
51.450955341425 -0.21751808458945
51.4509296968506 -0.217540205696017
51.4505799367951 -0.217731941717001
51.4503720790372 -0.217553852593057
51.4497745880387 -0.218090689871682
51.4497425456822 -0.218100006328822
51.449512278633 -0.219020645567637
51.4495411346412 -0.219233587870745
51.44989591739 -0.219615048644755
51.4498585601012 -0.220209812668367
51.4491389544532 -0.221373373041667
51.4491924942058 -0.221809268199031
51.4494757541014 -0.223741695956551
51.4489595123722 -0.223869591335764
51.4479862545894 -0.223596118305994
51.4466243508476 -0.224217914136011
51.445437757877 -0.22582621688071
51.4452643013109 -0.226269097384635
51.4449789344954 -0.226617949080612
51.4432436942026 -0.229049995976677
51.4432146735594 -0.229128474988206
51.4425572203548 -0.230091541757651
51.4422613419307 -0.230679818957125
51.441956085898 -0.231022150933404
51.4417945479128 -0.231171829445875
51.44127642681 -0.233256296534675
51.4410448156663 -0.23390458010421
51.43885066595 -0.237334553947742
51.4376482992157 -0.237749540725529
51.4375435101089 -0.237769707160177
51.4331406954762 -0.237895590628289
51.4320747126074 -0.237772913433342
51.4311973501234 -0.239523601167944
51.4305329330712 -0.24252700604265
51.4309455996367 -0.246040139654345
51.4269107952979 -0.252267186280674
51.4248548993777 -0.253721580569412
51.424816212185 -0.253942815087756
51.4236330966647 -0.257129452767846
51.4228200052235 -0.26023700405062
51.4235010868335 -0.26249192672945
51.4236923687284 -0.262799657408116
51.4249497271552 -0.262589263936436
51.425288798354 -0.2624478446246
51.4279384819031 -0.262684058721094
51.4288725125224 -0.261106265560887
51.4294382335814 -0.261299233666739
51.4301371546162 -0.26292126968702
51.4304701319155 -0.263230078290867
51.4302014798005 -0.265881366870416
51.4306742161257 -0.266048622007765
51.4318968908128 -0.267717862022246
51.433204231803 -0.269156125040607
51.4374699409522 -0.274834185889141
51.4387950390788 -0.273569344684733
51.438788596537 -0.273284513166967
5 4
51.4573100992234 -0.197867874047407
51.4573328015526 -0.198145882375274
51.4577595308613 -0.198390062297984
51.4578359687614 -0.19798210562482
51.4573100992234 -0.197867874047407
