51.4147034033316 -0.105388019757141
51.4139037157799 -0.105681699363535
51.413802394825 -0.105470207962379
51.4134597822069 -0.105075425265458
51.4128801067011 -0.104992445280829
51.4123837882044 -0.105383251526269
51.4126640094621 -0.10653469529988
51.4129142475068 -0.107043803358759
51.4123990898478 -0.108651504715175
51.4128084659714 -0.109501933414582
51.4123668695079 -0.110008999739449
51.4120830827067 -0.11118193717456
51.4123958878644 -0.111775751107203
51.4121199404356 -0.112794575250779
51.4123474223391 -0.114600698667698
51.4122019765648 -0.115132522951982
51.4121049490026 -0.116495396871452
51.4097832061483 -0.11507205581051
51.409575569052 -0.115152441765962
51.409140337918 -0.11571582576627
51.4089267637696 -0.115784833001201
51.4078609473093 -0.115793553035363
51.4080189259996 -0.113051513701482
51.4079238675954 -0.112697746182122
51.4072748108001 -0.112375804320814
51.4069242308599 -0.11263469635251
51.4062699622953 -0.11286554201564
51.406142496388 -0.112045915182505
51.406154395184 -0.11024630211251
51.4057323632291 -0.109441441004826
51.4051444535021 -0.110458644656795
51.4049791601579 -0.11092921565492
51.4046688962285 -0.11144700989376
51.4044608950472 -0.111593922116474
51.404435900367 -0.111577051261171
51.4043910953081 -0.11153029307774
51.4030602729123 -0.111585113184133
51.4029524481225 -0.111912226583707
51.4029547193602 -0.112053198321679
51.4031291478399 -0.113020080498362
51.4031371523543 -0.11315986851006
51.4025262235834 -0.114206717807054
51.4022042322373 -0.114192105204744
51.402059860903 -0.114729102325108
51.4020407895295 -0.115002172572015
51.4022990702686 -0.116724022611001
51.4019834522692 -0.117161952056732
51.4019948693543 -0.117223479439128
51.4018742669249 -0.11816655268327
51.4019427090623 -0.118409001725851
51.4018393360312 -0.119894155102893
51.4017334365314 -0.119905610140655
51.4012092253715 -0.121009947408878
51.4007121087969 -0.121062680650456
51.4007549670658 -0.122098710585406
51.4000671825012 -0.12260670855791
51.4001530320616 -0.123661590872176
51.4000680853028 -0.123847491907352
51.3998123330279 -0.123994508045913
51.3997281151092 -0.12418665952647
51.399031712615 -0.124870156856838
51.3989770155794 -0.125401638006429
51.3990913052309 -0.125689858133986
51.399788055103 -0.126309282303755
51.4000548977569 -0.126237213926705
51.4005586778172 -0.126820447287149
51.4010088188403 -0.126888351564054
51.4012557998626 -0.127649230045577
51.401456314679 -0.127809009970143
51.4017576147399 -0.128779749575483
51.4019036059999 -0.128948162371962
51.4026066173667 -0.129054252903054
51.4028673871054 -0.12924928102821
51.4029274147458 -0.129754546611232
51.4029084413693 -0.130881231145341
51.4028672869007 -0.131203801475322
51.4027066203481 -0.131924680565495
51.4026952070046 -0.132195656812064
51.4032537096171 -0.133128949708568
51.4032726028092 -0.133214479483049
51.4031737090072 -0.133869067543616
51.403180639624 -0.1342309327807
51.403785200459 -0.136568674403339
51.4038746026957 -0.13665039235619
51.4043261153432 -0.136895448305143
51.4043635203038 -0.137947916311678
51.4049915659627 -0.138553314058228
51.4053337472059 -0.13869033122136
51.4055245273413 -0.13864571642017
51.4057050990822 -0.139147078068202
51.4059204708734 -0.1394905459899
51.4060468301304 -0.139867385122976
51.4059671354829 -0.143436353832899
51.4059956055661 -0.143502655544579
51.4060209602682 -0.143729836907995
51.4059820644909 -0.144833211915937
51.4080832365946 -0.145674680978113
51.4089441029035 -0.1442136107226
51.4089221871002 -0.14388562032702
51.4090925013946 -0.143065417956539
51.4099764289947 -0.142601723964709
51.4101023322116 -0.142337804732068
51.4105348076914 -0.142664460080855
51.4105395940727 -0.14267149836679
51.4106740348958 -0.142968975670897
51.4107733021582 -0.144076709629371
51.4107117703756 -0.144261549341306
51.4108581406445 -0.144756311197255
51.4108042362021 -0.14585495512614
51.4108819823553 -0.146183428593359
51.411269842624 -0.14607158579538
51.4114071673419 -0.145801752674293
51.4115652748582 -0.144947860502838
51.4116628998701 -0.144805426017398
51.4122402654927 -0.145079536399177
51.4122516159156 -0.145274117774639
51.4122311021253 -0.145699176219794
51.4123288554829 -0.146184187337102
51.4134707107579 -0.145793793022799
51.4135535402061 -0.145778703439789
51.4136097789241 -0.145656910152003
51.4142987951242 -0.145493266323644
51.414635853876 -0.145324178521377
51.4148124094796 -0.145476987269321
51.4164916932538 -0.144416775707216
51.4167487614072 -0.144192333622829
51.4167497646913 -0.14419324161051
51.4171650987073 -0.144601643427934
51.4171658455914 -0.144603391864202
51.4172207933256 -0.145320228115961
51.4171939973935 -0.146337056972423
51.4171735375544 -0.146430375892191
51.4171102993217 -0.147502629370461
51.4170578604678 -0.147643130114618
51.4176624974685 -0.149228645332738
51.4171938390123 -0.150407035360116
51.4172098023654 -0.150455838279719
51.4180100249309 -0.150707657396613
51.4183173241653 -0.150469594633993
51.4184220136002 -0.150204726302663
51.4184232513469 -0.150157836555676
51.4189395386441 -0.149046740394146
51.4189256916671 -0.14878475691249
51.4193904815746 -0.147851812245268
51.4194572631158 -0.147850891495526
51.419917380755 -0.149564471860035
51.4199761862715 -0.149661946115491
51.4200189650948 -0.149866083568052
51.419796381915 -0.150276838318037
51.4198200733928 -0.150627368801849
51.4198719010533 -0.150789754915114
51.4198520965736 -0.152070565027522
51.4203899230128 -0.152255688678812
51.4206329703288 -0.15283467340761
51.4206793036947 -0.152876801401342
51.4212332338359 -0.152771812785256
51.4212452487502 -0.152764094436954
51.4215102056395 -0.15228059466937
51.4222181680919 -0.152154915974589
51.4225618685873 -0.150764788309146
51.4231355910981 -0.150945730327782
51.4236068288798 -0.14971395658477
51.4237712085552 -0.149642564327395
51.4237868187486 -0.149651895859444
51.4244466448423 -0.149347371386241
51.4246270663542 -0.148584021730185
51.4252889525858 -0.14969096412595
51.42550624633 -0.149554573594955
51.4256718309789 -0.149542429199299
51.4259692149709 -0.149934965146118
51.4266321348639 -0.149177241020559
51.4264868302855 -0.148805599816577
51.4264815986196 -0.148070356410583
51.4267626630263 -0.147845032847729
51.4273913646822 -0.148774381609095
51.4278292534458 -0.148574149545015
51.4285954695107 -0.148795814035453
51.4287829466418 -0.148541886950993
51.4292584212759 -0.147471665649862
51.4293487694128 -0.147454489904236
51.4300479725492 -0.147582658312469
51.430656215597 -0.147916863542578
51.4322508371206 -0.147766972687527
51.4331955633115 -0.144979032272062
51.4332438880804 -0.144147207925963
51.4334124445397 -0.1431647224582
51.4334079980338 -0.142725176004068
51.4358996396508 -0.140653010847639
51.436029103721 -0.140460797120603
51.438182568303 -0.140522582614517
51.4388473500179 -0.139919968969556
51.4400086232399 -0.140176859742834
51.4404154525398 -0.139391316742707
51.4408649547381 -0.137930623757753
51.4408886126209 -0.137659873937419
51.4406257802031 -0.136870104774631
51.4403793975665 -0.136555535187573
51.4399767866585 -0.136253497655263
51.4396531630554 -0.135372741731766
51.4397654049224 -0.134793610457762
51.4397601384125 -0.134767724813062
51.439727451573 -0.134346352244082
51.4392807716324 -0.133597452814472
51.4391805373378 -0.132931602585757
51.4392631465056 -0.132581105075055
51.4388093708312 -0.131545660716988
51.4389423511429 -0.131061778445087
51.4386083626112 -0.129539452693842
51.4386675556408 -0.129406655284426
51.4385103433433 -0.128540761624757
51.4381121141309 -0.128131620070371
51.4381320875368 -0.127744178198876
51.4378007060312 -0.12714712790678
51.4378373656168 -0.126853318286869
51.4380918795332 -0.126656771121595
51.4381367197427 -0.125800659193079
51.4376312866121 -0.125440064630545
51.4375249371065 -0.124484807578483
51.4375644214371 -0.124328613188725
51.4372573529732 -0.12336450340684
51.4375346780812 -0.122616672116391
51.4367656365264 -0.121475548636924
51.4367827924762 -0.121435341121381
51.4367178549731 -0.120889462164648
51.4359562315706 -0.120122234312702
51.4360531880941 -0.119799856781887
51.4360938116393 -0.11979913778616
51.4364928881873 -0.119564236734426
51.4366635545549 -0.119342271543999
51.4366372577366 -0.118543908204881
51.4370077384068 -0.118129494360076
51.4370146977057 -0.118109397073096
51.4365768521115 -0.117239807762622
51.4371726303641 -0.115477962522447
51.4371722445763 -0.115470741920226
51.4368580376904 -0.114872254442544
51.4370848365754 -0.113960019686729
51.437041522417 -0.113324283431378
51.4365409017757 -0.111975336000255
51.4371527286812 -0.111063461835345
51.437295612157 -0.110468563492902
51.437279831294 -0.110298267186651
51.4369238982262 -0.108937082558374
51.4369253432296 -0.108926346156117
51.4368766671453 -0.108779001081526
51.4356120096213 -0.107652318699451
51.4354145442861 -0.107710895163833
51.4353708568265 -0.107816972973812
51.4353403078431 -0.107968416044097
51.435445548631 -0.108919010609289
51.4351116304647 -0.109430078787763
51.4349540333313 -0.10985924668464
51.4352315974231 -0.110291094725991
51.4349461965877 -0.111682245099107
51.435049446597 -0.11193611625897
51.434848036269 -0.112698874496937
51.4346357339164 -0.113092441396576
51.4340851475823 -0.113107061521597
51.4337632439112 -0.113784845541191
51.4340073802495 -0.114620925114793
51.4339912475244 -0.114657531950523
51.4332244881605 -0.115323006954252
51.4329902098755 -0.1153120085088
51.4329266469719 -0.115339771767809
51.432715635193 -0.115254983546985
51.4325005311475 -0.115329432195948
51.4322848750436 -0.115145908354334
51.43211548146 -0.114295036608044
51.4318427387567 -0.113994303890854
51.4313177588002 -0.114108561611069
51.4310888165704 -0.113904007286786
51.4308723760013 -0.114012675465952
51.4308569233105 -0.114013311794979
51.4304357023993 -0.11384906002021
51.4304129957988 -0.113728535082411
51.429761464254 -0.112973242558983
51.4297359038575 -0.112815118909844
51.4292539014897 -0.112549958266706
51.4290312920531 -0.112872854479647
51.4282434293491 -0.1128801699326
51.4282068247869 -0.112845739931788
51.4281575208212 -0.112709356343669
51.4278264977063 -0.112245485239993
51.4275733499384 -0.112078839476541
51.4273893358661 -0.112280581088821
51.4270635555153 -0.11328127216963
51.4267140494685 -0.113439415756147
51.4265963229725 -0.114056613902629
51.4258570667918 -0.114235301729461
51.4258372926184 -0.114174087206614
51.4258399562751 -0.114099377224817
51.4253375550575 -0.112555724346109
51.4253143420719 -0.112537823365536
51.4251398506413 -0.112153040985078
51.4251054491444 -0.112060053436836
51.4250065791516 -0.111905086468515
51.4249850366141 -0.111789984273296
51.4244714973953 -0.111660057755983
51.4237477725326 -0.111357346454934
51.4239620121972 -0.110587953687169
51.4243516292633 -0.110090852068705
51.4243013226273 -0.109892497626303
51.4238497120126 -0.109260273666741
51.4237610378079 -0.108728946194861
51.4242405112658 -0.107845287722844
51.4242102464646 -0.107735886462425
51.4234697807798 -0.107154282230393
51.4234524724629 -0.106834078246724
51.4227901557142 -0.106499144304964
51.4227986745313 -0.10582458696515
51.4227930316105 -0.10582031371746
51.4227269356839 -0.105830280734639
51.4223330139367 -0.10657733460988
51.4225398030129 -0.1072295885296
51.4224672031999 -0.108278932509285
51.4218992629254 -0.108182013309901
51.4216550655465 -0.108208225292374
51.421363141349 -0.107795134409855
51.4202526603214 -0.108155608414389
51.4201608462169 -0.107981400679782
51.4202483524583 -0.106413623384901
51.419813840171 -0.105805921697253
51.4197781553552 -0.105784035560648
51.4197634205396 -0.105756777059212
51.4185598409151 -0.106152678060972
51.4182502218893 -0.106831550002133
51.4178280934416 -0.107129434684172
51.4169214196755 -0.106287747774976
51.4167125904969 -0.106282860182164
51.416541046983 -0.105686864343141
51.4154985070637 -0.104916538249549
51.4153879316389 -0.104672104564837
51.4150390797121 -0.104291919967873
51.4148981839453 -0.10437956409497
51.4147034033316 -0.105388019757141
