51.4322508371206 -0.147766972687527
51.430656215597 -0.147916863542578
51.4300479725492 -0.147582658312469
51.4293487694128 -0.147454489904236
51.4292584212759 -0.147471665649862
51.4287829466418 -0.148541886950993
51.4285954695107 -0.148795814035453
51.4278292534458 -0.148574149545015
51.4273913646822 -0.148774381609095
51.4267626630263 -0.147845032847729
51.4264815986196 -0.148070356410583
51.4264868302855 -0.148805599816577
51.4266321348639 -0.149177241020559
51.4259692149709 -0.149934965146118
51.4256718309789 -0.149542429199299
51.42550624633 -0.149554573594955
51.4252889525858 -0.14969096412595
51.4246270663542 -0.148584021730185
51.4244466448423 -0.149347371386241
51.4237868187486 -0.149651895859444
51.4237712085552 -0.149642564327395
51.4236068288798 -0.14971395658477
51.4231355910981 -0.150945730327782
51.4225618685873 -0.150764788309146
51.4222181680919 -0.152154915974589
51.4215102056395 -0.15228059466937
51.4212452487502 -0.152764094436954
51.4212332338359 -0.152771812785256
51.4206793036947 -0.152876801401342
51.4206329703288 -0.15283467340761
51.4203899230128 -0.152255688678812
51.4198520965736 -0.152070565027522
51.4198719010533 -0.150789754915114
51.4198200733928 -0.150627368801849
51.419796381915 -0.150276838318037
51.4200189650948 -0.149866083568052
51.4199761862715 -0.149661946115491
51.419917380755 -0.149564471860035
51.4194572631158 -0.147850891495526
51.4193904815746 -0.147851812245268
51.4189256916671 -0.14878475691249
51.4189395386441 -0.149046740394146
51.4184232513469 -0.150157836555676
51.4184220136002 -0.150204726302663
51.4183173241653 -0.150469594633993
51.4180100249309 -0.150707657396613
51.4179672953835 -0.151788820393749
51.4183731074267 -0.152598609516741
51.4184265248587 -0.152770770922027
51.4184271687047 -0.152771693619438
51.4184087553223 -0.153326093610185
51.4187739115124 -0.154192326868754
51.4187620749196 -0.154428308604045
51.4183325716499 -0.155567388276232
51.4183887658394 -0.155744895918596
51.4188170794985 -0.155986640963823
51.4192118192026 -0.156580156170481
51.419202863127 -0.156662339205352
51.419481631266 -0.158045320440138
51.4193291556629 -0.158422617755168
51.4192956030139 -0.158467130825927
51.4198166989309 -0.159768530662894
51.4198750426121 -0.159791327474476
51.4199691804388 -0.160748564101755
51.4198787539735 -0.160995768271487
51.4198392336258 -0.161215788465474
51.4198154152419 -0.161256233196497
51.4193190896362 -0.161136814809931
51.4189576002952 -0.16135457336377
51.4189138998409 -0.1614686248826
51.4180523015431 -0.161148165253457
51.4178887635906 -0.161451297111294
51.4180654623638 -0.162365578663535
51.4177655781073 -0.162997896234041
51.417906927202 -0.163372397639689
51.4182936985623 -0.163798254129547
51.4178577849934 -0.16518828631882
51.4175835887999 -0.165383537892283
51.4175502517728 -0.165551120704936
51.4175700373775 -0.165620527547744
51.4184380553987 -0.166622180462127
51.4181699096976 -0.167336686462012
51.4184000683578 -0.168217434462917
51.4184574248853 -0.168280717125141
51.4186496780716 -0.168387226181709
51.4188206141696 -0.166969143041347
51.4188702405057 -0.166963481695435
51.4193532946933 -0.167257929884497
51.4196294848103 -0.166391057414254
51.419897171109 -0.166779503057323
51.4197258880194 -0.167335641103533
51.4194068000599 -0.167425602023664
51.41940395515 -0.167542639634584
51.4196543567143 -0.16823464638028
51.4194753086321 -0.168777567649262
51.4198061080976 -0.169529338747584
51.4200530635376 -0.169615645750899
51.4202134077127 -0.16960746141169
51.4203563168925 -0.170682193286286
51.420768326841 -0.1712869045575
51.4206738709619 -0.171599950078881
51.4212415473298 -0.172698196295494
51.4212426529454 -0.173103606918019
51.4212645453775 -0.173227726507903
51.4212257425696 -0.173316436276153
51.4214467766275 -0.174243411118017
51.4219009771118 -0.174383510789239
51.4219690004081 -0.174398826018916
51.4219948196628 -0.174284543167489
51.4221395021935 -0.174055826576603
51.4229364177187 -0.17400070230102
51.4230984574288 -0.174361053486054
51.4231423414852 -0.174390732036754
51.4232475817396 -0.175341218835193
51.4234514774435 -0.175855387613405
51.423674949406 -0.176160291759812
51.423682609891 -0.176178843388243
51.4237247508576 -0.176240969884149
51.4237476029465 -0.176265202329372
51.4241529470962 -0.176483767789856
51.4246918474134 -0.176653851926606
51.4253303020097 -0.176988032867318
51.4253673521835 -0.177156392662726
51.4252698090874 -0.177578335690426
51.4252691327567 -0.178622152745366
51.4254958592763 -0.180300573418822
51.425539328479 -0.180483150636508
51.4255819204349 -0.180620813706546
51.4260540005598 -0.181652988010774
51.4254403888134 -0.182664565994834
51.4242222865977 -0.183931820141937
51.4247719241416 -0.185602894113368
51.4258132822297 -0.186384260716616
51.4262011337251 -0.186350877923463
51.4263604775894 -0.186179238356749
51.427678096782 -0.185421244935349
51.4281417380679 -0.18660222551536
51.4283968594718 -0.186775610494702
51.4287528728599 -0.186921519461333
51.4297299274775 -0.188620842735894
51.4310788128148 -0.188692396555088
51.4310910768171 -0.188741373569565
51.4318472735907 -0.190077330327237
51.4319494534496 -0.190686419320419
51.4330240152369 -0.192066564211562
51.4343924637938 -0.191634846489233
51.4344939085452 -0.19096726496557
51.4346026335633 -0.190573530583402
51.4350576447062 -0.189841671611129
51.4360611176608 -0.188992614199589
51.436569221318 -0.189317845986433
51.4372540917611 -0.187730543493012
51.437275964451 -0.187720661949171
51.4376280018446 -0.187324618801759
51.4380227301914 -0.187451113708936
51.4380475641925 -0.187394373617422
51.4382903672522 -0.18731192155351
51.4383264474643 -0.186639625016457
51.4380139148062 -0.186921771069468
51.4376819129679 -0.186491592557757
51.4375357977486 -0.185978488701204
51.4370529331971 -0.186483167970017
51.4366594566991 -0.186449283091229
51.4365937550645 -0.186246895520544
51.4363113062026 -0.185771591351842
51.4361904344976 -0.185675665606911
51.4365223438581 -0.184345980336276
51.4364638989368 -0.184118989840279
51.437121183609 -0.183662298942594
51.4372191722485 -0.183696966836488
51.4378019338554 -0.182631673721018
51.4376845591243 -0.181538282273878
51.437636183645 -0.181300094193909
51.4378126087965 -0.181215857726074
51.4380359781752 -0.181231186270223
51.4388184141654 -0.180955483298213
51.4391515329529 -0.180083450516999
51.4391819026538 -0.179908680301395
51.4388128336177 -0.178853271250742
51.4387322846697 -0.178124385012533
51.439831281074 -0.177243435432821
51.4398159507512 -0.176592967211607
51.4411952100711 -0.175421037964208
51.4407440544789 -0.17368090290369
51.4411382028921 -0.17371726344484
51.4418803994272 -0.173248799856238
51.4418106440654 -0.171761439676778
51.4416300612827 -0.17134237177838
51.441842500143 -0.17032293719289
51.4418429576372 -0.170202497166925
51.4426940472598 -0.169022613904511
51.4434138613453 -0.169338254960583
51.4439051710386 -0.169764722593886
51.4452040636286 -0.169650737123046
51.4453021979376 -0.169665678842657
51.4455515529824 -0.169606349506318
51.4455947252811 -0.169601894251161
51.4459479134575 -0.169317955294507
51.4461342215304 -0.168905778117142
51.4474402892671 -0.167289280696466
51.4474935929729 -0.167173829225548
51.4467458407545 -0.165434625264325
51.4466167545417 -0.165228475023101
51.4458331878219 -0.164614055961793
51.4453913841635 -0.163699051144296
51.445045158937 -0.163273102129208
51.4449917470046 -0.163306806179828
51.4448967321437 -0.163450862839606
51.4434637013413 -0.163925631664954
51.4434317212294 -0.16389274413488
51.4426546223002 -0.164983404337933
51.442361596379 -0.164802709571377
51.4420966488177 -0.164945498259041
51.4420433181067 -0.16492699204209
51.4417816763369 -0.164924903197829
51.4416002613603 -0.164310730173825
51.4414745726443 -0.16405760635367
51.4415092254339 -0.163210897177692
51.4415422378825 -0.163108846158686
51.4414869702134 -0.162972490553986
51.4410967560532 -0.162435995651081
51.4410795315181 -0.162426839829416
51.4406070510287 -0.163300953018876
51.4401192621765 -0.162607389424527
51.4400855385445 -0.162428888066928
51.4400653188727 -0.162389244143772
51.4402527775034 -0.161541762584998
51.4407695589625 -0.161595635622817
51.4408879440338 -0.160775233610398
51.4410977754345 -0.160609368565561
51.4411039342091 -0.159953514604729
51.4411278829952 -0.159869859737091
51.4414172289962 -0.159540746533412
51.4415264079951 -0.159594847814629
51.4419770053168 -0.158868912385794
51.4416615519865 -0.158234051201614
51.4417251296124 -0.157869042305525
51.4417701204664 -0.157762945619341
51.4423968877234 -0.15812806263658
51.4425808324189 -0.158019933246209
51.4422283061159 -0.157394629426922
51.4418110728077 -0.157428506329049
51.44182475879 -0.157206806357129
51.4419896196469 -0.156816954618486
51.4420748852935 -0.156682302767581
51.4420898043996 -0.156659159919806
51.4421379747008 -0.156063649080604
51.4423546408919 -0.155852635041604
51.4423318397699 -0.15563762216452
51.4422773055543 -0.154828653804265
51.4422665768821 -0.15457542653697
51.4422574994892 -0.154564165384901
51.442065048921 -0.154594346437098
51.4416078283143 -0.154852076463094
51.4414883523442 -0.154806468994072
51.4412591365192 -0.154157369070872
51.4412989610523 -0.153620692817443
51.4414164187305 -0.153315556230773
51.4411741851769 -0.152348677090174
51.4410260107128 -0.152313251395536
51.4406711127346 -0.151796069586638
51.4407212226891 -0.151148410710817
51.4409977342805 -0.150759494137579
51.4406373831735 -0.149811765669257
51.4405683277349 -0.149793913060397
51.4400649018042 -0.148878085916075
51.4400678754058 -0.14876466656854
51.4400660691549 -0.148758451796316
51.4390704089085 -0.148632263153544
51.4387923271018 -0.148249640555099
51.4384176494899 -0.148353768455987
51.4383895808601 -0.148329753243512
51.4380828949534 -0.148367305691201
51.4376668983675 -0.148206180520173
51.4373693044214 -0.147561712573415
51.4372206381716 -0.147523715008992
51.4369042184874 -0.146246062642244
51.4367673778494 -0.146086114531006
51.4362123823373 -0.146504208125565
51.4354572847102 -0.144917069825386
51.4334124445397 -0.1431647224582
51.4332438880804 -0.144147207925963
51.4331955633115 -0.144979032272062
51.4322508371206 -0.147766972687527
