329 8
51.4474402892671 -0.167289280696466
51.4461342215304 -0.168905778117142
51.4459479134575 -0.169317955294507
51.4455947252811 -0.169601894251161
51.4455515529824 -0.169606349506318
51.4453021979376 -0.169665678842657
51.4452040636286 -0.169650737123046
51.4439051710386 -0.169764722593886
51.4434138613453 -0.169338254960583
51.4426940472598 -0.169022613904511
51.4418429576372 -0.170202497166925
51.441842500143 -0.17032293719289
51.4416300612827 -0.17134237177838
51.4418106440654 -0.171761439676778
51.4418803994272 -0.173248799856238
51.4411382028921 -0.17371726344484
51.4407440544789 -0.17368090290369
51.4411952100711 -0.175421037964208
51.4398159507512 -0.176592967211607
51.439831281074 -0.177243435432821
51.4387322846697 -0.178124385012533
51.4388128336177 -0.178853271250742
51.4391819026538 -0.179908680301395
51.4391515329529 -0.180083450516999
51.4388184141654 -0.180955483298213
51.4380359781752 -0.181231186270223
51.4378126087965 -0.181215857726074
51.437636183645 -0.181300094193909
51.4376845591243 -0.181538282273878
51.4378019338554 -0.182631673721018
51.4372191722485 -0.183696966836488
51.437121183609 -0.183662298942594
51.4364638989368 -0.184118989840279
51.4365223438581 -0.184345980336276
51.4361904344976 -0.185675665606911
51.4363113062026 -0.185771591351842
51.4365937550645 -0.186246895520544
51.4366594566991 -0.186449283091229
51.4370529331971 -0.186483167970017
51.4375357977486 -0.185978488701204
51.4376819129679 -0.186491592557757
51.4380139148062 -0.186921771069468
51.4383264474643 -0.186639625016457
51.4382903672522 -0.18731192155351
51.4380475641925 -0.187394373617422
51.4380227301914 -0.187451113708936
51.4376280018446 -0.187324618801759
51.437275964451 -0.187720661949171
51.4372540917611 -0.187730543493012
51.436569221318 -0.189317845986433
51.4373258173422 -0.190482177626091
51.437665602798 -0.190439092355431
51.4387439529315 -0.191528598139786
51.4389151666785 -0.192236725490508
51.438927612391 -0.192332565113926
51.4399216787443 -0.193023528663322
51.4401806024835 -0.19358431217213
51.4401512566151 -0.193774340681483
51.4404964771175 -0.194971188077428
51.4405016052073 -0.194977273737846
51.4404744586723 -0.195438778796264
51.4400786151464 -0.19605693830851
51.4401679461654 -0.196715296697677
51.4401540754879 -0.196801261883283
51.440377030675 -0.19744451514581
51.4400735522716 -0.197837762520569
51.4400028437031 -0.197863917107733
51.4393460430432 -0.19748427286139
51.4392060140694 -0.197515766408725
51.4391293181842 -0.197994510669042
51.4394886186624 -0.198542465492701
51.4396066237761 -0.199271704310401
51.4395297331478 -0.199410447515508
51.439410936706 -0.199800090996448
51.4394064151688 -0.199833486669148
51.4392013597549 -0.200114883186746
51.439038826514 -0.200536848546914
51.4389924007763 -0.200850681219121
51.4390263423495 -0.201445603834125
51.4390370384739 -0.201498213258051
51.4389664987299 -0.201928067076421
51.4389614339105 -0.201931943628383
51.4386623957457 -0.20235190408038
51.4385783951711 -0.202554861549037
51.438334211613 -0.203844136088247
51.438304547863 -0.204313779218735
51.43824037403 -0.204602318285033
51.4386924395344 -0.205456904252581
51.4392971233268 -0.20780282024726
51.4399598411219 -0.207042993455709
51.4415801739363 -0.206577584502357
51.4416294323395 -0.206547774334344
51.4417495062116 -0.206633831387771
51.4429068102895 -0.205948174198639
51.4430768963377 -0.205936169973867
51.4431991517654 -0.20642328166622
51.4434759689778 -0.206894494630555
51.4440338410869 -0.206362698054504
51.4441885584281 -0.206145324763015
51.444206928736 -0.206135587703221
51.4447044288884 -0.206505499009227
51.4447104003317 -0.206519740243699
51.4456347186751 -0.206723558950413
51.4456208822897 -0.206988574892182
51.4451456510541 -0.208215996114551
51.4451497411991 -0.208595397793235
51.4460451341878 -0.209348210277644
51.4458433127717 -0.210207906976655
51.4461041733657 -0.211254546218356
51.4470209584811 -0.211112525192161
51.4474610206445 -0.211289567372609
51.4475535793029 -0.211263524429728
51.4477058089965 -0.21169565625892
51.4482509220974 -0.212406479964636
51.4475437220761 -0.214031092713464
51.4478530037083 -0.214416526547518
51.4478855046012 -0.214815133276055
51.4479143143598 -0.214882830869365
51.448404018316 -0.215309413976957
51.4486452173559 -0.215002293844202
51.4487760718836 -0.214303151759668
51.4491618096417 -0.214472975918373
51.4493536664117 -0.215105430110108
51.4491733639976 -0.215580220697373
51.4490771383092 -0.21620420899259
51.4490958675915 -0.216288914466345
51.4496567054346 -0.216451458727346
51.4498195147819 -0.216611122833885
51.450177403806 -0.216652475007008
51.4505784547412 -0.215914540203041
51.4507683521271 -0.215337666549156
51.4512707268392 -0.215202971318493
51.4513748366593 -0.215073481235292
51.4515050460717 -0.21467431159512
51.4514079104881 -0.212989716763968
51.4511194442598 -0.212519316374216
51.4510109274719 -0.212288834561528
51.4510133895613 -0.212273430570918
51.4508607622942 -0.210842834920433
51.4515385640336 -0.210080486237128
51.4515453590307 -0.210072151156985
51.451855224015 -0.209735358228473
51.4518859819399 -0.209765601983853
51.4524279313228 -0.209744402624494
51.4527772961625 -0.211076452751932
51.4529285661847 -0.211156931714162
51.4533740180378 -0.210614992264574
51.4539037386133 -0.210570070744179
51.4540132575783 -0.21045957595664
51.4541951951701 -0.210452461420254
51.4544186104972 -0.209699756565815
51.4545456448194 -0.208734947498376
51.4545362353287 -0.208478029540378
51.4548208698438 -0.208125932627267
51.4548926076115 -0.20797288056997
51.4549036129271 -0.207940051209742
51.455071429288 -0.207650200096234
51.4547417319477 -0.20654851731367
51.4548271552586 -0.206073791354338
51.4547881933275 -0.205630880185232
51.4555854095908 -0.20535407678964
51.4558305758408 -0.205560336876304
51.4559670180239 -0.205423609635503
51.4560157894915 -0.204316920001671
51.4565004515236 -0.203912904249483
51.4564527443068 -0.203644899558823
51.456461557079 -0.203492525099559
51.4565541195283 -0.203191123503324
51.4565549218528 -0.20289154419027
51.4566445205351 -0.202654937771384
51.4573321199604 -0.202652259159837
51.4574560288559 -0.202976616318357
51.4579447215741 -0.20260125491996
51.4581561557953 -0.202061245265981
51.458248160698 -0.2019406074262
51.458469861164 -0.20202909818817
51.4588206182329 -0.203428742934854
51.4595321646299 -0.202824101093691
51.4596886771405 -0.20275944028474
51.4596715213872 -0.202666588112423
51.4591545916203 -0.201188832326081
51.4590472001887 -0.201167892813666
51.4587535866494 -0.200101652575727
51.4593674500202 -0.199734735959452
51.4590846449506 -0.19872919531127
51.4595486272332 -0.198530998665899
51.4598017270491 -0.199165154675302
51.4598041398487 -0.199222742216406
51.460184856708 -0.199509109859399
51.4602014591786 -0.199764825426155
51.460290567923 -0.200017807375067
51.4602468178818 -0.200705078636513
51.4601080572296 -0.200901268849837
51.4602520384592 -0.20153166383721
51.4602711768064 -0.201689243288521
51.4602754792729 -0.201969774781341
51.4602635324066 -0.202128694674753
51.4601615020947 -0.202650900857522
51.461290536335 -0.202972712082337
51.4613124313034 -0.20297007170752
51.4619179552976 -0.202574657382223
51.4627385482616 -0.203125451457972
51.4634993359669 -0.203950787280786
51.4633113265986 -0.202617125999592
51.4630019470371 -0.20009487214759
51.4629197419107 -0.199424979282006
51.4628385553513 -0.198763120002706
51.4628402089761 -0.19864839439088
51.4628524988247 -0.197815968719509
51.4628627936993 -0.19711727312603
51.4628821261883 -0.195796726923762
51.4628912782521 -0.195176414933711
51.4624532894211 -0.194761880536631
51.4620205306431 -0.194657888709828
51.4619387787117 -0.194638206793433
51.4608529373185 -0.19478182289491
51.4608916566936 -0.194377219922657
51.4616083789263 -0.194204958851051
51.4616043903629 -0.193946009388224
51.4617190619094 -0.193797507586941
51.461909906165 -0.193977628075138
51.4622756262323 -0.194322598638795
51.4628967332278 -0.194999342132758
51.4629925579998 -0.193574525270052
51.4631188473018 -0.192680735602331
51.4632195964988 -0.191967539328495
51.4634182653716 -0.19200194398802
51.4634900177015 -0.192014420289028
51.4634801113201 -0.192153213587257
51.4634467604848 -0.192619827077733
51.463445650534 -0.192635301647775
51.463643619981 -0.192641842871533
51.463644847206 -0.192628144076577
51.4636608414519 -0.192446853223199
51.46366245204 -0.192428866127642
51.4637278072851 -0.191688334754557
51.4634899301523 -0.191577377852843
51.4633292942233 -0.191502538714508
51.4633916496266 -0.191092347035401
51.4635252537792 -0.190213565079976
51.4637166089701 -0.189296763831864
51.463982123967 -0.188025074573109
51.4640192025047 -0.187847337333866
51.4640517408992 -0.187719039951894
51.4644769547413 -0.186044065973651
51.4645002034615 -0.185989491390404
51.4648975783403 -0.185055457223405
51.4652912164083 -0.184130220260878
51.4654356420586 -0.183790812626519
51.4653384966799 -0.183102631825355
51.4651081522379 -0.182579163509856
51.4650394669101 -0.182410842591485
51.4648090302234 -0.182357086716304
51.4645221212933 -0.182412524672353
51.4644696134239 -0.182487493130036
51.464458403374 -0.182535656159585
51.4639715094111 -0.182877980941374
51.4635577305722 -0.183349743198503
51.4634884782656 -0.184021000810163
51.462985961392 -0.182983716151786
51.4629792386805 -0.182828371702446
51.462911545665 -0.182787854982441
51.4625466172346 -0.182902173532356
51.4622849609344 -0.183624261130083
51.4617731932189 -0.184276266859449
51.4614952326001 -0.183795078961065
51.4615052487696 -0.183072197464456
51.4621463011588 -0.181876172174529
51.4621857977476 -0.181211573806313
51.4615134040514 -0.181041274203713
51.4613075864665 -0.181062038482848
51.4612422759647 -0.180821671945596
51.4607557592261 -0.180243644884378
51.4606964175287 -0.180179419584727
51.4603651564369 -0.180725157748664
51.4600924990088 -0.180482360411523
51.4598098232612 -0.179854819939251
51.459732596354 -0.179756176203659
51.4597356796145 -0.179717361124129
51.4592725149554 -0.178738933915633
51.4593690251209 -0.178464247509336
51.4598345235548 -0.178122763213631
51.4599205380339 -0.177861189789979
51.4598989667986 -0.177693748091248
51.4597083058885 -0.177226351101913
51.4598174616453 -0.176302521469817
51.4598820411712 -0.176206301882503
51.4599451784565 -0.17615607215188
51.4600863408951 -0.175244489101611
51.4600881992519 -0.175132846973073
51.4600879332947 -0.175046451715836
51.4593410340235 -0.174826168404327
51.4593368968146 -0.174802952018104
51.4592196050683 -0.173142331720471
51.4589614636181 -0.172989800777527
51.4581013459423 -0.173650323039467
51.4577238904481 -0.173531276907438
51.4574743433278 -0.173393715520509
51.4569427889969 -0.174006916649454
51.4564795602498 -0.174337530231397
51.455866486474 -0.17428829066107
51.4553830384501 -0.173459274406024
51.4552542777518 -0.172736568723988
51.4552189979091 -0.171004465671482
51.4547308191468 -0.170593897123249
51.4542860332555 -0.170354392017709
51.4538643336914 -0.170217451431684
51.4536364776998 -0.1701681749846
51.453172200703 -0.170165971200738
51.4529605744404 -0.170073681193928
51.4527663098086 -0.170016654912101
51.4526608741041 -0.170011970668992
51.4521004070131 -0.169192308261729
51.4512492889767 -0.168343951091175
51.4512208482189 -0.168307353387166
51.4510611056687 -0.168198640493598
51.450771825681 -0.168032932599802
51.450367379311 -0.167700129722669
51.4500126769181 -0.167306009168193
51.4499241944794 -0.167281666348549
51.4489656663984 -0.166734456918064
51.4484966369774 -0.166577864111301
51.4474935929729 -0.167173829225548
51.4474402892671 -0.167289280696466
51.4573100992234 -0.197867874047407
51.4578359687614 -0.19798210562482
51.4577595308613 -0.198390062297984
51.4573328015526 -0.198145882375274
51.4573100992234 -0.197867874047407
10 4
51.4624833609677 -0.180962115560279
51.4625838888877 -0.180702685133148
51.4626108227643 -0.179605695267329
51.4624425879842 -0.179186747695374
51.4620016426165 -0.178955988679182
51.4618208024939 -0.179230485357717
51.4617654511674 -0.179411678288532
51.4618018502988 -0.179665777476745
51.462252779486 -0.181113480211749
51.4624833609677 -0.180962115560279
