51.4193532946933 -0.167257929884497
51.4188702405057 -0.166963481695435
51.4188206141696 -0.166969143041347
51.4186496780716 -0.168387226181709
51.4184574248853 -0.168280717125141
51.4184000683578 -0.168217434462917
51.4175052131819 -0.16811470655777
51.4173983262568 -0.168178269036436
51.4171113643568 -0.168534921286135
51.4170711762155 -0.168534748852335
51.4168264630526 -0.168896941219296
51.4167998002942 -0.169918126577296
51.4165057043783 -0.170503426198753
51.4164057098719 -0.171250653933498
51.4162254477929 -0.171290218896244
51.4157208990413 -0.172815892522242
51.415894094846 -0.173234196101423
51.4156953584906 -0.174124785554846
51.4151710668957 -0.174327210197197
51.4149117105617 -0.174067909177339
51.4145225077491 -0.174066342115287
51.4142687325238 -0.173409493603984
51.4141070303604 -0.173330568056702
51.4135276044752 -0.173715890322426
51.4132934396477 -0.173256047698037
51.4125225682933 -0.17371906544456
51.4135385793924 -0.175343994254009
51.412363578496 -0.175158978414525
51.4118858343543 -0.176324755279595
51.4115711072212 -0.176366089215174
51.4111789939742 -0.175923327882793
51.4108375959348 -0.176006984701908
51.410275565992 -0.176736681143818
51.4105865071894 -0.177925928141044
51.410280673578 -0.178736114864193
51.409905465027 -0.178778885180054
51.4094703450035 -0.177841781056498
51.4087751792702 -0.179041226676983
51.4088157158656 -0.179248986935099
51.4090209156269 -0.17966870794784
51.4090144828538 -0.180227010854982
51.4087534995924 -0.180979652690037
51.4088761448156 -0.181125826638238
51.4094705693576 -0.181508418754693
51.4094197082599 -0.183602628475356
51.4093654621968 -0.183536488847817
51.4085306944873 -0.182866771532087
51.4080703105091 -0.183028828680708
51.4078841017567 -0.182963417548158
51.4073261107268 -0.183631646922056
51.4068118860311 -0.184728585503728
51.4063901485766 -0.183375795492744
51.4061880406405 -0.183154648384555
51.4057535953572 -0.182902287415508
51.4054187254258 -0.182891258595405
51.4053242483323 -0.182578719155977
51.4048825093701 -0.182261931144582
51.4037685132754 -0.183262270768963
51.4035471450047 -0.183312295803646
51.4026892650783 -0.184486648798562
51.404967320835 -0.188063665739107
51.404147990341 -0.189216646686347
51.4040148987928 -0.191024481106772
51.4036627493098 -0.19199086840257
51.4036590303255 -0.192833854979484
51.4036084158739 -0.192967906725632
51.4035403132374 -0.194586326065859
51.4035419168551 -0.194597050287921
51.4033594475362 -0.194680576900241
51.4030291141101 -0.194893919119981
51.4026523622604 -0.195473122631685
51.402624877147 -0.195538927350899
51.4025423031147 -0.196038148402135
51.4025824430059 -0.196496622942138
51.4025395687698 -0.197256727907164
51.4025496235784 -0.197378547234103
51.4026017599072 -0.197471685049119
51.4026674405053 -0.197755733095283
51.4027230953329 -0.198299897962592
51.4026072717559 -0.199221949687783
51.402870808866 -0.200178416885489
51.4029576243879 -0.201007996058911
51.4031543857147 -0.201679636405863
51.4031811297908 -0.201711779010364
51.403332462368 -0.202838985169636
51.4029830622089 -0.204225741396564
51.4030033140437 -0.204285996786061
51.4030880424985 -0.204822752057286
51.4038157530835 -0.206529372842485
51.4045589967707 -0.205598169382489
51.4046933327758 -0.205294532640027
51.4051272386641 -0.205491403935585
51.4054162053964 -0.205915990757484
51.4063737610384 -0.205512789855457
51.406939478857 -0.206268814303063
51.4070729038987 -0.207015802786991
51.4071969636281 -0.207133177312053
51.4083535531427 -0.207405193155291
51.4086489445772 -0.207039515753418
51.4090936322414 -0.206907121508822
51.4095603821519 -0.207423558999736
51.4104949400998 -0.20718569387035
51.4106708427643 -0.20778904600526
51.4101211010736 -0.208559125337226
51.4101789369476 -0.208737549593516
51.4109484592337 -0.208747905369145
51.4112566039433 -0.209186992247278
51.4110173754487 -0.209722160338971
51.4111614148764 -0.210518132154173
51.4121266445398 -0.210804957135781
51.4122621188829 -0.211629266965018
51.4121239487324 -0.211994975885113
51.4119228099612 -0.212764951901133
51.4119827033045 -0.213910317113573
51.411996019804 -0.21402314550168
51.4120190109992 -0.214039322843328
51.4129405147789 -0.213693243484371
51.4134090314863 -0.2132364000774
51.4134556017181 -0.213224743329273
51.4135755907097 -0.213010673800123
51.4143360443353 -0.213269503204234
51.4143562383253 -0.213314484025165
51.4148076238813 -0.212931093161856
51.4150616647915 -0.212794433173725
51.4151791898146 -0.212648748704757
51.4152080619878 -0.212679162919942
51.4156905669012 -0.214632343966492
51.415682334993 -0.214682109900696
51.4156831176357 -0.215069933927851
51.4154766597538 -0.21545053213947
51.4153943038787 -0.216329993033879
51.4153367947079 -0.216461712840499
51.4144443632774 -0.216893299497415
51.414214075832 -0.216765666994622
51.4135610057146 -0.217844792972
51.4138689055733 -0.218346934798407
51.4142221491405 -0.21829549693891
51.4145362401011 -0.217862597158367
51.4149724147147 -0.218281149648211
51.4146846842507 -0.219307067046005
51.4146847058557 -0.21930848905895
51.4147383057149 -0.219398536202538
51.4149360650639 -0.219497804133187
51.4152398167385 -0.220106136718234
51.4154778816344 -0.220242972492568
51.4154807693284 -0.220243690356788
51.415541992528 -0.220403639436432
51.4156687467786 -0.220592822112936
51.4158653288823 -0.22073305086601
51.4160705422923 -0.22070753413351
51.4162818455816 -0.221012131055151
51.4163340787198 -0.221249151092304
51.4167093108003 -0.221645452800344
51.4169605922891 -0.221598823737269
51.4171323150197 -0.222050105031428
51.417997598122 -0.222447094374863
51.4180101784613 -0.222440795961834
51.4182018655354 -0.223764540090988
51.4188549992572 -0.223670444643737
51.4188591918461 -0.223858115653003
51.4190227864664 -0.224248194652991
51.4191097065992 -0.224840821394277
51.4186810102084 -0.224783790300377
51.4184310653533 -0.225654961919773
51.4188606694667 -0.226229337948848
51.4188305151793 -0.226286238613466
51.4179186145743 -0.226924749347219
51.417781171146 -0.22729410487979
51.4178813472469 -0.227379163903141
51.4185437948118 -0.227413302209239
51.4186771952567 -0.22791199347765
51.4186116895383 -0.228502807511565
51.4185768322042 -0.228546014190405
51.4185095576441 -0.229222272507906
51.418692886551 -0.230652511310281
51.4186897224244 -0.230675163924294
51.419099328962 -0.230897105147337
51.419857761761 -0.230923557047418
51.4201085002945 -0.229179808807024
51.4205973586808 -0.229160915358738
51.4211629087694 -0.229719781054688
51.4216428323492 -0.230472540083287
51.4216792396457 -0.232295506773349
51.4230814128901 -0.234204706561256
51.4222382485832 -0.236772783523602
51.4223465879024 -0.238920203587968
51.4223671662036 -0.239027330092174
51.4224122038715 -0.239924991358876
51.4235036082155 -0.243318480744774
51.4230267111635 -0.244585898916742
51.4222636964847 -0.24866392376763
51.4248548993777 -0.253721580569412
51.4269107952979 -0.252267186280674
51.4309455996367 -0.246040139654345
51.4305329330712 -0.24252700604265
51.4311973501234 -0.239523601167944
51.4320747126074 -0.237772913433342
51.4331406954762 -0.237895590628289
51.4375435101089 -0.237769707160177
51.4376482992157 -0.237749540725529
51.43885066595 -0.237334553947742
51.4410448156663 -0.23390458010421
51.44127642681 -0.233256296534675
51.4417945479128 -0.231171829445875
51.441956085898 -0.231022150933404
51.4422613419307 -0.230679818957125
51.4425572203548 -0.230091541757651
51.4432146735594 -0.229128474988206
51.4432436942026 -0.229049995976677
51.4449789344954 -0.226617949080612
51.4452643013109 -0.226269097384635
51.445437757877 -0.22582621688071
51.4466243508476 -0.224217914136011
51.4479862545894 -0.223596118305994
51.4489595123722 -0.223869591335764
51.4494757541014 -0.223741695956551
51.4491924942058 -0.221809268199031
51.4491389544532 -0.221373373041667
51.4498585601012 -0.220209812668367
51.44989591739 -0.219615048644755
51.4495411346412 -0.219233587870745
51.449512278633 -0.219020645567637
51.4497425456822 -0.218100006328822
51.4497745880387 -0.218090689871682
51.4503720790372 -0.217553852593057
51.4505799367951 -0.217731941717001
51.4509296968506 -0.217540205696017
51.450955341425 -0.21751808458945
51.4509878295185 -0.217443484266879
51.4514579808446 -0.21689224232992
51.4512707268392 -0.215202971318493
51.4507683521271 -0.215337666549156
51.4505784547412 -0.215914540203041
51.450177403806 -0.216652475007008
51.4498195147819 -0.216611122833885
51.4496567054346 -0.216451458727346
51.4490958675915 -0.216288914466345
51.4490771383092 -0.21620420899259
51.4491733639976 -0.215580220697373
51.4493536664117 -0.215105430110108
51.4491618096417 -0.214472975918373
51.4487760718836 -0.214303151759668
51.4486452173559 -0.215002293844202
51.448404018316 -0.215309413976957
51.4479143143598 -0.214882830869365
51.4478855046012 -0.214815133276055
51.4478530037083 -0.214416526547518
51.4475437220761 -0.214031092713464
51.4482509220974 -0.212406479964636
51.4477058089965 -0.21169565625892
51.4475535793029 -0.211263524429728
51.4474610206445 -0.211289567372609
51.4470209584811 -0.211112525192161
51.4461041733657 -0.211254546218356
51.4458433127717 -0.210207906976655
51.4460451341878 -0.209348210277644
51.4451497411991 -0.208595397793235
51.4451456510541 -0.208215996114551
51.4456208822897 -0.206988574892182
51.4456347186751 -0.206723558950413
51.4447104003317 -0.206519740243699
51.4447044288884 -0.206505499009227
51.444206928736 -0.206135587703221
51.4441885584281 -0.206145324763015
51.4440338410869 -0.206362698054504
51.4434759689778 -0.206894494630555
51.4431991517654 -0.20642328166622
51.4430768963377 -0.205936169973867
51.4429068102895 -0.205948174198639
51.4417495062116 -0.206633831387771
51.4416294323395 -0.206547774334344
51.4415801739363 -0.206577584502357
51.4399598411219 -0.207042993455709
51.4392971233268 -0.20780282024726
51.4386924395344 -0.205456904252581
51.43824037403 -0.204602318285033
51.438304547863 -0.204313779218735
51.438334211613 -0.203844136088247
51.4385783951711 -0.202554861549037
51.4386623957457 -0.20235190408038
51.4389614339105 -0.201931943628383
51.4389664987299 -0.201928067076421
51.4390370384739 -0.201498213258051
51.4390263423495 -0.201445603834125
51.4389924007763 -0.200850681219121
51.439038826514 -0.200536848546914
51.4392013597549 -0.200114883186746
51.4394064151688 -0.199833486669148
51.439410936706 -0.199800090996448
51.4395297331478 -0.199410447515508
51.4396066237761 -0.199271704310401
51.4394886186624 -0.198542465492701
51.4391293181842 -0.197994510669042
51.4392060140694 -0.197515766408725
51.4393460430432 -0.19748427286139
51.4400028437031 -0.197863917107733
51.4400735522716 -0.197837762520569
51.440377030675 -0.19744451514581
51.4401540754879 -0.196801261883283
51.4401679461654 -0.196715296697677
51.4400786151464 -0.19605693830851
51.4404744586723 -0.195438778796264
51.4405016052073 -0.194977273737846
51.4404964771175 -0.194971188077428
51.4401512566151 -0.193774340681483
51.4401806024835 -0.19358431217213
51.4399216787443 -0.193023528663322
51.438927612391 -0.192332565113926
51.4389151666785 -0.192236725490508
51.4387439529315 -0.191528598139786
51.437665602798 -0.190439092355431
51.4373258173422 -0.190482177626091
51.436569221318 -0.189317845986433
51.4360611176608 -0.188992614199589
51.4350576447062 -0.189841671611129
51.4346026335633 -0.190573530583402
51.4344939085452 -0.19096726496557
51.4343924637938 -0.191634846489233
51.4330240152369 -0.192066564211562
51.4319494534496 -0.190686419320419
51.4318472735907 -0.190077330327237
51.4310910768171 -0.188741373569565
51.4310788128148 -0.188692396555088
51.4297299274775 -0.188620842735894
51.4287528728599 -0.186921519461333
51.4283968594718 -0.186775610494702
51.4281417380679 -0.18660222551536
51.427678096782 -0.185421244935349
51.4263604775894 -0.186179238356749
51.4262011337251 -0.186350877923463
51.4258132822297 -0.186384260716616
51.4247719241416 -0.185602894113368
51.4242222865977 -0.183931820141937
51.4254403888134 -0.182664565994834
51.4260540005598 -0.181652988010774
51.4255819204349 -0.180620813706546
51.425539328479 -0.180483150636508
51.4254958592763 -0.180300573418822
51.4252691327567 -0.178622152745366
51.4252698090874 -0.177578335690426
51.4253673521835 -0.177156392662726
51.4253303020097 -0.176988032867318
51.4246918474134 -0.176653851926606
51.4241529470962 -0.176483767789856
51.4237476029465 -0.176265202329372
51.4237247508576 -0.176240969884149
51.423682609891 -0.176178843388243
51.423674949406 -0.176160291759812
51.4234514774435 -0.175855387613405
51.4232475817396 -0.175341218835193
51.4231423414852 -0.174390732036754
51.4230984574288 -0.174361053486054
51.4229364177187 -0.17400070230102
51.4221395021935 -0.174055826576603
51.4219948196628 -0.174284543167489
51.4219690004081 -0.174398826018916
51.4219009771118 -0.174383510789239
51.4214467766275 -0.174243411118017
51.4212257425696 -0.173316436276153
51.4212645453775 -0.173227726507903
51.4212426529454 -0.173103606918019
51.4212415473298 -0.172698196295494
51.4206738709619 -0.171599950078881
51.420768326841 -0.1712869045575
51.4203563168925 -0.170682193286286
51.4202134077127 -0.16960746141169
51.4200530635376 -0.169615645750899
51.4198061080976 -0.169529338747584
51.4194753086321 -0.168777567649262
51.4196543567143 -0.16823464638028
51.41940395515 -0.167542639634584
51.4194068000599 -0.167425602023664
51.4197258880194 -0.167335641103533
51.419897171109 -0.166779503057323
51.4196294848103 -0.166391057414254
51.4193532946933 -0.167257929884497
