78 4
51.4999313486525 -0.123737402745821
51.4995768948976 -0.123879186519744
51.4983959092671 -0.124083177543538
51.4990121089485 -0.125248640624153
51.4993766531671 -0.125963065984637
51.4996928621192 -0.125903172078844
51.5003728023772 -0.125792479951282
51.5008241541146 -0.126938282753982
51.5008243925732 -0.126941955652188
51.5010945569399 -0.12722442550502
51.50113271061 -0.127266103461877
51.5018288507996 -0.127803997648955
51.5018690562437 -0.128086872751872
51.5015033496038 -0.128644882131822
51.501501440492 -0.128654820544459
51.5014410839888 -0.128962602608105
51.5013550090505 -0.129348892843016
51.5021140843527 -0.130643372146157
51.5020917474046 -0.131001752987337
51.5022017476443 -0.131924838935209
51.5029619512499 -0.133817384563079
51.5029864883451 -0.133862239544931
51.5041259960058 -0.132305445484572
51.5044266154727 -0.131560125497707
51.5044599378784 -0.131462292537405
51.5047767906008 -0.130427241625577
51.5048126196122 -0.130063772400168
51.5052732027738 -0.129851261015403
51.5052878363403 -0.129844365082684
51.5057761273617 -0.129447036136998
51.5058005306177 -0.129427027354355
51.5058675034698 -0.129364880120467
51.5065638936655 -0.129417388653741
51.5068404792007 -0.129933822379492
51.5070261806812 -0.130230734490028
51.5071111924458 -0.130194818633569
51.5071170111365 -0.130181986327546
51.5072298892381 -0.129796333351951
51.5075740461776 -0.129684932954959
51.5075960524133 -0.129627357749826
51.5076447707903 -0.129283060490407
51.5076286384799 -0.129162174889758
51.5077073538502 -0.128742864530609
51.5070164091 -0.128851370279154
51.507017492022 -0.128778375313859
51.5069883720996 -0.128553469111593
51.5069415180774 -0.128360893856699
51.5069174631118 -0.128284414273627
51.5070463398817 -0.128079172165414
51.5073363781064 -0.127663796586452
51.5072727855691 -0.127599749507448
51.5071756864932 -0.127261431264333
51.5072118966518 -0.127006875768194
51.5071068152591 -0.126714866969335
51.5072203841473 -0.126446326240281
51.5071660876605 -0.126249542569199
51.5070680127651 -0.125934792785411
51.5070082749672 -0.125948887456678
51.5065379526045 -0.125292745022117
51.5065397963552 -0.125014414297145
51.5061993321897 -0.124586179525659
51.5063796301638 -0.124156405420242
51.506516441218 -0.123846274591754
51.506503927469 -0.123631622254206
51.5062787620185 -0.123139255374915
51.5055838600664 -0.123095692269452
51.5050502388542 -0.122642153177285
51.5048286649713 -0.122447387936156
51.5047876990861 -0.1224547744988
51.5044629118967 -0.122596434280739
51.5039126144098 -0.122836581474665
51.5038426674659 -0.122853118320257
51.5026123599869 -0.123143295262776
51.5025916106104 -0.123144385360654
51.5024634308853 -0.123151077257282
51.5012364286215 -0.12321526737289
51.5006431133239 -0.123452641848432
51.4999313486525 -0.123737402745821
82 4
51.5025889887928 -0.135752554568428
51.502219483472 -0.136373629629228
51.502141193283 -0.136549795173113
51.5020765573309 -0.137342207963719
51.5018803539923 -0.138692868981905
51.5008630011506 -0.139397912250578
51.5006675065512 -0.140216414818451
51.5003962458611 -0.141898779106627
51.5003838422127 -0.143732640311874
51.500408646555 -0.143925267727809
51.500571530493 -0.144486846935178
51.5014744599114 -0.145918034097679
51.501804279575 -0.146019051002998
51.5019266759518 -0.14588530614298
51.5020908304776 -0.145680487017811
51.5029377304548 -0.144325040503894
51.5031876591508 -0.143848352985019
51.5034348904266 -0.143780688042169
51.5042299974376 -0.143385430564501
51.5043500979697 -0.143254497155347
51.50488455517 -0.143078799609688
51.5050632269579 -0.143007618179054
51.5053536819318 -0.142848013441277
51.5056668736167 -0.142812824894419
51.5057792801481 -0.142752414497529
51.5064574823186 -0.141969203873336
51.5066004620591 -0.141949011532814
51.5069144567175 -0.141919129485647
51.5069365618587 -0.141572369533567
51.5069519348875 -0.141044814171228
51.5070736751912 -0.14103451283595
51.5071555981282 -0.141104129275317
51.5074689373533 -0.141316527418152
51.5074887781097 -0.141258095661044
51.5073143500025 -0.140904954166894
51.507145130157 -0.140914455783727
51.5072933893221 -0.140614835295816
51.5074054419474 -0.140776017649759
51.5075901955848 -0.140986519526198
51.5076158205007 -0.14095838708441
51.5077242007774 -0.140570326251484
51.507739525494 -0.140561623029894
51.5077970044171 -0.140467321020802
51.5077364581057 -0.140039323841038
51.5077710620747 -0.139999181357226
51.5077875847188 -0.139912962493318
51.5076873634948 -0.139709951890516
51.507560364264 -0.139762768670298
51.5075223348858 -0.139722970555362
51.5073707042665 -0.139758849548909
51.507312014169 -0.139482030151729
51.5073278125579 -0.139344514382532
51.5073004388301 -0.139251054660399
51.5073175950496 -0.138961165664493
51.5071090165233 -0.138909426548775
51.5070510253508 -0.138693769485123
51.5069811980015 -0.138468733974571
51.5068378651831 -0.138523288321034
51.5067801829717 -0.138627341598514
51.5067233848798 -0.138809773932909
51.5064669683331 -0.138678006235837
51.506468345564 -0.138657158279464
51.5064680810868 -0.138651822585843
51.5064436824689 -0.138485294178199
51.5063264083672 -0.138374827850481
51.506130144141 -0.138311660025877
51.5061121626672 -0.138328551018221
51.5059603206526 -0.137954669239079
51.5057970790131 -0.137961323887655
51.5057539693259 -0.13743176907353
51.5056540760235 -0.13736289406645
51.5056061221475 -0.137909704163959
51.5055421319175 -0.137922173873766
51.5052028536194 -0.137492022238856
51.505269242474 -0.13737585419647
51.5052603442234 -0.137262756023741
51.5051861363966 -0.13654711766867
51.504945480213 -0.136439910850702
51.5040188034091 -0.136106571838633
51.5028849200056 -0.135078517489798
51.502827160438 -0.13521143783835
51.5025889887928 -0.135752554568428
7 4
51.5066440895335 -0.121688885699725
51.5066103779951 -0.121717004524913
51.5059674732966 -0.121995674355861
51.5063235377401 -0.123010407247467
51.5064748506237 -0.122612351395894
51.5066955985913 -0.121823400498871
51.5066440895335 -0.121688885699725
