51.4966599901593 -0.137957392137931
51.4966712454655 -0.137981165598553
51.4966276360685 -0.138286438111379
51.4966730523322 -0.138615997751851
51.4966303823966 -0.138844615137675
51.496789256702 -0.139123584773886
51.4964637363599 -0.139650941065548
51.4965079077181 -0.139958932718582
51.496281902014 -0.140151772899594
51.4961783268472 -0.140542273271121
51.4962532109941 -0.140746266145226
51.4962479352553 -0.141474031864422
51.496248128893 -0.141531634150221
51.4963146093393 -0.141664937861713
51.4964069456616 -0.14180170426085
51.4963346657241 -0.142425884310348
51.496376890103 -0.142724929215118
51.4963648756259 -0.142806428343246
51.496484292615 -0.143114927894522
51.496541689946 -0.143515037467178
51.4961150930542 -0.144286051014092
51.4961295823172 -0.144292708358351
51.4965542056514 -0.144675173240052
51.4967193133624 -0.144110298222484
51.4968466599719 -0.144164518387523
51.4970922693391 -0.144102276699458
51.497163228212 -0.144376760200551
51.4971907360735 -0.1445016752512
51.4975326976164 -0.144477928873318
51.4975886231655 -0.144256851525303
51.4973176225904 -0.144129115538206
51.4973151026069 -0.144117576810293
51.4973170412248 -0.144109420579742
51.4973319539645 -0.144091709575594
51.4976952944684 -0.143885109064533
51.4977304401352 -0.143771189398309
51.4977900702643 -0.143761520782792
51.4979022487963 -0.14381730768875
51.4982429327133 -0.143871889526764
51.4982614320456 -0.143586638235069
51.498261092117 -0.142855386656646
51.4984964357058 -0.142599094392941
51.4985077189595 -0.142607663710284
51.4987666977748 -0.142583593269496
51.4988556028766 -0.142946566724706
51.498775845127 -0.143274819063992
51.4989635822301 -0.143066433036985
51.5003713320139 -0.143890788957302
51.500408646555 -0.143925267727809
51.5003838422127 -0.143732640311874
51.5003962458611 -0.141898779106627
51.5006675065512 -0.140216414818451
51.5008630011506 -0.139397912250578
51.5018803539923 -0.138692868981905
51.5020765573309 -0.137342207963719
51.502141193283 -0.136549795173113
51.501066028306 -0.136257694511145
51.5001953725936 -0.136338235736814
51.5000492033969 -0.13644054013683
51.4996893389674 -0.136921718552304
51.4996294845509 -0.137070036807524
51.4996731532212 -0.138087617265891
51.4992436961481 -0.137849360514755
51.4991071010106 -0.137665812074623
51.4991250019075 -0.137615546389787
51.4992494433081 -0.137299833420297
51.4991793722668 -0.137235097854702
51.4987273521935 -0.137093279031592
51.49881404289 -0.13687996011928
51.4987997378814 -0.136528448272924
51.4985031083196 -0.136604455574999
51.498486480416 -0.136576386618866
51.4984252969672 -0.13645997361787
51.4983363106571 -0.136460870985137
51.498109308512 -0.136115426510927
51.4982095576973 -0.135929470876129
51.4982211012932 -0.135688570858172
51.4982277139326 -0.135572956840902
51.4982171949948 -0.135544639133199
51.4981940613251 -0.135463618750199
51.4981529151752 -0.135403171294756
51.4979874952799 -0.135742173398605
51.4979574696399 -0.135787469008179
51.497938155993 -0.135403858016204
51.4978486850176 -0.135391235343699
51.4978037713176 -0.136009934220006
51.4972853823775 -0.135776285040594
51.4971998862111 -0.136155138365939
51.4971107337269 -0.136219118472048
51.4970439469919 -0.136349775265312
51.4969343476139 -0.136564021128071
51.4968609485629 -0.136685918852111
51.4966902029868 -0.137052087889038
51.4967428912693 -0.137194026116484
51.4966655617001 -0.137600572572485
51.4966208613677 -0.137882370481661
51.4966599901593 -0.137957392137931
51.4973022717136 -0.144079373564605
51.4971287145939 -0.143900047862833
51.4971519777478 -0.143739691830787
51.497404460157 -0.143623238943988
51.4973172101953 -0.144086012759985
51.4973158757193 -0.144086898470909
51.4973022717136 -0.144079373564605
