92 4
51.4990746833744 -0.130108561384062
51.4989432583019 -0.130289513408694
51.4990771177331 -0.130932398657755
51.4991377454376 -0.131250536695683
51.4989265983121 -0.131393288124537
51.4988339807025 -0.131448393696326
51.4987361513386 -0.131464154957889
51.4988761982775 -0.130306750214948
51.4986406799865 -0.130358677583851
51.4986100141297 -0.130380601962099
51.498506015877 -0.130590245361025
51.4985270320921 -0.131153043665981
51.4986115266307 -0.131490871574543
51.4984248632137 -0.131968556085884
51.4983877796841 -0.131960093956275
51.4980596773025 -0.13227249978053
51.4979567791055 -0.13238207144582
51.4979597780357 -0.132480068103272
51.4979580687598 -0.13252515878071
51.4979292160212 -0.132920715384021
51.4978932103612 -0.132934778284038
51.4978648976032 -0.132974660199564
51.4976809053839 -0.13320823162423
51.4976507702049 -0.133365193435654
51.4976571820013 -0.133423493787021
51.4977783540304 -0.13363735092461
51.4979664049384 -0.134003377687355
51.4974147753915 -0.133969126068025
51.4973861414284 -0.13430527458371
51.4970578657231 -0.134415014494605
51.4970623944054 -0.13456972661332
51.4972796746969 -0.134908425332734
51.4972776243055 -0.135333527532467
51.4972831181546 -0.135679091182128
51.4972771908446 -0.135696438304821
51.4972853823775 -0.135776285040594
51.4978037713176 -0.136009934220006
51.4978486850176 -0.135391235343699
51.497938155993 -0.135403858016204
51.4979574696399 -0.135787469008179
51.4979874952799 -0.135742173398605
51.4981529151752 -0.135403171294756
51.4981940613251 -0.135463618750199
51.4982171949948 -0.135544639133199
51.4982277139326 -0.135572956840902
51.4982211012932 -0.135688570858172
51.4982095576973 -0.135929470876129
51.498109308512 -0.136115426510927
51.4983363106571 -0.136460870985137
51.4984252969672 -0.13645997361787
51.498486480416 -0.136576386618866
51.4985031083196 -0.136604455574999
51.4987997378814 -0.136528448272924
51.49881404289 -0.13687996011928
51.4987273521935 -0.137093279031592
51.4991793722668 -0.137235097854702
51.4992494433081 -0.137299833420297
51.4991250019075 -0.137615546389787
51.4991071010106 -0.137665812074623
51.4992436961481 -0.137849360514755
51.4996731532212 -0.138087617265891
51.4996294845509 -0.137070036807524
51.4996893389674 -0.136921718552304
51.5000492033969 -0.13644054013683
51.5001953725936 -0.136338235736814
51.501066028306 -0.136257694511145
51.502141193283 -0.136549795173113
51.502219483472 -0.136373629629228
51.5025889887928 -0.135752554568428
51.502827160438 -0.13521143783835
51.5028849200056 -0.135078517489798
51.5029169975948 -0.134930488351252
51.5029864883451 -0.133862239544931
51.5029619512499 -0.133817384563079
51.5022017476443 -0.131924838935209
51.5020917474046 -0.131001752987337
51.5021140843527 -0.130643372146157
51.5013550090505 -0.129348892843016
51.5010334599227 -0.129417893733634
51.5008844436013 -0.129617514093374
51.5009223564281 -0.130072614402278
51.5008065072493 -0.130356526516097
51.5006552596643 -0.130382436305036
51.5005290295914 -0.130071607028115
51.5003347578765 -0.130195739796077
51.5003953429043 -0.129366567140085
51.5000873665643 -0.128967674907712
51.4998892127241 -0.128944191002982
51.4998199797316 -0.129050614163602
51.49978037527 -0.129205360494452
51.499137134121 -0.129875549852762
51.4990746833744 -0.130108561384062
9 4
51.4966562660825 -0.134566470297874
51.4967691169175 -0.134935561530281
51.4968368902083 -0.134968787118573
51.4969030586105 -0.134844568548439
51.4968483785574 -0.134639757491019
51.4968491594231 -0.134615374583308
51.4969035782069 -0.134300746638247
51.4965424711739 -0.134239825558929
51.4966562660825 -0.134566470297874
