51.4949011288921 -0.12476781827279
51.4944747128395 -0.124794582316374
51.4932762039484 -0.124521286293042
51.4928681897719 -0.124428283213951
51.4924081956257 -0.124615227820727
51.4923947074861 -0.124620651085471
51.4922964431766 -0.124687871313746
51.4912738614021 -0.125386875122787
51.491023026852 -0.125594085644427
51.4909945445847 -0.125617582671737
51.4904662538354 -0.126053872417374
51.4902857776904 -0.126281588264531
51.489734561787 -0.126976883917829
51.4897187259479 -0.126998554681847
51.4891713533628 -0.127749020150684
51.4890427919066 -0.127855712187966
51.4882938723024 -0.128477474130081
51.4883692951533 -0.128860367260072
51.4886257842619 -0.129339650293196
51.4886600692024 -0.129950476922347
51.4886799792252 -0.129975671676457
51.4889163962151 -0.129839157589349
51.4894611829224 -0.130024825240665
51.4891285101414 -0.130794616395816
51.4891614592765 -0.130825691842394
51.4896156971053 -0.130570293576634
51.4897551593754 -0.130865307380198
51.4897489064714 -0.13087910255627
51.4898029420093 -0.13177085359967
51.4898354949831 -0.131726291611461
51.4900326273843 -0.131138408543526
51.4901691849728 -0.131070708679184
51.4902241186364 -0.131415146993346
51.490233795553 -0.13159931735505
51.4904107766941 -0.131704556039391
51.4902716494027 -0.132079375841612
51.4900281952471 -0.132152391814619
51.490379150561 -0.132507181442199
51.4904004582988 -0.132484694843069
51.4905245910986 -0.132602073337926
51.4908200684024 -0.13252158846611
51.4908233209717 -0.132579058941988
51.490886682491 -0.132752962159603
51.4909844585204 -0.132999216225995
51.4910333991618 -0.133131308665218
51.4908669714786 -0.133197610889998
51.4907906424628 -0.133790420648674
51.4907801364516 -0.133802489093319
51.4909326659843 -0.13417347452019
51.4911850015231 -0.133381779430808
51.4912433218967 -0.133318111562632
51.4912567513081 -0.133342861246014
51.4911812272899 -0.134020207748591
51.4912979476229 -0.134157729750274
51.4913530070647 -0.134233752039533
51.4913528924656 -0.134350865136763
51.4915746155956 -0.134737086109471
51.491472348741 -0.135163492881668
51.4916206540484 -0.135410425289951
51.4917275683281 -0.135400599596207
51.4918649641144 -0.135396775288585
51.4920690531969 -0.135833253263507
51.4922915881681 -0.135807072169406
51.492925977455 -0.135069966722066
51.493006806356 -0.135064886461562
51.4924820861327 -0.136174746188752
51.4924058120103 -0.136415523647933
51.4924865737975 -0.136519364466867
51.492411799903 -0.136696179820511
51.4924215768978 -0.13731162412893
51.4924238662969 -0.137314262613814
51.4924666258358 -0.137317864564988
51.4927117680981 -0.136581327596243
51.4932229863175 -0.13619405749391
51.4932275151744 -0.136264069433655
51.4931719656774 -0.136423000404317
51.4925108751191 -0.137352999732073
51.4925063214831 -0.137354966947597
51.4926140711791 -0.137646798608262
51.4927979534416 -0.137632178316317
51.492931790186 -0.137602375034683
51.4930442185951 -0.137843539700137
51.4928926647013 -0.137997471699259
51.4927424299017 -0.138166552088509
51.4927350432927 -0.13821091846507
51.4928069118491 -0.138428555530461
51.4930431832905 -0.138610753179374
51.4930532906472 -0.138630177001638
51.4933666850709 -0.138483194347261
51.4934811558217 -0.138909809414658
51.4935267054814 -0.138907954328418
51.4936622638332 -0.138743034518681
51.4937435315069 -0.138420094536436
51.4938113035115 -0.138396666360001
51.4939418153371 -0.138661450414344
51.4941462852071 -0.138743155785613
51.4942324447619 -0.138700093104405
51.4944151218523 -0.13888709361045
51.494170524393 -0.139250896690997
51.4941699472135 -0.13933917259455
51.4939198099145 -0.139506857049442
51.493951430838 -0.139647034099851
51.4941530511089 -0.139906196069416
51.4941213925341 -0.140103706555833
51.494359055444 -0.140322801521402
51.4943744315333 -0.140323007213935
51.494517459605 -0.14050996527074
51.4947947892082 -0.140475280106934
51.4948128587901 -0.140497944462171
51.4948183057507 -0.140501286208733
51.4948539468022 -0.140781701315229
51.4951042856633 -0.14113700428906
51.4953366903795 -0.141052836404399
51.4954567554821 -0.141265797646037
51.4954607898787 -0.141276442678493
51.4955434012485 -0.14136680123623
51.4955453065985 -0.141435973647724
51.4957595566014 -0.141834326976739
51.4957716445901 -0.141865312795138
51.4956373651316 -0.142298508131546
51.4963346657241 -0.142425884310348
51.4964069456616 -0.14180170426085
51.4963146093393 -0.141664937861713
51.496248128893 -0.141531634150221
51.4962479352553 -0.141474031864422
51.4962532109941 -0.140746266145226
51.4961783268472 -0.140542273271121
51.496281902014 -0.140151772899594
51.4965079077181 -0.139958932718582
51.4964637363599 -0.139650941065548
51.496789256702 -0.139123584773886
51.4966303823966 -0.138844615137675
51.4966730523322 -0.138615997751851
51.4966276360685 -0.138286438111379
51.4966712454655 -0.137981165598553
51.4966599901593 -0.137957392137931
51.4966208613677 -0.137882370481661
51.4966655617001 -0.137600572572485
51.4967428912693 -0.137194026116484
51.4966902029868 -0.137052087889038
51.4968609485629 -0.136685918852111
51.4969343476139 -0.136564021128071
51.4970439469919 -0.136349775265312
51.4971107337269 -0.136219118472048
51.4971998862111 -0.136155138365939
51.4972853823775 -0.135776285040594
51.4972771908446 -0.135696438304821
51.4972831181546 -0.135679091182128
51.4972776243055 -0.135333527532467
51.4972796746969 -0.134908425332734
51.4970623944054 -0.13456972661332
51.4970578657231 -0.134415014494605
51.4973861414284 -0.13430527458371
51.4974147753915 -0.133969126068025
51.4979664049384 -0.134003377687355
51.4977783540304 -0.13363735092461
51.4976571820013 -0.133423493787021
51.4976507702049 -0.133365193435654
51.4976809053839 -0.13320823162423
51.4978648976032 -0.132974660199564
51.4978932103612 -0.132934778284038
51.4979292160212 -0.132920715384021
51.4979580687598 -0.13252515878071
51.4979597780357 -0.132480068103272
51.4979567791055 -0.13238207144582
51.4980596773025 -0.13227249978053
51.4983877796841 -0.131960093956275
51.4984248632137 -0.131968556085884
51.4986115266307 -0.131490871574543
51.4985270320921 -0.131153043665981
51.498506015877 -0.130590245361025
51.4986100141297 -0.130380601962099
51.4986406799865 -0.130358677583851
51.4988761982775 -0.130306750214948
51.4987361513386 -0.131464154957889
51.4988339807025 -0.131448393696326
51.4989265983121 -0.131393288124537
51.4991377454376 -0.131250536695683
51.4990771177331 -0.130932398657755
51.4989432583019 -0.130289513408694
51.4990746833744 -0.130108561384062
51.499137134121 -0.129875549852762
51.49978037527 -0.129205360494452
51.4998199797316 -0.129050614163602
51.4998892127241 -0.128944191002982
51.5000873665643 -0.128967674907712
51.5003953429043 -0.129366567140085
51.5003347578765 -0.130195739796077
51.5005290295914 -0.130071607028115
51.5006552596643 -0.130382436305036
51.5008065072493 -0.130356526516097
51.5009223564281 -0.130072614402278
51.5008844436013 -0.129617514093374
51.5010334599227 -0.129417893733634
51.5013550090505 -0.129348892843016
51.5014410839888 -0.128962602608105
51.501501440492 -0.128654820544459
51.5015033496038 -0.128644882131822
51.5018690562437 -0.128086872751872
51.5018288507996 -0.127803997648955
51.50113271061 -0.127266103461877
51.5010945569399 -0.12722442550502
51.5008243925732 -0.126941955652188
51.5008241541146 -0.126938282753982
51.5003728023772 -0.125792479951282
51.4996928621192 -0.125903172078844
51.4993766531671 -0.125963065984637
51.4990121089485 -0.125248640624153
51.4983959092671 -0.124083177543538
51.4980874167942 -0.124136469504599
51.4971297546202 -0.124301938297374
51.4968417019768 -0.124351655943886
51.496654098966 -0.12443145967745
51.4962871155062 -0.124509360449042
51.4958317002025 -0.124605974913046
51.4957601129472 -0.124621147721053
51.4951394847314 -0.124752928855723
51.4949011288921 -0.12476781827279
51.4969035782069 -0.134300746638247
51.4968491594231 -0.134615374583308
51.4968483785574 -0.134639757491019
51.4969030586105 -0.134844568548439
51.4968368902083 -0.134968787118573
51.4967691169175 -0.134935561530281
51.4966562660825 -0.134566470297874
51.4965424711739 -0.134239825558929
51.4969035782069 -0.134300746638247
