51.4882938723024 -0.128477474130081
51.4878756266108 -0.128824759110974
51.4876631335607 -0.129035115736648
51.4876453963508 -0.129050330719164
51.4875189886702 -0.129201937783339
51.4868636606012 -0.129987990374711
51.486551299046 -0.130362627730488
51.4864761671181 -0.130505123481732
51.4860306128673 -0.131350492079916
51.4858530353216 -0.131687420945765
51.4858539523651 -0.131744980586742
51.4858461159184 -0.131817386340186
51.4856218377505 -0.13241700925355
51.4855125192435 -0.132896856183371
51.4854598208283 -0.133206349031377
51.4853466004966 -0.133870541565214
51.4852749901407 -0.134291127852328
51.4850355477553 -0.135696150704179
51.4849644394761 -0.136420247376972
51.4848964301837 -0.137113339293667
51.4848936427055 -0.137141597680474
51.4847955966232 -0.138140040281852
51.484787298331 -0.138183604764903
51.4847628593067 -0.138343018024819
51.4847321768679 -0.138675472336967
51.484722682678 -0.138796631656229
51.4846499350716 -0.139730266506126
51.4847067989307 -0.140158316338298
51.4848329670569 -0.141107610232513
51.4849863793807 -0.142261959786688
51.4851838733838 -0.143748346904354
51.4854050169368 -0.14541251411527
51.4854361423626 -0.145646862513786
51.4854466613174 -0.145919811375875
51.4854475756528 -0.145943525426316
51.4855254903425 -0.147972753141319
51.4864502385626 -0.147759047282178
51.4866721239733 -0.147247705941921
51.4871926838875 -0.147227555287958
51.4872207894505 -0.147225465937927
51.4877312011114 -0.147695380077641
51.4880132925237 -0.1477002184374
51.4883436609298 -0.148280051863813
51.4887722939116 -0.148268149208015
51.4888826598034 -0.148197882163762
51.4894066464611 -0.148337817125911
51.4896459982825 -0.148209353346463
51.4897892295129 -0.148227778427546
51.4897983711526 -0.148237384459077
51.4900702455362 -0.148369483889551
51.4905465990189 -0.148424890059008
51.4907246895407 -0.14819712015036
51.4908970415688 -0.148078492918006
51.4911499725628 -0.148126797409146
51.4914382625757 -0.147653214085736
51.4919429583848 -0.147391411560005
51.4920291127784 -0.147376279239479
51.4921203676997 -0.147365334686124
51.4922535807464 -0.147227620757215
51.4923167541444 -0.147208906335603
51.4924756061441 -0.147026799284208
51.4925603252269 -0.146579505076452
51.4925851591591 -0.146427298275811
51.4929578259762 -0.145815218286655
51.4935572494253 -0.145665705767786
51.493609774519 -0.145650152569958
51.4937496524166 -0.145723700860492
51.4939939748369 -0.145244613963274
51.4942903410449 -0.144713996984826
51.4947805027737 -0.145096641123885
51.4950012782931 -0.145135310120511
51.4952481014724 -0.144928114115854
51.495299867119 -0.144887289852133
51.4956431835796 -0.145273172554466
51.4959687308998 -0.145217671565016
51.4960460416599 -0.14427982784442
51.4961150930542 -0.144286051014092
51.496541689946 -0.143515037467178
51.496484292615 -0.143114927894522
51.4963648756259 -0.142806428343246
51.496376890103 -0.142724929215118
51.4963346657241 -0.142425884310348
51.4956373651316 -0.142298508131546
51.4957716445901 -0.141865312795138
51.4957595566014 -0.141834326976739
51.4955453065985 -0.141435973647724
51.4955434012485 -0.14136680123623
51.4954607898787 -0.141276442678493
51.4954567554821 -0.141265797646037
51.4953366903795 -0.141052836404399
51.4951042856633 -0.14113700428906
51.4948539468022 -0.140781701315229
51.4948183057507 -0.140501286208733
51.4948128587901 -0.140497944462171
51.4947947892082 -0.140475280106934
51.494517459605 -0.14050996527074
51.4943744315333 -0.140323007213935
51.494359055444 -0.140322801521402
51.4941213925341 -0.140103706555833
51.4941530511089 -0.139906196069416
51.493951430838 -0.139647034099851
51.4939198099145 -0.139506857049442
51.4941699472135 -0.13933917259455
51.494170524393 -0.139250896690997
51.4944151218523 -0.13888709361045
51.4942324447619 -0.138700093104405
51.4941462852071 -0.138743155785613
51.4939418153371 -0.138661450414344
51.4938113035115 -0.138396666360001
51.4937435315069 -0.138420094536436
51.4936622638332 -0.138743034518681
51.4935267054814 -0.138907954328418
51.4934811558217 -0.138909809414658
51.4933666850709 -0.138483194347261
51.4930532906472 -0.138630177001638
51.4930431832905 -0.138610753179374
51.4928069118491 -0.138428555530461
51.4927350432927 -0.13821091846507
51.4927424299017 -0.138166552088509
51.4928926647013 -0.137997471699259
51.4930442185951 -0.137843539700137
51.492931790186 -0.137602375034683
51.4927979534416 -0.137632178316317
51.4926140711791 -0.137646798608262
51.4925063214831 -0.137354966947597
51.4925108751191 -0.137352999732073
51.4931719656774 -0.136423000404317
51.4932275151744 -0.136264069433655
51.4932229863175 -0.13619405749391
51.4927117680981 -0.136581327596243
51.4924666258358 -0.137317864564988
51.4924238662969 -0.137314262613814
51.4924215768978 -0.13731162412893
51.492411799903 -0.136696179820511
51.4924865737975 -0.136519364466867
51.4924058120103 -0.136415523647933
51.4924820861327 -0.136174746188752
51.493006806356 -0.135064886461562
51.492925977455 -0.135069966722066
51.4922915881681 -0.135807072169406
51.4920690531969 -0.135833253263507
51.4918649641144 -0.135396775288585
51.4917275683281 -0.135400599596207
51.4916206540484 -0.135410425289951
51.491472348741 -0.135163492881668
51.4915746155956 -0.134737086109471
51.4913528924656 -0.134350865136763
51.4913530070647 -0.134233752039533
51.4912979476229 -0.134157729750274
51.4911812272899 -0.134020207748591
51.4912567513081 -0.133342861246014
51.4912433218967 -0.133318111562632
51.4911850015231 -0.133381779430808
51.4909326659843 -0.13417347452019
51.4907801364516 -0.133802489093319
51.4907906424628 -0.133790420648674
51.4908669714786 -0.133197610889998
51.4910333991618 -0.133131308665218
51.4909844585204 -0.132999216225995
51.490886682491 -0.132752962159603
51.4908233209717 -0.132579058941988
51.4908200684024 -0.13252158846611
51.4905245910986 -0.132602073337926
51.4904004582988 -0.132484694843069
51.490379150561 -0.132507181442199
51.4900281952471 -0.132152391814619
51.4902716494027 -0.132079375841612
51.4904107766941 -0.131704556039391
51.490233795553 -0.13159931735505
51.4902241186364 -0.131415146993346
51.4901691849728 -0.131070708679184
51.4900326273843 -0.131138408543526
51.4898354949831 -0.131726291611461
51.4898029420093 -0.13177085359967
51.4897489064714 -0.13087910255627
51.4897551593754 -0.130865307380198
51.4896156971053 -0.130570293576634
51.4891614592765 -0.130825691842394
51.4891285101414 -0.130794616395816
51.4894611829224 -0.130024825240665
51.4889163962151 -0.129839157589349
51.4886799792252 -0.129975671676457
51.4886600692024 -0.129950476922347
51.4886257842619 -0.129339650293196
51.4883692951533 -0.128860367260072
51.4882938723024 -0.128477474130081
