184 8
51.4946566389917 -0.155077014971456
51.4947800082417 -0.154838750452515
51.4947814480446 -0.154770275135115
51.4951792630139 -0.154845196870665
51.4952270737163 -0.154512817568102
51.495422136552 -0.154437352768973
51.4954928745368 -0.153968158811852
51.4952072234514 -0.153057721203016
51.4952121256235 -0.153049327173861
51.4959889349418 -0.153568131062444
51.4960561504176 -0.153549141639944
51.496166753223 -0.153219680680544
51.4961644015274 -0.153070346153895
51.4958779683226 -0.152002307741705
51.4959045526368 -0.151960727651527
51.496547349859 -0.152503826014754
51.4966315312732 -0.152414778522639
51.4967850643837 -0.152231224206516
51.4967993773428 -0.152232427171833
51.4968595162525 -0.152158011298374
51.4970452700239 -0.15180566407448
51.4970042175996 -0.15156238860059
51.497327761968 -0.151470900524339
51.4974347700279 -0.151358594095145
51.497435318731 -0.151279341112701
51.4973397778226 -0.151052642164382
51.497483590779 -0.150834312781391
51.4976760325167 -0.150826524376584
51.4977557747536 -0.150729692417886
51.4977603042224 -0.15068627039344
51.4977576650866 -0.150672835422649
51.4974359518657 -0.149723327285338
51.49741366145 -0.149700828957848
51.497681094998 -0.148987608701002
51.4977731201611 -0.14891724067039
51.4981495795614 -0.149330578271323
51.4983501654233 -0.149360347209338
51.4981630431241 -0.148662796755585
51.4983124175612 -0.148609109673235
51.4984828018494 -0.148126690894653
51.4983123226714 -0.147891389731762
51.4982784323369 -0.147845960665167
51.4979621138145 -0.147449914430642
51.4979141661345 -0.147260134550444
51.4983278833714 -0.146873210996272
51.498812333174 -0.146542093279135
51.4988281399231 -0.146546797614188
51.4998252859516 -0.146784558439659
51.5007691342036 -0.14644286793554
51.5014744599114 -0.145918034097679
51.500571530493 -0.144486846935178
51.500408646555 -0.143925267727809
51.5003713320139 -0.143890788957302
51.4989635822301 -0.143066433036985
51.498775845127 -0.143274819063992
51.4988556028766 -0.142946566724706
51.4987666977748 -0.142583593269496
51.4985077189595 -0.142607663710284
51.4984964357058 -0.142599094392941
51.498261092117 -0.142855386656646
51.4982614320456 -0.143586638235069
51.4982429327133 -0.143871889526764
51.4979022487963 -0.14381730768875
51.4977900702643 -0.143761520782792
51.4977304401352 -0.143771189398309
51.4976952944684 -0.143885109064533
51.4973319539645 -0.144091709575594
51.4973170412248 -0.144109420579742
51.4973151026069 -0.144117576810293
51.4973176225904 -0.144129115538206
51.4975886231655 -0.144256851525303
51.4975326976164 -0.144477928873318
51.4971907360735 -0.1445016752512
51.497163228212 -0.144376760200551
51.4970922693391 -0.144102276699458
51.4968466599719 -0.144164518387523
51.4967193133624 -0.144110298222484
51.4965542056514 -0.144675173240052
51.4961295823172 -0.144292708358351
51.4961150930542 -0.144286051014092
51.4960460416599 -0.14427982784442
51.4959687308998 -0.145217671565016
51.4956431835796 -0.145273172554466
51.495299867119 -0.144887289852133
51.4952481014724 -0.144928114115854
51.4950012782931 -0.145135310120511
51.4947805027737 -0.145096641123885
51.4942903410449 -0.144713996984826
51.4939939748369 -0.145244613963274
51.4937496524166 -0.145723700860492
51.493609774519 -0.145650152569958
51.4935572494253 -0.145665705767786
51.4929578259762 -0.145815218286655
51.4925851591591 -0.146427298275811
51.4925603252269 -0.146579505076452
51.4924756061441 -0.147026799284208
51.4923167541444 -0.147208906335603
51.4922535807464 -0.147227620757215
51.4921203676997 -0.147365334686124
51.4920291127784 -0.147376279239479
51.4919429583848 -0.147391411560005
51.4914382625757 -0.147653214085736
51.4911499725628 -0.148126797409146
51.4908970415688 -0.148078492918006
51.4907246895407 -0.14819712015036
51.4905465990189 -0.148424890059008
51.4900702455362 -0.148369483889551
51.4897983711526 -0.148237384459077
51.4897892295129 -0.148227778427546
51.4896459982825 -0.148209353346463
51.4894066464611 -0.148337817125911
51.4888826598034 -0.148197882163762
51.4887722939116 -0.148268149208015
51.4883436609298 -0.148280051863813
51.4880132925237 -0.1477002184374
51.4877312011114 -0.147695380077641
51.4872207894505 -0.147225465937927
51.4871926838875 -0.147227555287958
51.4866721239733 -0.147247705941921
51.4864502385626 -0.147759047282178
51.4855254903425 -0.147972753141319
51.4855816614116 -0.149435213694701
51.4856040813096 -0.150018585729085
51.4855051251704 -0.150584305447054
51.4854100672556 -0.151078136669108
51.4850622267591 -0.152885281711713
51.4849696524832 -0.153366177390592
51.4853213299523 -0.153628195006591
51.4858812989332 -0.154141168836201
51.4877678997559 -0.154064979986907
51.4878458355818 -0.154081665653163
51.4881706734378 -0.154831952817468
51.4889090815662 -0.155138840007505
51.489064935076 -0.155388249963773
51.4891692893177 -0.155512779784723
51.489684390662 -0.156351742739787
51.4897032172847 -0.156817379692262
51.4898369024687 -0.156892037204862
51.4900621131267 -0.157264673764187
51.4900063581444 -0.157532485614394
51.4902273357073 -0.158219557228058
51.4905031441996 -0.158041928693685
51.4911590277423 -0.158235100323213
51.4911870970918 -0.158305112611887
51.4916329262781 -0.158191772551408
51.4917282131214 -0.158225701768758
51.4918901791976 -0.15852703201474
51.4922027177199 -0.158810658279053
51.4918126346094 -0.159399924293682
51.4918152463485 -0.159566337504385
51.492237721856 -0.159843762055135
51.4924159571361 -0.159755581545592
51.4924837521477 -0.159412564665712
51.4923539072446 -0.158757770253444
51.4924050167475 -0.158640500656867
51.4929616720863 -0.158835073012554
51.4930201200746 -0.1586985022128
51.4930246864811 -0.158651520793016
51.4928667574827 -0.157971841090533
51.4931257188485 -0.157843458694805
51.493189064849 -0.157366396438819
51.4933155215499 -0.157164129320578
51.4932037685261 -0.15696339153535
51.4932167433168 -0.156124549160128
51.4932457698283 -0.156083825617819
51.4932614945604 -0.156031879954433
51.4936463164832 -0.156166723215289
51.4937866266354 -0.156348254723298
51.4938033103022 -0.156443078532376
51.4940334668694 -0.156569793889817
51.4941942223983 -0.156141883565758
51.4942704335351 -0.156128949808291
51.4943339635038 -0.156081369224557
51.4944467258171 -0.155803033602917
51.4944135972109 -0.155697232081112
51.4944961565434 -0.155373434020385
51.4946171905598 -0.155283858457742
51.4946566389917 -0.155077014971456
51.4899562358944 -0.156328187333084
51.4901023780731 -0.156583343183549
51.4899569121011 -0.156731493640131
51.489811806235 -0.156342089750122
51.4898179904381 -0.156340890147305
51.4899562358944 -0.156328187333084
7 4
51.4973022717136 -0.144079373564605
51.4973158757193 -0.144086898470909
51.4973172101953 -0.144086012759985
51.497404460157 -0.143623238943988
51.4971519777478 -0.143739691830787
51.4971287145939 -0.143900047862833
51.4973022717136 -0.144079373564605
