207 8
51.4974359518657 -0.149723327285338
51.4977576650866 -0.150672835422649
51.4977603042224 -0.15068627039344
51.4977557747536 -0.150729692417886
51.4976760325167 -0.150826524376584
51.497483590779 -0.150834312781391
51.4973397778226 -0.151052642164382
51.497435318731 -0.151279341112701
51.4974347700279 -0.151358594095145
51.497327761968 -0.151470900524339
51.4970042175996 -0.15156238860059
51.4970452700239 -0.15180566407448
51.4968595162525 -0.152158011298374
51.4967993773428 -0.152232427171833
51.4967850643837 -0.152231224206516
51.4966315312732 -0.152414778522639
51.496547349859 -0.152503826014754
51.4959045526368 -0.151960727651527
51.4958779683226 -0.152002307741705
51.4961644015274 -0.153070346153895
51.496166753223 -0.153219680680544
51.4960561504176 -0.153549141639944
51.4959889349418 -0.153568131062444
51.4952121256235 -0.153049327173861
51.4952072234514 -0.153057721203016
51.4954928745368 -0.153968158811852
51.495422136552 -0.154437352768973
51.4952270737163 -0.154512817568102
51.4951792630139 -0.154845196870665
51.4947814480446 -0.154770275135115
51.4947800082417 -0.154838750452515
51.4946566389917 -0.155077014971456
51.4946171905598 -0.155283858457742
51.4944961565434 -0.155373434020385
51.4944135972109 -0.155697232081112
51.4944467258171 -0.155803033602917
51.4943339635038 -0.156081369224557
51.4942704335351 -0.156128949808291
51.4941942223983 -0.156141883565758
51.4940334668694 -0.156569793889817
51.4938033103022 -0.156443078532376
51.4937866266354 -0.156348254723298
51.4936463164832 -0.156166723215289
51.4932614945604 -0.156031879954433
51.4932457698283 -0.156083825617819
51.4932167433168 -0.156124549160128
51.4932037685261 -0.15696339153535
51.4933155215499 -0.157164129320578
51.493189064849 -0.157366396438819
51.4931257188485 -0.157843458694805
51.4928667574827 -0.157971841090533
51.4930246864811 -0.158651520793016
51.4930201200746 -0.1586985022128
51.493476993446 -0.158767512792337
51.4934202512014 -0.159316288419411
51.4938436433975 -0.158987681237437
51.493748076354 -0.158758371974933
51.4939067213502 -0.158642110597896
51.4940898080538 -0.158679749919416
51.4941880932855 -0.158343566857611
51.4943076459336 -0.158703398735889
51.494199879656 -0.159168719475566
51.4940714440987 -0.159147762206868
51.4940090188966 -0.159197075386329
51.4939802440756 -0.159288267999714
51.4942543305977 -0.15993454699234
51.4941040158939 -0.160043223904883
51.4940877888445 -0.160699412714047
51.4936999082014 -0.160604205965548
51.4936802591578 -0.16062388239698
51.4939878739748 -0.161476795686229
51.4938827646285 -0.16161334255493
51.4938337864319 -0.161924133806011
51.4938478194145 -0.16193615974885
51.4944135863948 -0.161978255833886
51.4946437623092 -0.162232806422796
51.4946654484383 -0.162228370878487
51.4947298868796 -0.16229597804479
51.4948448447083 -0.162627264345948
51.4947679498153 -0.162894997320895
51.4948431914632 -0.163750038053956
51.4948717235698 -0.163803886608875
51.4948717793269 -0.163807447766107
51.4948341759727 -0.164179076723921
51.4949135099456 -0.164233497777669
51.4954146463628 -0.164189964885962
51.4955632327679 -0.16454497292563
51.4958514384762 -0.164377672326156
51.4958749541621 -0.16420294881084
51.4963600474918 -0.16384670732474
51.4964667234656 -0.164235001930541
51.496667003404 -0.16434312671211
51.4968154845008 -0.163864397375095
51.497180706018 -0.163580551915874
51.4971933818769 -0.163540367939246
51.4971969687517 -0.163516822936191
51.497194046028 -0.163473702316241
51.4974563961664 -0.16296437216767
51.4974266904944 -0.162870062085179
51.4976178513579 -0.161868246783211
51.4977749741046 -0.162107815876509
51.4981020536303 -0.161977533745406
51.4982414055252 -0.161501999685136
51.4982261411794 -0.161382756118327
51.4987458790668 -0.161442024163194
51.4989067461823 -0.162562990864421
51.4989495017378 -0.162600828640774
51.4989752608378 -0.162965430232843
51.499100043117 -0.163459216134324
51.4991819203634 -0.16362437074024
51.4991872576426 -0.16363223401442
51.4993494273205 -0.163849875534455
51.4999840176463 -0.163395765644867
51.5000703084787 -0.163027600855207
51.5003598608358 -0.162751284950205
51.5000485462853 -0.162000081308434
51.4999414700524 -0.162051312303835
51.4996732760251 -0.161688380398744
51.4993142716054 -0.162053141556186
51.4993058738341 -0.161786911284978
51.4996250186705 -0.161001445410481
51.4996597274856 -0.16104780287532
51.5000456012894 -0.161032271015479
51.5000452229627 -0.160612589064216
51.5001191000472 -0.160628502894763
51.5004744499158 -0.160747483651452
51.5004934604101 -0.160549519288038
51.5005500136798 -0.160441039787898
51.5007170200637 -0.160147068444814
51.5007606680522 -0.160270402101932
51.5006945160136 -0.16082154306777
51.5009579462228 -0.160891956776261
51.5009756261037 -0.160895759297133
51.5010015771489 -0.160876657633979
51.5010247844486 -0.160877505331114
51.5011499316924 -0.160390748320283
51.5013520737427 -0.160542865498296
51.5016091324063 -0.160293019394162
51.5018838040309 -0.160461105980458
51.5018083945055 -0.161155784516937
51.5014785529694 -0.161293322804278
51.5013791561768 -0.161329754860333
51.5012807777809 -0.161614668320495
51.5009238603815 -0.162003593586445
51.5008723272706 -0.162231734792875
51.5010989676382 -0.162518895371522
51.5011039115794 -0.162530338546856
51.5014396470791 -0.16269431779496
51.501621737298 -0.163184993710685
51.5017262939146 -0.163231160073678
51.5018438270215 -0.163543387788333
51.5018500243336 -0.163560245585385
51.5022121290103 -0.163123358708638
51.5024111732981 -0.162934423592899
51.5025490816485 -0.162837045484056
51.5052132679131 -0.162580317371129
51.5053670514759 -0.16195276943582
51.5055837872559 -0.16136129572902
51.5059824526593 -0.160464518105773
51.5062775356803 -0.159905040536301
51.506162165879 -0.159112596197608
51.5060900136454 -0.158359046001118
51.5059568991346 -0.157959987683273
51.5056828050013 -0.157050634397726
51.5053061701746 -0.155909480005822
51.5052546140235 -0.155815208875343
51.5049974280457 -0.155576098859495
51.5049203550529 -0.155419891824172
51.5033735054747 -0.153714576857454
51.5025703032391 -0.151275045969333
51.5025406550849 -0.150261336791264
51.5023938918174 -0.149927749843069
51.5022373057756 -0.149245174140767
51.5021662531898 -0.148867182701108
51.5021358782031 -0.148719795921789
51.5020760467099 -0.148261162033729
51.5020318604273 -0.147996368614786
51.5018864881136 -0.147034173685849
51.5018735539565 -0.146852817967714
51.5018726178182 -0.146844777651414
51.501804279575 -0.146019051002998
51.5014744599114 -0.145918034097679
51.5007691342036 -0.14644286793554
51.4998252859516 -0.146784558439659
51.4988281399231 -0.146546797614188
51.498812333174 -0.146542093279135
51.4983278833714 -0.146873210996272
51.4979141661345 -0.147260134550444
51.4979621138145 -0.147449914430642
51.4982784323369 -0.147845960665167
51.4983123226714 -0.147891389731762
51.4984828018494 -0.148126690894653
51.4983124175612 -0.148609109673235
51.4981630431241 -0.148662796755585
51.4983501654233 -0.149360347209338
51.4981495795614 -0.149330578271323
51.4977731201611 -0.14891724067039
51.497681094998 -0.148987608701002
51.49741366145 -0.149700828957848
51.4974359518657 -0.149723327285338
51.4987774331552 -0.160765432542321
51.4989536809734 -0.160923100089475
51.4989453168484 -0.16119808054557
51.4988951980763 -0.161218153786277
51.49878951649 -0.161249372383712
51.4986763191938 -0.160812742444825
51.4987774331552 -0.160765432542321
9 4
51.5011453979253 -0.162997915183078
51.5011057731428 -0.162557349198993
51.5009619095208 -0.162911563362822
51.5009495156541 -0.162923822520782
51.5009463502396 -0.162945570631497
51.5006923759715 -0.16326643223621
51.5008935897154 -0.163767144208992
51.5011916925706 -0.163307656561258
51.5011453979253 -0.162997915183078
