179 4
51.5077073538502 -0.128742864530609
51.5076286384799 -0.129162174889758
51.5076447707903 -0.129283060490407
51.5075960524133 -0.129627357749826
51.5075740461776 -0.129684932954959
51.5072298892381 -0.129796333351951
51.5071170111365 -0.130181986327546
51.5071111924458 -0.130194818633569
51.5070261806812 -0.130230734490028
51.5068404792007 -0.129933822379492
51.5065638936655 -0.129417388653741
51.5058675034698 -0.129364880120467
51.5058005306177 -0.129427027354355
51.5057761273617 -0.129447036136998
51.5052878363403 -0.129844365082684
51.5052732027738 -0.129851261015403
51.5048126196122 -0.130063772400168
51.5047767906008 -0.130427241625577
51.5044599378784 -0.131462292537405
51.5044266154727 -0.131560125497707
51.5041259960058 -0.132305445484572
51.5029864883451 -0.133862239544931
51.5029169975948 -0.134930488351252
51.5028849200056 -0.135078517489798
51.5040188034091 -0.136106571838633
51.504945480213 -0.136439910850702
51.5051861363966 -0.13654711766867
51.5052603442234 -0.137262756023741
51.505269242474 -0.13737585419647
51.5052028536194 -0.137492022238856
51.5055421319175 -0.137922173873766
51.5056061221475 -0.137909704163959
51.5056540760235 -0.13736289406645
51.5057539693259 -0.13743176907353
51.5057970790131 -0.137961323887655
51.5059603206526 -0.137954669239079
51.5061121626672 -0.138328551018221
51.506130144141 -0.138311660025877
51.5063264083672 -0.138374827850481
51.5064436824689 -0.138485294178199
51.5064680810868 -0.138651822585843
51.506468345564 -0.138657158279464
51.5064669683331 -0.138678006235837
51.5067233848798 -0.138809773932909
51.5067801829717 -0.138627341598514
51.5068378651831 -0.138523288321034
51.5069811980015 -0.138468733974571
51.5070510253508 -0.138693769485123
51.5071090165233 -0.138909426548775
51.5073175950496 -0.138961165664493
51.5073004388301 -0.139251054660399
51.5073278125579 -0.139344514382532
51.507312014169 -0.139482030151729
51.5073707042665 -0.139758849548909
51.5075223348858 -0.139722970555362
51.507560364264 -0.139762768670298
51.5076873634948 -0.139709951890516
51.5077389754671 -0.139631214857171
51.5077971903388 -0.139379334427141
51.507758782358 -0.139151350751928
51.5077873247399 -0.139086147177336
51.5079487018597 -0.139148959608709
51.5080413282675 -0.139145185761005
51.5080521257259 -0.139123121586772
51.5081082355557 -0.138959603884142
51.5081120071094 -0.138942340880861
51.5080061929003 -0.138471988675348
51.5080361974998 -0.138396981920378
51.508128593364 -0.13832204586494
51.5081456774832 -0.138027758007572
51.5083110339159 -0.137837209576153
51.5083992697536 -0.137641843786686
51.5083572437571 -0.137299468018633
51.5085273535777 -0.137238469062757
51.5086558440058 -0.136911711904594
51.5087585810401 -0.136921897770366
51.5088419654741 -0.136483508417919
51.5087668634898 -0.136379400267774
51.50864755245 -0.136265333673632
51.5087191526286 -0.136047235444001
51.5087499818577 -0.136007243086385
51.5088206435296 -0.13575840874812
51.5088342405115 -0.135737179642285
51.508923080552 -0.135749712403797
51.5089642741747 -0.135988516578688
51.5091077579326 -0.136215067311685
51.5091623392785 -0.136249792172334
51.5092071772242 -0.136157898655694
51.5092520703443 -0.136131708926141
51.5093051271403 -0.136042212487467
51.5093839571224 -0.135866114876091
51.5092796864623 -0.135680262298451
51.5092104747779 -0.13556783442084
51.5092464896394 -0.13548081540491
51.5092492158833 -0.135335627616917
51.5092320539163 -0.135319218554338
51.5091468745839 -0.135276832724899
51.5091102580523 -0.135122439310728
51.509219322985 -0.135061309863417
51.5092206989219 -0.135063035943815
51.509287522423 -0.135104388698699
51.5093260610666 -0.135147847052069
51.5093622985379 -0.135103117617655
51.5094167131477 -0.134957719748353
51.5094428081211 -0.134942277107162
51.5095570434265 -0.134607058796036
51.5097887899479 -0.134594860330121
51.5097073041076 -0.134309933793903
51.5096265229017 -0.133984581090578
51.5094905860632 -0.13387666361788
51.5094862412994 -0.133671404123349
51.5094862568258 -0.13358763651139
51.5096904878393 -0.133716288452203
51.5097478450299 -0.133885875811652
51.5097542569071 -0.133882049245767
51.5097145759066 -0.133699025909348
51.5098086315012 -0.13327099763579
51.5100435406316 -0.133502719009554
51.5100569884381 -0.133500387107449
51.510151906871 -0.133431632034793
51.5101595455635 -0.133408862822061
51.5100321210926 -0.132807852038346
51.5100522220875 -0.132777325243516
51.5101700326101 -0.132565404897303
51.5102392510546 -0.132525621402675
51.5102903706994 -0.132500955163803
51.5102838428327 -0.132457971436674
51.5100720704894 -0.132070366765744
51.5099160423005 -0.132083996408591
51.5098626767841 -0.132086179069809
51.5099843601313 -0.132343318500219
51.5099850220196 -0.132526036168566
51.5099534594841 -0.132525544486766
51.5097225941792 -0.132288197508877
51.5097228533276 -0.132281889501526
51.5098134335651 -0.132081895700193
51.5097904696909 -0.131842344814579
51.5099274364121 -0.131659225655177
51.509929715531 -0.131655567829548
51.5098464384812 -0.131523877028675
51.5098322558779 -0.131508297843213
51.509831360294 -0.131502868794466
51.5098466332482 -0.131502243933465
51.5098987099341 -0.131074977088432
51.5098999677065 -0.131074925617405
51.5099762656654 -0.130847590497973
51.5097677883524 -0.130621930281774
51.5097341114925 -0.130646716107584
51.5097224067906 -0.130662522858303
51.5098872538187 -0.13107817874793
51.5097663263457 -0.131128159826085
51.5095460788344 -0.130948013303203
51.5095400878783 -0.130950040759667
51.5094438144775 -0.130967525987575
51.5093014426922 -0.131234514281242
51.509271831846 -0.131441162018632
51.5092405322819 -0.131468463688156
51.5092317203317 -0.1314796366272
51.5091251870554 -0.131524630743478
51.5089689141526 -0.131776856615316
51.5087912860709 -0.131484229393342
51.5089411413141 -0.13134835033505
51.5089151936205 -0.131006268607594
51.508925881742 -0.130988721577177
51.5089364723769 -0.130959415643228
51.5089216205996 -0.130873643485684
51.5090493378094 -0.130403603256324
51.5089870777689 -0.13029897884175
51.5087663126943 -0.130605295559504
51.5084705712198 -0.130573200967653
51.5087397790899 -0.129239991616522
51.5087260999239 -0.129165816350872
51.5087365530253 -0.129054651164698
51.5086544667539 -0.128665325894835
51.508364565196 -0.128126018615571
51.5079842950673 -0.127968609682897
51.5079362088246 -0.128070622394622
51.5078400045121 -0.128295203326748
51.5077073538502 -0.128742864530609
5 4
51.5085392597592 -0.137591935987414
51.5086202623155 -0.137535522099748
51.5086179972153 -0.137500444905848
51.5085728445081 -0.13737444023
51.5085392597592 -0.137591935987414
4 4
51.5088931498993 -0.13625352930816
51.5087798984533 -0.136368056078959
51.5089138943525 -0.136286070323047
51.5088931498993 -0.13625352930816
