51.4387775576325 -0.106748107486706
51.4387222796726 -0.106921346198038
51.4385790527286 -0.107404772239226
51.4385385491792 -0.107463035101214
51.4385320959567 -0.107464250912508
51.4379570571099 -0.107946654048309
51.4377622828717 -0.108355798859956
51.4369253432296 -0.108926346156117
51.4369238982262 -0.108937082558374
51.437279831294 -0.110298267186651
51.437295612157 -0.110468563492902
51.4371527286812 -0.111063461835345
51.4365409017757 -0.111975336000255
51.437041522417 -0.113324283431378
51.4370848365754 -0.113960019686729
51.4368580376904 -0.114872254442544
51.4371722445763 -0.115470741920226
51.4371726303641 -0.115477962522447
51.4365768521115 -0.117239807762622
51.4370146977057 -0.118109397073096
51.4370077384068 -0.118129494360076
51.4366372577366 -0.118543908204881
51.4366635545549 -0.119342271543999
51.4364928881873 -0.119564236734426
51.4360938116393 -0.11979913778616
51.4360531880941 -0.119799856781887
51.4359562315706 -0.120122234312702
51.4367178549731 -0.120889462164648
51.4367827924762 -0.121435341121381
51.4367656365264 -0.121475548636924
51.4375346780812 -0.122616672116391
51.4372573529732 -0.12336450340684
51.4375644214371 -0.124328613188725
51.4375249371065 -0.124484807578483
51.4376312866121 -0.125440064630545
51.4381367197427 -0.125800659193079
51.4380918795332 -0.126656771121595
51.4378373656168 -0.126853318286869
51.4378007060312 -0.12714712790678
51.4381320875368 -0.127744178198876
51.4381121141309 -0.128131620070371
51.4385103433433 -0.128540761624757
51.4386675556408 -0.129406655284426
51.4386083626112 -0.129539452693842
51.4389423511429 -0.131061778445087
51.4388093708312 -0.131545660716988
51.4392631465056 -0.132581105075055
51.4391805373378 -0.132931602585757
51.4392807716324 -0.133597452814472
51.439727451573 -0.134346352244082
51.4397601384125 -0.134767724813062
51.4397654049224 -0.134793610457762
51.4396531630554 -0.135372741731766
51.4399767866585 -0.136253497655263
51.4403793975665 -0.136555535187573
51.4406257802031 -0.136870104774631
51.4408886126209 -0.137659873937419
51.4416201234748 -0.13677114935554
51.4417241607249 -0.136060044428618
51.4423115012 -0.135546962944009
51.4423121634454 -0.135481207284673
51.4419477359384 -0.134674921537054
51.442531737872 -0.13453426188558
51.4426421239247 -0.13402516790068
51.4427564234365 -0.133891897942477
51.442714951865 -0.133421500291837
51.442858968301 -0.133048658475436
51.4431262169097 -0.132855163611391
51.4433126401208 -0.132272006146934
51.4435151749975 -0.132220555489662
51.4438364250788 -0.132550103397021
51.4441396286291 -0.132576414135675
51.4441785203042 -0.132506485960599
51.4443276237041 -0.131556074965858
51.4443897713226 -0.131501332685284
51.4449592178624 -0.131688575768582
51.4451427978629 -0.131468816101261
51.4452656244861 -0.131425122058831
51.445350329496 -0.131319149269465
51.4459036450043 -0.131283984105457
51.4462014947434 -0.131425600220437
51.4462462671303 -0.131589295037354
51.4465740077179 -0.131558831007449
51.4470640568622 -0.131006298357854
51.4472251909783 -0.131183162153391
51.4475491625364 -0.13106290588275
51.4476616210559 -0.130735446231121
51.4478228871328 -0.130728860357848
51.4481299895382 -0.130977131058368
51.4481481810716 -0.130979117387278
51.4482439599472 -0.130986953636282
51.4483567609943 -0.130534407573734
51.4486084078867 -0.1305241292889
51.4487630981438 -0.130815530599691
51.4491632639849 -0.130574324452391
51.4492585668267 -0.13006754258843
51.4495240417548 -0.130236588991033
51.4497036958795 -0.130357049873665
51.4500908600666 -0.130140573189933
51.4500875198325 -0.130122791377093
51.449937918873 -0.129232043021247
51.4505657760187 -0.129293598187558
51.4506181845035 -0.129930113626422
51.4511614685791 -0.129829713044973
51.4511690105742 -0.129834744864655
51.4513576774738 -0.129657934252621
51.4515723570017 -0.129731041700665
51.4518374010195 -0.129642007677904
51.4518498321347 -0.129615392530071
51.4522763294837 -0.129762556774845
51.4524155626752 -0.129231514073193
51.4524254974349 -0.128963981397007
51.452431822187 -0.12895470388059
51.4527452939905 -0.128790700823783
51.4527792962164 -0.128752522487382
51.4530091477091 -0.128948188655296
51.4534770835127 -0.128914697279672
51.4536619030053 -0.128626478016771
51.4544338053953 -0.128053277170766
51.4545156804742 -0.128744417559503
51.4551818939442 -0.128792771714182
51.4547067103513 -0.127612149814203
51.4555555793312 -0.128295300895767
51.4555857579951 -0.128372394221823
51.4559615614077 -0.128294835078944
51.4561248408735 -0.128667812901144
51.4562363760868 -0.128885539308303
51.4566537153016 -0.128335001727831
51.4566819135399 -0.128349988951644
51.4570259962138 -0.129320976095451
51.457192442719 -0.128343466659423
51.4576238166388 -0.128131536050853
51.4576992530601 -0.128216632062569
51.4585411382626 -0.127905059270395
51.4586662599325 -0.127982664154718
51.4586811900192 -0.128090057940241
51.4590288921234 -0.128814542353009
51.4595489792402 -0.128866146835702
51.4598087483027 -0.129274733792022
51.4601351922491 -0.129298298624235
51.4601824740577 -0.129258503151185
51.46030266794 -0.128672479246998
51.4600008795321 -0.128177305129369
51.460090930308 -0.128000926852194
51.4605476485604 -0.127771681009943
51.4605635110155 -0.127740409525199
51.4605145035821 -0.127610193060373
51.4604781720954 -0.126782147836032
51.4607824223012 -0.126676992236623
51.4609330077349 -0.126075228340818
51.4609185551387 -0.126014693800781
51.460915622262 -0.125651259548243
51.4613894873663 -0.125117190487021
51.461578189846 -0.125145421426781
51.4615129939959 -0.126117109498799
51.462096244179 -0.126093219325011
51.4621872230373 -0.125913229818171
51.4617569495104 -0.12499601836256
51.4617578941342 -0.124993249674995
51.4618057564543 -0.124321019719253
51.4617933958656 -0.124262060521875
51.461791049254 -0.124255865923265
51.4617794946614 -0.124202333662483
51.4616050225956 -0.123911683899583
51.4615046808969 -0.123439005637315
51.4607851032096 -0.123735696470277
51.4607553851183 -0.123614543907913
51.4610355022426 -0.12313077738744
51.4610076042533 -0.122387838329753
51.4613673283759 -0.122373074891645
51.4614233468001 -0.122317601066062
51.4614139722983 -0.121732351552292
51.4612785353953 -0.121476905474433
51.4612421963054 -0.121049321761171
51.4610748151795 -0.120898690832544
51.4609747505401 -0.120488920090741
51.4609944863026 -0.120172268439289
51.461099782651 -0.119921416906843
51.4606063061218 -0.118687600915868
51.460834734821 -0.118491030119766
51.4609306199791 -0.118197358603202
51.4612445075085 -0.117813768662273
51.4612630386202 -0.117797694840203
51.4613811144552 -0.117273671249462
51.4612859258083 -0.117129103157225
51.4612159823643 -0.116351099344464
51.4611596861175 -0.116243626164929
51.4608535504618 -0.115928759353603
51.4608162590771 -0.115840326422562
51.4608706338921 -0.115749898698038
51.4613591945475 -0.115355417247982
51.4613624154701 -0.115354453707197
51.4614458095334 -0.11460870726427
51.4612716442383 -0.114394521720501
51.4612499605785 -0.114320757344514
51.4609427423267 -0.11442516928007
51.4609173899903 -0.114246276433456
51.4609462520862 -0.114045327276236
51.4609834609731 -0.113994417285664
51.4612911261218 -0.114023988788605
51.4613077406143 -0.114034104977268
51.4613093424834 -0.114033089394495
51.4613234220432 -0.11391915669215
51.461299681507 -0.113695211362469
51.4613071212721 -0.113537398391201
51.461421293511 -0.113375302600336
51.4613865437508 -0.113316439237675
51.4613520623117 -0.113045222076934
51.4615097953763 -0.112657233763766
51.4614247185764 -0.112521278338359
51.4614707167542 -0.112139678788186
51.4611603730098 -0.111971715557513
51.4611040508425 -0.111767988918426
51.4610962978565 -0.111761068638392
51.4608642402621 -0.111686968233367
51.460811119138 -0.111737824578619
51.4604762114751 -0.111635567059651
51.4604195951033 -0.111586629305284
51.4605941994806 -0.110778609762706
51.4605736260986 -0.110584211636131
51.4599568302218 -0.110490044198652
51.4599562625041 -0.110488287294995
51.4591929855187 -0.110141075964245
51.4591063759819 -0.110373127442819
51.4589626712724 -0.110470807886871
51.4585807631197 -0.109973735772834
51.4587872230662 -0.109502802695322
51.4587467556638 -0.109407270221096
51.4581150634551 -0.109621488123154
51.4581112673328 -0.109636955356041
51.4577745506945 -0.109667957293092
51.4576112419625 -0.109492049643342
51.4576010616334 -0.108860834518604
51.4581420885267 -0.109084151342408
51.4581816400256 -0.108983533144174
51.4579660812487 -0.1082493561278
51.4575073069004 -0.108649773401302
51.45746074035 -0.108622027382679
51.4573906331846 -0.108684267043687
51.4569797225256 -0.108635620522064
51.4567951211655 -0.109201886384014
51.4565773450148 -0.109327786476232
51.4564641979519 -0.109034691147139
51.4560343997818 -0.108712434992833
51.4555709127088 -0.108759481237634
51.4556455406049 -0.109295198716036
51.4555499174515 -0.109731970536803
51.4552085672537 -0.110306467378607
51.4544503694273 -0.110508670464714
51.4544374763435 -0.110484043586035
51.4535307631807 -0.109983535734717
51.4532630892015 -0.10989739792306
51.4516611296619 -0.108079103847912
51.4516258371785 -0.107964505115457
51.4510407908171 -0.1070918073153
51.4506690192943 -0.10666111845286
51.4501871278341 -0.106325652870261
51.4501543523163 -0.106355844489077
51.4492574392052 -0.106991960722198
51.4487648852168 -0.107777814573466
51.4479990176891 -0.108256583522772
51.4479960816505 -0.108258484755395
51.4472206293077 -0.109246671690638
51.4465043963481 -0.109598168257289
51.4457695685503 -0.109443297509775
51.4455007762343 -0.109176396028097
51.4461455029026 -0.107457992546891
51.4463707016575 -0.107480125137316
51.4460822475372 -0.105400892006906
51.4460794912262 -0.105402785901657
51.4455380335522 -0.106182556380786
51.4454383625507 -0.106674103987525
51.4452225383144 -0.106737017263901
51.4447649915132 -0.107029430643633
51.4446237614229 -0.107820379614231
51.4444286104646 -0.108378862292003
51.4442779457391 -0.108390545968086
51.4434480809924 -0.10786185580395
51.4434373306187 -0.107858622078745
51.4432351885772 -0.10815659351058
51.4430743283046 -0.108193851842222
51.4421082055135 -0.1075223874235
51.4421280222624 -0.107129450513697
51.4421211048583 -0.107068516334107
51.4413664668288 -0.106583507591656
51.4412663361551 -0.106389873201392
51.4408141478672 -0.10703630233865
51.4406860607666 -0.107076597078428
51.44026051235 -0.106750731535094
51.4402004552609 -0.10657240946615
51.4400980742879 -0.106679147181942
51.4397735821362 -0.107572976122438
51.439677966553 -0.107480713244037
51.4395915706346 -0.107018514704834
51.439472132534 -0.106892952254016
51.4394607344007 -0.106899711293557
51.4391743693693 -0.106819845907603
51.4393613030377 -0.106181681349201
51.4390976197176 -0.105780802588908
51.4388193148362 -0.106194252501086
51.4387775576325 -0.106748107486706
