51.4045589967707 -0.205598169382489
51.4038157530835 -0.206529372842485
51.4030880424985 -0.204822752057286
51.40254105524 -0.20682283569322
51.4035905520053 -0.20705218280323
51.4035908143116 -0.207133966868447
51.403414538972 -0.208234410493304
51.4028394642783 -0.208676518462586
51.4031118246427 -0.209844887991684
51.403765787882 -0.210117606794389
51.4031717730342 -0.211669269616422
51.403889474493 -0.212219172265384
51.4039060397967 -0.213812577092116
51.4030944777898 -0.213597985339557
51.4028437723684 -0.2137884094539
51.4026448800132 -0.214110644665688
51.4023993532144 -0.214363688172403
51.4023969476178 -0.214371012759334
51.4023604658874 -0.215133455281711
51.4018903979845 -0.216410153699234
51.4017830078997 -0.217369982053329
51.4008349561484 -0.216480014269527
51.4004739728491 -0.216524993109719
51.3991890123499 -0.219101103525217
51.3993107430742 -0.219687253951382
51.3983027265894 -0.220304928206384
51.3968297967663 -0.218807401444605
51.3963045497264 -0.220804299955911
51.3959705551403 -0.220779567739438
51.3954728346429 -0.220972748468622
51.3951717384854 -0.221320789870885
51.3950743679433 -0.221663771320171
51.3946663373262 -0.222240189099769
51.3944835446701 -0.223400343382827
51.3941627443703 -0.223285245229889
51.3929084659425 -0.223463607980207
51.3928260436212 -0.223286777154588
51.3929158442362 -0.221656329050111
51.3928537207088 -0.221419219975812
51.3928226698581 -0.221227364068967
51.3925971230228 -0.221056444429847
51.3920683258843 -0.220931776573585
51.3917026877815 -0.220990045322533
51.3911100773375 -0.222021432125319
51.3911849643717 -0.222584415419905
51.3913056495584 -0.222853734972046
51.3915891005092 -0.223013527081996
51.3920917148684 -0.223605341854168
51.391558837404 -0.225792363482022
51.3918231229282 -0.22691357239485
51.3920634875171 -0.227470295587577
51.3928393662038 -0.230560319884269
51.3931803300032 -0.230457330958051
51.3935099755538 -0.230158514496703
51.3936752367468 -0.230112552634689
51.3953025389414 -0.230465284918914
51.3956043314019 -0.230405638919639
51.3958462830327 -0.230276713880213
51.3970933121531 -0.230088018274431
51.3976353471566 -0.231429681263269
51.3981339600179 -0.231294530430352
51.3983787760042 -0.23150424709938
51.3981797237445 -0.232921697576599
51.398264195285 -0.233092323509869
51.3985653062546 -0.233285539377784
51.3988106633471 -0.23309011298423
51.3991779555801 -0.23231854879739
51.3996755525634 -0.232497433144695
51.3995272518377 -0.233417858135742
51.3996333750129 -0.233802317084263
51.399666657363 -0.233809569406813
51.4008650878268 -0.233068435371191
51.4009382023306 -0.233827562485708
51.4009350608376 -0.233905442616572
51.401807648185 -0.235034565925539
51.4018363312151 -0.235297563474126
51.4017800674139 -0.235585048536763
51.4021941360735 -0.236378731810946
51.4024212492201 -0.237838694503261
51.4024994103946 -0.237871133682222
51.4029604018083 -0.241694836295572
51.403233289566 -0.241883401288544
51.4043283581941 -0.243922090070319
51.4051277540988 -0.244120618763353
51.405161392651 -0.244151693453561
51.4059640792805 -0.244479913553765
51.4075962813018 -0.248426371976088
51.4076420580482 -0.248944949293374
51.4078485137721 -0.249339194404775
51.408421128261 -0.249691246231815
51.4107072293602 -0.247059644450114
51.4116228128068 -0.247032690125412
51.4116758098803 -0.246999718294015
51.4119436593504 -0.247976278203682
51.4120574501233 -0.25024349255041
51.4112577334302 -0.253482064783434
51.4113505340889 -0.253785366890411
51.4119817085838 -0.254152816728746
51.4131452489083 -0.254452693581066
51.413826621807 -0.25327769664213
51.4138804831755 -0.25327244249339
51.4163151316161 -0.252288910947242
51.4164016561641 -0.251815461152823
51.4177459664172 -0.251764176335439
51.4184465037268 -0.249724904198692
51.4200473824125 -0.249131664745225
51.4205838626665 -0.249363752557848
51.4198464348078 -0.253016208371724
51.4198972798491 -0.253279068015828
51.4236330966647 -0.257129452767846
51.424816212185 -0.253942815087756
51.4248548993777 -0.253721580569412
51.4222636964847 -0.24866392376763
51.4230267111635 -0.244585898916742
51.4235036082155 -0.243318480744774
51.4224122038715 -0.239924991358876
51.4223671662036 -0.239027330092174
51.4223465879024 -0.238920203587968
51.4222382485832 -0.236772783523602
51.4230814128901 -0.234204706561256
51.4216792396457 -0.232295506773349
51.4216428323492 -0.230472540083287
51.4211629087694 -0.229719781054688
51.4205973586808 -0.229160915358738
51.4201085002945 -0.229179808807024
51.419857761761 -0.230923557047418
51.419099328962 -0.230897105147337
51.4186897224244 -0.230675163924294
51.418692886551 -0.230652511310281
51.4185095576441 -0.229222272507906
51.4185768322042 -0.228546014190405
51.4186116895383 -0.228502807511565
51.4186771952567 -0.22791199347765
51.4185437948118 -0.227413302209239
51.4178813472469 -0.227379163903141
51.417781171146 -0.22729410487979
51.4179186145743 -0.226924749347219
51.4188305151793 -0.226286238613466
51.4188606694667 -0.226229337948848
51.4184310653533 -0.225654961919773
51.4186810102084 -0.224783790300377
51.4191097065992 -0.224840821394277
51.4190227864664 -0.224248194652991
51.4188591918461 -0.223858115653003
51.4188549992572 -0.223670444643737
51.4182018655354 -0.223764540090988
51.4180101784613 -0.222440795961834
51.417997598122 -0.222447094374863
51.4171323150197 -0.222050105031428
51.4169605922891 -0.221598823737269
51.4167093108003 -0.221645452800344
51.4163340787198 -0.221249151092304
51.4162818455816 -0.221012131055151
51.4160705422923 -0.22070753413351
51.4158653288823 -0.22073305086601
51.4156687467786 -0.220592822112936
51.415541992528 -0.220403639436432
51.4154807693284 -0.220243690356788
51.4154778816344 -0.220242972492568
51.4152398167385 -0.220106136718234
51.4149360650639 -0.219497804133187
51.4147383057149 -0.219398536202538
51.4146847058557 -0.21930848905895
51.4146846842507 -0.219307067046005
51.4149724147147 -0.218281149648211
51.4145362401011 -0.217862597158367
51.4142221491405 -0.21829549693891
51.4138689055733 -0.218346934798407
51.4135610057146 -0.217844792972
51.414214075832 -0.216765666994622
51.4144443632774 -0.216893299497415
51.4153367947079 -0.216461712840499
51.4153943038787 -0.216329993033879
51.4154766597538 -0.21545053213947
51.4156831176357 -0.215069933927851
51.415682334993 -0.214682109900696
51.4156905669012 -0.214632343966492
51.4152080619878 -0.212679162919942
51.4151791898146 -0.212648748704757
51.4150616647915 -0.212794433173725
51.4148076238813 -0.212931093161856
51.4143562383253 -0.213314484025165
51.4143360443353 -0.213269503204234
51.4135755907097 -0.213010673800123
51.4134556017181 -0.213224743329273
51.4134090314863 -0.2132364000774
51.4129405147789 -0.213693243484371
51.4120190109992 -0.214039322843328
51.411996019804 -0.21402314550168
51.4119827033045 -0.213910317113573
51.4119228099612 -0.212764951901133
51.4121239487324 -0.211994975885113
51.4122621188829 -0.211629266965018
51.4121266445398 -0.210804957135781
51.4111614148764 -0.210518132154173
51.4110173754487 -0.209722160338971
51.4112566039433 -0.209186992247278
51.4109484592337 -0.208747905369145
51.4101789369476 -0.208737549593516
51.4101211010736 -0.208559125337226
51.4106708427643 -0.20778904600526
51.4104949400998 -0.20718569387035
51.4095603821519 -0.207423558999736
51.4090936322414 -0.206907121508822
51.4086489445772 -0.207039515753418
51.4083535531427 -0.207405193155291
51.4071969636281 -0.207133177312053
51.4070729038987 -0.207015802786991
51.406939478857 -0.206268814303063
51.4063737610384 -0.205512789855457
51.4054162053964 -0.205915990757484
51.4051272386641 -0.205491403935585
51.4046933327758 -0.205294532640027
51.4045589967707 -0.205598169382489
51.4030207255578 -0.237589241308123
51.4031634070459 -0.235445158849764
51.4041392139671 -0.235984908542919
51.4043724470399 -0.235539217898596
51.4051683332525 -0.235915673568667
51.405200764084 -0.236816206943324
51.4049108352126 -0.237096930002155
51.4043896077363 -0.238191693878316
51.4042586379353 -0.238557455627131
51.403401354492 -0.237690424786366
51.4030207255578 -0.237589241308123
