314 8
51.4863536337156 -0.17934623679568
51.4864866874536 -0.179184295482786
51.4865209616949 -0.179156803427682
51.4866663431663 -0.178735120321074
51.4867167656014 -0.178688101785461
51.4869910579163 -0.178717669217874
51.4870462197726 -0.178622720209162
51.4870958048025 -0.178278717039324
51.4869683704168 -0.177870632824539
51.4870460415788 -0.177390361390051
51.4869235003014 -0.177198938937442
51.4869038284354 -0.177182622126816
51.4865726991398 -0.177383108679165
51.4863939181555 -0.177084198827873
51.4864467176506 -0.176548276745207
51.4866608458672 -0.176483918211057
51.4866891649513 -0.175709433331846
51.4871138654003 -0.175600681798722
51.4871354700887 -0.175533195317392
51.4872157666049 -0.175482248786628
51.4875576535028 -0.174482887549667
51.4878135903876 -0.175094737862471
51.488209506745 -0.175308498117145
51.4881992349346 -0.175405224494146
51.4884010972684 -0.176101192751229
51.4887464184397 -0.176258432541456
51.4887536791077 -0.176274413472153
51.488627781226 -0.176959951802764
51.4886833188408 -0.177259396240341
51.4890027532913 -0.177058415461799
51.4891860298208 -0.176726995965951
51.4891927540236 -0.176604399808596
51.4890263743314 -0.176299518098194
51.4892004304707 -0.175907180589286
51.4892756509178 -0.175830425337882
51.4894282497139 -0.176318518399676
51.4895834396403 -0.176285366184841
51.4897579713373 -0.175883147186789
51.4898412950138 -0.175899655639466
51.4898446666026 -0.17589678944169
51.4900616173057 -0.175522683806386
51.4900691325342 -0.175468344695899
51.4903367471686 -0.175068696093405
51.4904304566337 -0.17466078603065
51.4904393707688 -0.174655916813951
51.4911419141628 -0.175226576991545
51.49123918371 -0.175209153401298
51.4914013736047 -0.174251086247695
51.4908246684538 -0.173615905820227
51.4911570405523 -0.172987750290261
51.4912874651376 -0.172951893518916
51.4913172229828 -0.172975051823962
51.491508683766 -0.173469799166821
51.4917597634768 -0.173180650757059
51.4919017402525 -0.173164998565377
51.4918768001094 -0.172597077641343
51.4918331572038 -0.172536705066584
51.4917902258403 -0.172383543389947
51.4916724415745 -0.172203682813465
51.4918232597894 -0.171797864710832
51.4919846201264 -0.17167620050544
51.4919914378375 -0.171629131457583
51.4921242094204 -0.171369052165077
51.4923295035826 -0.171314872299307
51.4924954967741 -0.170885039546953
51.4929338710214 -0.170782925804606
51.4929623741549 -0.170702562058839
51.4929541107883 -0.170512853099974
51.4930088109557 -0.170192821394923
51.4931448219695 -0.169823685292693
51.4936022447013 -0.169818906225246
51.4937017259018 -0.170006627749657
51.4939361264751 -0.170054847953302
51.4940617446558 -0.170091270963954
51.4942061290346 -0.169630806557095
51.4942666238305 -0.169555453590707
51.4945164774195 -0.169545445245948
51.4945863976505 -0.169578634503029
51.4946949891316 -0.169543639614693
51.4948874519746 -0.169836680657301
51.4951440049093 -0.169835432628202
51.4951956665046 -0.169787395369106
51.4953897034209 -0.170020036713435
51.4954130406548 -0.170300019731671
51.4956509686322 -0.17044182066194
51.4956766471452 -0.170428201632433
51.4956674510377 -0.169838817704732
51.4957888462689 -0.169598885504514
51.4959425986892 -0.169911539051568
51.4960189699281 -0.169903016278311
51.4960228804171 -0.169900127652453
51.4962176934829 -0.169802287279068
51.4961346172668 -0.169721041219666
51.4961210120776 -0.169730613698162
51.4961731516302 -0.169407929303548
51.4962721492413 -0.169368803286566
51.4964074053472 -0.169308506296409
51.4964414441593 -0.169202731457195
51.4969643210492 -0.169146620374403
51.4971055790243 -0.169436261365834
51.4972712188095 -0.169387337420893
51.4977874779647 -0.169563840543026
51.4977963020168 -0.169558973115783
51.4983090729425 -0.170053498548271
51.4984381249469 -0.169359471735016
51.4989048580276 -0.169749647277438
51.4989848004785 -0.169647373550116
51.4987007083078 -0.169070745045054
51.4986181673129 -0.169035327340898
51.4986260134595 -0.168582068105994
51.4984948017233 -0.168348679933348
51.4983922154416 -0.16819254612745
51.4979702101294 -0.168720965866262
51.4979532149773 -0.168720696731424
51.4978799742002 -0.168538204660574
51.4979841398085 -0.167937832524577
51.4975320960235 -0.167676927880746
51.4976650057616 -0.167299675338585
51.4977410952937 -0.167215610351735
51.4978708604709 -0.167356276350931
51.4979866766383 -0.167933335649713
51.4980848119362 -0.167873570200291
51.4982777151933 -0.167780188280345
51.4982797014431 -0.167475771895793
51.4982834107275 -0.16746576365841
51.4983158542612 -0.167217738006128
51.4984622883525 -0.166998399763965
51.4984390617194 -0.166823761207805
51.4987165473738 -0.166390329689408
51.4988045951692 -0.166415662119003
51.4989148822286 -0.166316678918045
51.4986977862367 -0.165506811006606
51.4987569925556 -0.165429714858814
51.4987895858981 -0.16528348221067
51.4988907334507 -0.165083059989385
51.4990325366505 -0.164941468386726
51.4991270478185 -0.165075351125409
51.499131215508 -0.165341750712341
51.4991868622322 -0.165801494846072
51.499406222339 -0.165692665783775
51.4994872004498 -0.165375210030876
51.4995072140539 -0.1653500540195
51.4994590504845 -0.164937760944571
51.499584331476 -0.164332115772839
51.4996861604956 -0.164428047644886
51.4997025099052 -0.164444496897034
51.5001266843728 -0.164567037372244
51.5002010027838 -0.163921971287192
51.5001419484332 -0.163784762069401
51.5000921458692 -0.163664287597647
51.4999840176463 -0.163395765644867
51.4993494273205 -0.163849875534455
51.4991872576426 -0.16363223401442
51.4991819203634 -0.16362437074024
51.499100043117 -0.163459216134324
51.4989752608378 -0.162965430232843
51.4989495017378 -0.162600828640774
51.4989067461823 -0.162562990864421
51.4987458790668 -0.161442024163194
51.4982261411794 -0.161382756118327
51.4982414055252 -0.161501999685136
51.4981020536303 -0.161977533745406
51.4977749741046 -0.162107815876509
51.4976178513579 -0.161868246783211
51.4974266904944 -0.162870062085179
51.4974563961664 -0.16296437216767
51.497194046028 -0.163473702316241
51.4971969687517 -0.163516822936191
51.4971933818769 -0.163540367939246
51.497180706018 -0.163580551915874
51.4968154845008 -0.163864397375095
51.496667003404 -0.16434312671211
51.4964667234656 -0.164235001930541
51.4963600474918 -0.16384670732474
51.4958749541621 -0.16420294881084
51.4958514384762 -0.164377672326156
51.4955632327679 -0.16454497292563
51.4954146463628 -0.164189964885962
51.4949135099456 -0.164233497777669
51.4948341759727 -0.164179076723921
51.4948717793269 -0.163807447766107
51.4948717235698 -0.163803886608875
51.4948431914632 -0.163750038053956
51.4947679498153 -0.162894997320895
51.4948448447083 -0.162627264345948
51.4947298868796 -0.16229597804479
51.4946654484383 -0.162228370878487
51.4946437623092 -0.162232806422796
51.4944135863948 -0.161978255833886
51.4938478194145 -0.16193615974885
51.4938337864319 -0.161924133806011
51.4938827646285 -0.16161334255493
51.4939878739748 -0.161476795686229
51.4936802591578 -0.16062388239698
51.4936999082014 -0.160604205965548
51.4940877888445 -0.160699412714047
51.4941040158939 -0.160043223904883
51.4942543305977 -0.15993454699234
51.4939802440756 -0.159288267999714
51.4940090188966 -0.159197075386329
51.4940714440987 -0.159147762206868
51.494199879656 -0.159168719475566
51.4943076459336 -0.158703398735889
51.4941880932855 -0.158343566857611
51.4940898080538 -0.158679749919416
51.4939067213502 -0.158642110597896
51.493748076354 -0.158758371974933
51.4938436433975 -0.158987681237437
51.4934202512014 -0.159316288419411
51.493476993446 -0.158767512792337
51.4930201200746 -0.1586985022128
51.4929616720863 -0.158835073012554
51.4924050167475 -0.158640500656867
51.4923539072446 -0.158757770253444
51.4924837521477 -0.159412564665712
51.4924159571361 -0.159755581545592
51.492237721856 -0.159843762055135
51.4918152463485 -0.159566337504385
51.4918126346094 -0.159399924293682
51.4922027177199 -0.158810658279053
51.4918901791976 -0.15852703201474
51.4917282131214 -0.158225701768758
51.4916329262781 -0.158191772551408
51.4911870970918 -0.158305112611887
51.4911590277423 -0.158235100323213
51.4905031441996 -0.158041928693685
51.4902273357073 -0.158219557228058
51.4900063581444 -0.157532485614394
51.4900621131267 -0.157264673764187
51.4898369024687 -0.156892037204862
51.4897032172847 -0.156817379692262
51.489684390662 -0.156351742739787
51.4891692893177 -0.155512779784723
51.489064935076 -0.155388249963773
51.4889090815662 -0.155138840007505
51.4881706734378 -0.154831952817468
51.4878458355818 -0.154081665653163
51.4877678997559 -0.154064979986907
51.4858812989332 -0.154141168836201
51.4853213299523 -0.153628195006591
51.4849696524832 -0.153366177390592
51.4848400949435 -0.154039164875141
51.4847501034569 -0.154604504188579
51.4843922845877 -0.157009918022736
51.4843581436933 -0.157257231293109
51.4842286776515 -0.158195012381416
51.4842117305236 -0.158318010052302
51.4841823471181 -0.158530691538935
51.4840856074643 -0.159240212627071
51.4840719418529 -0.159343245808373
51.4839914032907 -0.159951172355471
51.483876545462 -0.160818643169944
51.4838075348122 -0.161663484374892
51.4836048955507 -0.164142121676668
51.4836009161897 -0.16417505665589
51.4835033335119 -0.16497650283929
51.4834375345732 -0.165517082369866
51.4834330562125 -0.165541130865105
51.483253188121 -0.166513902385829
51.4830365934469 -0.16768549931715
51.4829168882662 -0.168332609382488
51.4828601879671 -0.1686393526594
51.4827093873439 -0.169454425378838
51.482690323949 -0.169557787133449
51.4825171348045 -0.17049404113401
51.4824095425822 -0.171088759025669
51.4823719644724 -0.171255914874693
51.4823647394834 -0.171288384406891
51.4823116957812 -0.171524556871905
51.4821908962486 -0.172062442923
51.4821829948332 -0.172097670417541
51.4818882291076 -0.173414000011481
51.4818514273111 -0.173613894842719
51.4819287129475 -0.173640968803982
51.482579500557 -0.1746690940863
51.4825858775468 -0.174795780884821
51.4828999430021 -0.174960533413156
51.4830526126021 -0.17490408894505
51.4834696231663 -0.175658840999875
51.4834494096962 -0.175740635199021
51.4834760951208 -0.17586105167026
51.483589718015 -0.176103162364542
51.4835571141968 -0.176931796637887
51.4838458211752 -0.176911257931782
51.4839964463405 -0.177365175261043
51.484018562848 -0.177486726256988
51.4840296826824 -0.177519652109586
51.4843982502796 -0.177206058087145
51.4845771845653 -0.177908234459949
51.4845992189005 -0.177914600110234
51.4846849515739 -0.178485473417672
51.4848241753128 -0.178645586957793
51.485018069569 -0.178667549925964
51.4852440418231 -0.17829491948363
51.4855069595604 -0.178616600282803
51.4854799987187 -0.179161336221685
51.4856175028436 -0.179506069273559
51.4857515878106 -0.179520561402846
51.4857796776658 -0.179494266410038
51.485933123778 -0.179493499168421
51.4860611885771 -0.179548727163792
51.4861789431532 -0.179877982384574
51.4864228978079 -0.179736922278094
51.4863536337156 -0.17934623679568
51.4933757547091 -0.168878006991834
51.4936415961787 -0.168930425015623
51.4937253482319 -0.169026129024437
51.4936844731307 -0.169315919192068
51.4936102629275 -0.169739361134579
51.4934437070999 -0.169441608719007
51.4932799594187 -0.169254682450455
51.4933529529326 -0.168977979759885
51.493373981062 -0.168885323395222
51.4933757547091 -0.168878006991834
37 4
51.5013520737427 -0.160542865498296
51.5011499316924 -0.160390748320283
51.5010247844486 -0.160877505331114
51.5010015771489 -0.160876657633979
51.5009756261037 -0.160895759297133
51.5009579462228 -0.160891956776261
51.5006945160136 -0.16082154306777
51.5007606680522 -0.160270402101932
51.5007170200637 -0.160147068444814
51.5005500136798 -0.160441039787898
51.5004934604101 -0.160549519288038
51.5004744499158 -0.160747483651452
51.5001191000472 -0.160628502894763
51.5000452229627 -0.160612589064216
51.5000456012894 -0.161032271015479
51.4996597274856 -0.16104780287532
51.4996250186705 -0.161001445410481
51.4993058738341 -0.161786911284978
51.4993142716054 -0.162053141556186
51.4996732760251 -0.161688380398744
51.4999414700524 -0.162051312303835
51.5000485462853 -0.162000081308434
51.5003598608358 -0.162751284950205
51.5004434013302 -0.162729868658519
51.5006923759715 -0.16326643223621
51.5009463502396 -0.162945570631497
51.5009495156541 -0.162923822520782
51.5008051436937 -0.162293003472138
51.5008723272706 -0.162231734792875
51.5009238603815 -0.162003593586445
51.5012807777809 -0.161614668320495
51.5013791561768 -0.161329754860333
51.5014785529694 -0.161293322804278
51.5018083945055 -0.161155784516937
51.5018838040309 -0.160461105980458
51.5016091324063 -0.160293019394162
51.5013520737427 -0.160542865498296
7 4
51.4989536809734 -0.160923100089475
51.4987774331552 -0.160765432542321
51.4986763191938 -0.160812742444825
51.49878951649 -0.161249372383712
51.4988951980763 -0.161218153786277
51.4989453168484 -0.16119808054557
51.4989536809734 -0.160923100089475
6 4
51.4899562358944 -0.156328187333084
51.4898179904381 -0.156340890147305
51.489811806235 -0.156342089750122
51.4899569121011 -0.156731493640131
51.4901023780731 -0.156583343183549
51.4899562358944 -0.156328187333084
