432 8
51.4576992530601 -0.128216632062569
51.4576238166388 -0.128131536050853
51.457192442719 -0.128343466659423
51.4570259962138 -0.129320976095451
51.4566819135399 -0.128349988951644
51.4566537153016 -0.128335001727831
51.4562363760868 -0.128885539308303
51.4561248408735 -0.128667812901144
51.4559615614077 -0.128294835078944
51.4555857579951 -0.128372394221823
51.4555555793312 -0.128295300895767
51.4547067103513 -0.127612149814203
51.4551818939442 -0.128792771714182
51.4545156804742 -0.128744417559503
51.4544338053953 -0.128053277170766
51.4536619030053 -0.128626478016771
51.4534770835127 -0.128914697279672
51.4530091477091 -0.128948188655296
51.4527792962164 -0.128752522487382
51.4527452939905 -0.128790700823783
51.452431822187 -0.12895470388059
51.4524254974349 -0.128963981397007
51.4524155626752 -0.129231514073193
51.4522763294837 -0.129762556774845
51.4518498321347 -0.129615392530071
51.4518374010195 -0.129642007677904
51.4515723570017 -0.129731041700665
51.4513576774738 -0.129657934252621
51.4511690105742 -0.129834744864655
51.4511614685791 -0.129829713044973
51.4506181845035 -0.129930113626422
51.4505657760187 -0.129293598187558
51.449937918873 -0.129232043021247
51.4500875198325 -0.130122791377093
51.4500908600666 -0.130140573189933
51.4497036958795 -0.130357049873665
51.4495240417548 -0.130236588991033
51.4492585668267 -0.13006754258843
51.4491632639849 -0.130574324452391
51.4487630981438 -0.130815530599691
51.4486084078867 -0.1305241292889
51.4483567609943 -0.130534407573734
51.4482439599472 -0.130986953636282
51.4481481810716 -0.130979117387278
51.4481299895382 -0.130977131058368
51.4477994515403 -0.131757040950322
51.4478376190173 -0.13196325365551
51.4478688941051 -0.132154441037037
51.4481454624533 -0.132404916647205
51.4481417812109 -0.133364780865876
51.4481382386824 -0.133396369967072
51.4480667513811 -0.133485668882046
51.4478211296874 -0.134879950967992
51.4480962721063 -0.135148536958807
51.4480975713948 -0.135151094517332
51.4485417377075 -0.135550443755268
51.4486396531619 -0.13635417553068
51.4483262648658 -0.136784260825982
51.4482058182607 -0.137820904734153
51.4484526536754 -0.138300096429007
51.4483169221584 -0.138856077990785
51.4486786317638 -0.140036872585628
51.4486438607111 -0.140361159948834
51.4484737422996 -0.140557808650286
51.4488141589265 -0.141848296730303
51.4490189585814 -0.141871427623533
51.4491574903953 -0.141145290967747
51.4491205727457 -0.140818454148923
51.4493409559073 -0.140492081282661
51.4498604629138 -0.140609454835893
51.4499399004661 -0.140828365791152
51.4499360092279 -0.14118392114649
51.4501283399767 -0.141611369591973
51.4501427775703 -0.141626091029744
51.4502887696145 -0.142215621313005
51.4502974698317 -0.142401571353747
51.4503014326453 -0.142407699731113
51.4510625849059 -0.142439699391351
51.4511753767247 -0.141887355807153
51.45157351762 -0.141772222324438
51.4518840537631 -0.142153593266292
51.4523334357551 -0.141851136406627
51.4524378232123 -0.141931391091813
51.4529215647932 -0.141726504808611
51.4530246408952 -0.142540915550528
51.4526825979107 -0.142866071346422
51.4526653725975 -0.142964792262865
51.452837811542 -0.143595533077133
51.4533609347597 -0.14355544351022
51.4534051257102 -0.143513183520656
51.4538998474443 -0.144541121805044
51.4538771017809 -0.145012585280795
51.4537615506218 -0.145141401534332
51.4537309822442 -0.145203757297771
51.4536919929529 -0.14536459702169
51.4534154048043 -0.145724822099622
51.4532242755632 -0.145827029326432
51.4529675932038 -0.145769074423987
51.4527732757048 -0.145851591559788
51.4525292902215 -0.145937069538586
51.4525249969041 -0.145949822512902
51.4527727291527 -0.146817712817503
51.4528799409926 -0.147202019154167
51.4527094788553 -0.147349189125068
51.4526462156119 -0.147493086701322
51.4527949721842 -0.148020490613845
51.4526615384395 -0.148115842611893
51.4525330213031 -0.148186667715928
51.4525218814805 -0.148238383975154
51.4523446480053 -0.148389501600289
51.4520607444024 -0.149300498499794
51.4520592268194 -0.149426467592762
51.4520829472856 -0.149476892098537
51.4519226584393 -0.150434145818396
51.4519782598232 -0.150699021975954
51.4520920479265 -0.150862696618965
51.4522342942079 -0.151536924535256
51.4529044706522 -0.151535132427665
51.4530938847151 -0.150822216548786
51.4538303452331 -0.149659837830906
51.4540257399007 -0.149582750340294
51.4537778723695 -0.150590341246069
51.4533655866539 -0.152340448749244
51.4534658174474 -0.152425525064002
51.4536693399024 -0.15240199948212
51.4540676945954 -0.152813261773458
51.4540684018304 -0.152823913893341
51.4539984318948 -0.153073223886489
51.4540004440738 -0.153200954467599
51.4543323504367 -0.154279604898273
51.4546856114859 -0.154299535193559
51.4547422755261 -0.154409754408731
51.4550251879279 -0.154746541152889
51.4551050964601 -0.154814287606346
51.4551308511802 -0.154862737336762
51.4554800483259 -0.155264266350862
51.4555304363638 -0.155278493902274
51.4559714447348 -0.155813047236422
51.4560275677348 -0.15582609496808
51.456324974192 -0.156238745485532
51.4567371084619 -0.155937898166695
51.4569876523186 -0.156280404131158
51.4574461322069 -0.156331240977105
51.4574646852818 -0.15652204752759
51.4576805448198 -0.156951529879013
51.4580665777853 -0.157088964633755
51.4587204812472 -0.156149455915697
51.4587998457421 -0.156497094354871
51.4590966103749 -0.157177913695261
51.4595844723233 -0.157462343448823
51.4594210410713 -0.157937623509735
51.4594283864576 -0.158405195533436
51.4594048111449 -0.158443887182849
51.4593393194813 -0.158870356867974
51.4593694577236 -0.159186633827081
51.4593989874153 -0.159263779715114
51.4592961557683 -0.159665520070345
51.4592989433819 -0.160055059178416
51.4592516620751 -0.160158556985548
51.4591792963598 -0.160548387313143
51.4592160654459 -0.160863566861635
51.4601863721819 -0.160979334620194
51.4605157070799 -0.160563023229341
51.4607626577363 -0.161078541129516
51.4608525541277 -0.162282377062113
51.4614587169743 -0.162435237369824
51.4616194995857 -0.162191273715397
51.4617132601142 -0.161732197909516
51.4615766413145 -0.161349915881628
51.4618290876588 -0.160702738985274
51.4617979819063 -0.160553722906635
51.4618109698049 -0.160470470942966
51.4617519208963 -0.159887090743239
51.4619681386654 -0.159412280893756
51.4618340307188 -0.159138863763194
51.4619285855797 -0.158633812655502
51.4619077114123 -0.158254949608543
51.4620137565403 -0.158029433733202
51.4620229969894 -0.157867993048951
51.4619437050704 -0.157381689883305
51.4620536299963 -0.157071386141965
51.4620749356596 -0.156493789826432
51.4621713812505 -0.156264026745671
51.4621827334755 -0.15582546564313
51.4621588790497 -0.15569776181246
51.4622114458165 -0.155016231450193
51.4622116477415 -0.154977647371614
51.4622192475953 -0.154917874576235
51.4619607375861 -0.154423611201846
51.4619693362782 -0.15422172094733
51.4619232849963 -0.153403875006888
51.4618689775025 -0.153254969166566
51.461909849098 -0.153093081840403
51.4619617906634 -0.152743684643742
51.4618553673894 -0.152168634905411
51.4618097132918 -0.152118253444101
51.4618066763601 -0.151457961682282
51.4619969051347 -0.15111021503303
51.4625161938632 -0.151260150651982
51.4625513629543 -0.151466566336681
51.462948991203 -0.151871518111283
51.4634038432511 -0.151184633576649
51.4635420824735 -0.151228544101484
51.4638522803532 -0.152177948567091
51.4640109941135 -0.152112068965506
51.4642259753798 -0.151036267625638
51.4645176999725 -0.151019134898492
51.4648543359239 -0.151432855745795
51.4650875468618 -0.151040140409937
51.4654245926523 -0.151092160079724
51.4657187494528 -0.151525767859507
51.4657812227526 -0.15145118967613
51.4662006239219 -0.151349722377486
51.4662190058928 -0.150656925540134
51.4658008568725 -0.150512867578741
51.4657822202496 -0.150488337035437
51.4662013889408 -0.14944921459407
51.4662134208418 -0.149231852589012
51.4661611077448 -0.149175447395014
51.4660500774222 -0.14878227733468
51.4662965407412 -0.148062322849401
51.4665728584519 -0.148043063549556
51.4666113568825 -0.147355854842739
51.4667316855268 -0.147261832230249
51.4666934699841 -0.146806239708445
51.4667099322557 -0.146693157227148
51.4668400353364 -0.146444060948339
51.4670829687537 -0.146309098347586
51.4671431005126 -0.145899017744472
51.4670730709744 -0.145666102416749
51.467401123914 -0.144706218951288
51.4676223217413 -0.144833999963456
51.4680673565929 -0.144523446711062
51.4681249353491 -0.144389816901559
51.4681196551903 -0.144164124679651
51.4680045045782 -0.143897899735462
51.4680198043126 -0.143461730279829
51.4684997301027 -0.143032813319565
51.4685383524794 -0.143024953530083
51.4684456033561 -0.142181118619149
51.4689717226 -0.141893356345903
51.469079495178 -0.141393112906182
51.4688243630986 -0.140758277737337
51.4689175855287 -0.140570958217677
51.4692866567813 -0.140289560000862
51.4696387703578 -0.13984597021746
51.4697986096829 -0.139959134155191
51.4702670488695 -0.13976462020374
51.4698778847761 -0.138315382965311
51.4698214526227 -0.13833394401964
51.4694688104091 -0.137877595905697
51.4692307856811 -0.136990998553307
51.4693231050341 -0.136701968528996
51.469241520035 -0.136501104670897
51.4692038893559 -0.136028376967136
51.4687506480474 -0.135312492952653
51.4686778798975 -0.135270467692173
51.4686429255179 -0.135181077961332
51.4691387615065 -0.134414866026469
51.4692018143976 -0.1341288059447
51.4695161576224 -0.134132127135627
51.4695456850627 -0.134072514974764
51.4697402502759 -0.133125066212337
51.4698455268895 -0.133063192029532
51.470037702414 -0.132716888526159
51.4705072266304 -0.133381647562876
51.4706312440522 -0.1327521324906
51.4701739563648 -0.132325260471082
51.470601967695 -0.131946999795206
51.4707035089835 -0.131893347043569
51.4707797950402 -0.131518525608769
51.4709605859791 -0.131428392701167
51.4710975997483 -0.130971901342946
51.4714860176931 -0.130783290394183
51.4715216194697 -0.130681873257197
51.4722134997417 -0.130276532816442
51.4725321012914 -0.130315744684175
51.4728108438357 -0.1304599944233
51.4728297152736 -0.129918320343217
51.4730537684506 -0.12852234615478
51.4739169727342 -0.128605864140107
51.4739721706322 -0.128572024095068
51.4741383360291 -0.128145881644107
51.4741827679843 -0.128113431384867
51.4743085077568 -0.12754848639672
51.4745330177426 -0.127235113162305
51.4746257389752 -0.126646343702928
51.4746251847627 -0.126645416584795
51.4746756340851 -0.125830656725236
51.4747949544278 -0.125629627158287
51.4741555742921 -0.124740571075766
51.4741972601093 -0.124693864156956
51.4745296939461 -0.123934146586034
51.4743287808886 -0.123008125560306
51.4738786424265 -0.123361409211116
51.473734027955 -0.123065899645862
51.4738016976594 -0.122255786925752
51.4731827982587 -0.122400042819773
51.473106585632 -0.122233040521322
51.4722955833434 -0.12302948507085
51.4722794300273 -0.123003198202877
51.4717928421941 -0.123106867288591
51.4715164818766 -0.123224344757179
51.4714746859962 -0.123466348669532
51.4714593820041 -0.123908851243887
51.4715608053568 -0.124123372681506
51.4715685222113 -0.124139320783107
51.471405577046 -0.124951397617601
51.4709753622867 -0.125235440192437
51.4708430178643 -0.125184118134585
51.4707813048742 -0.12535582097218
51.4707406518292 -0.126147672834727
51.4704180747854 -0.126096070103611
51.4704182227752 -0.125717238307409
51.4699839101732 -0.125222065885813
51.4697965387054 -0.125423252518637
51.4697152943057 -0.125919725053198
51.4702255557042 -0.126357773923975
51.4702553740315 -0.126524773629789
51.4699800244828 -0.127381071783583
51.4695013721847 -0.12703621609642
51.469308740744 -0.127414848494333
51.4686069376667 -0.127012537671819
51.4684467031606 -0.127640911696588
51.4685384062521 -0.127849533482823
51.4687707074921 -0.128035307091559
51.4688412627231 -0.128839666401022
51.4682530577697 -0.128924866310751
51.468213864295 -0.129133501907305
51.4682203053645 -0.129537212563856
51.467607571719 -0.129583874860572
51.4675185537443 -0.129070060992809
51.4672569319638 -0.128720006607971
51.4672213566325 -0.128608926295481
51.466489766873 -0.128959246985427
51.4661529336143 -0.128628303294346
51.4657685806924 -0.129330616242352
51.4655171984361 -0.129329263609286
51.4653289493013 -0.129425158901664
51.4652481497001 -0.129257411352364
51.4651527315756 -0.128297680914849
51.4650165488249 -0.12834373081182
51.464959533072 -0.12857907710898
51.4646937212978 -0.128873412065814
51.4647117535374 -0.129124560257273
51.4647041129028 -0.129175321117469
51.4644977712612 -0.129320504063229
51.4643038588516 -0.128667150569169
51.4640853256066 -0.129721603726314
51.4640409318747 -0.129762115048388
51.4640134553482 -0.129741634945616
51.4637554137257 -0.129176373025541
51.4637415791893 -0.128591156530326
51.4637695227697 -0.12828044475852
51.4637080398518 -0.128044493131418
51.4636934796135 -0.128033456402864
51.4634403921362 -0.126884007062768
51.4629940458818 -0.12638939031678
51.462983326533 -0.126185550734946
51.4630719427738 -0.12602084798365
51.463636021179 -0.12533195611948
51.4636549950281 -0.125191706800005
51.4633827471792 -0.124245559427368
51.4632278934008 -0.124085375239529
51.463184155931 -0.12390271180232
51.4631856230927 -0.12385956419339
51.4638602156002 -0.122544240563461
51.4638526813884 -0.122477959114902
51.4637270865534 -0.122337350739735
51.4636166503938 -0.121549209531967
51.4632442308219 -0.121371973191331
51.463130133109 -0.121516959847038
51.4626733198756 -0.121156006262271
51.4626000790366 -0.121000672853894
51.4625998052845 -0.120983591772451
51.4620617469337 -0.1210056914467
51.4617465740328 -0.120653413277627
51.4617357474705 -0.120628576107244
51.4618154887934 -0.120157524594938
51.4616341482348 -0.11969708335452
51.461099782651 -0.119921416906843
51.4609944863026 -0.120172268439289
51.4609747505401 -0.120488920090741
51.4610748151795 -0.120898690832544
51.4612421963054 -0.121049321761171
51.4612785353953 -0.121476905474433
51.4614139722983 -0.121732351552292
51.4614233468001 -0.122317601066062
51.4613673283759 -0.122373074891645
51.4610076042533 -0.122387838329753
51.4610355022426 -0.12313077738744
51.4607553851183 -0.123614543907913
51.4607851032096 -0.123735696470277
51.4615046808969 -0.123439005637315
51.4616050225956 -0.123911683899583
51.4617794946614 -0.124202333662483
51.461791049254 -0.124255865923265
51.4617933958656 -0.124262060521875
51.4618057564543 -0.124321019719253
51.4617578941342 -0.124993249674995
51.4617569495104 -0.12499601836256
51.4621872230373 -0.125913229818171
51.462096244179 -0.126093219325011
51.4615129939959 -0.126117109498799
51.461578189846 -0.125145421426781
51.4613894873663 -0.125117190487021
51.460915622262 -0.125651259548243
51.4609185551387 -0.126014693800781
51.4609330077349 -0.126075228340818
51.4607824223012 -0.126676992236623
51.4604781720954 -0.126782147836032
51.4605145035821 -0.127610193060373
51.4605635110155 -0.127740409525199
51.4605476485604 -0.127771681009943
51.460090930308 -0.128000926852194
51.4600008795321 -0.128177305129369
51.46030266794 -0.128672479246998
51.4601824740577 -0.129258503151185
51.4601351922491 -0.129298298624235
51.4598087483027 -0.129274733792022
51.4595489792402 -0.128866146835702
51.4590288921234 -0.128814542353009
51.4586811900192 -0.128090057940241
51.4586662599325 -0.127982664154718
51.4585411382626 -0.127905059270395
51.4576992530601 -0.128216632062569
51.4652403143639 -0.129735513100677
51.465510486099 -0.130424583683875
51.4655078287677 -0.130731542415667
51.4651836037959 -0.130429871861221
51.4650971914146 -0.130113024066883
51.4652403143639 -0.129735513100677
9 4
51.4710409668051 -0.133105212107148
51.471171075029 -0.133117946216872
51.4713914223807 -0.132576138949258
51.471398306332 -0.132500352332728
51.4713497512269 -0.132369963089501
51.470929754261 -0.132246789580929
51.470888917935 -0.132251069109219
51.4708156966426 -0.132671708861914
51.4710409668051 -0.133105212107148
