51.4891368638632 -0.19019794539606
51.4888785723327 -0.190558407801705
51.4888563913422 -0.190944555959098
51.4890710247281 -0.191285465605512
51.4890576234361 -0.191628987513937
51.4889942649697 -0.191694439371468
51.488688151251 -0.191693961472661
51.4885805311081 -0.191932301483931
51.4886586021096 -0.192383839213989
51.4886909973082 -0.192438376840101
51.4886230645651 -0.192924548585049
51.4879839784444 -0.193076652841387
51.4879259668973 -0.193069088977849
51.4875697056557 -0.192777958244081
51.4864769728175 -0.193319943982298
51.4868494982643 -0.194077625840577
51.4869894933194 -0.195924734655236
51.4874771636151 -0.196349293617117
51.4875059002865 -0.196358966851279
51.4877715054901 -0.196624842811677
51.4881391446988 -0.19739357255926
51.4882721302572 -0.197564808561721
51.4883212286883 -0.198419861760126
51.4887054698909 -0.199310405843219
51.4891487845097 -0.199183083181592
51.4901639719127 -0.199953312750716
51.4906001884271 -0.201924075443774
51.4909203205237 -0.201842119406482
51.4912969383849 -0.201973150979524
51.4913238226503 -0.201967580023716
51.4917728471737 -0.201702394648325
51.492273562041 -0.201753717783801
51.4927406727386 -0.200856648626977
51.4927477511158 -0.200778929405984
51.4928607982098 -0.200342378297941
51.4930734098055 -0.200014382797455
51.4935961154824 -0.200245005678123
51.4938286085713 -0.200023357766093
51.4939583571325 -0.200054236565582
51.4944056205177 -0.199709741917387
51.4946659748661 -0.199839050000083
51.4946491189653 -0.198741247469291
51.4945783706075 -0.198706264603036
51.4943644369802 -0.198620150139266
51.4943158161474 -0.198410404438434
51.494205210547 -0.198279714786146
51.4943720515587 -0.197179190129296
51.4944618697019 -0.197209023364092
51.4948129874593 -0.196575737257414
51.4946040074552 -0.195859078002532
51.4948990921798 -0.195832223906524
51.4950707580158 -0.195356265280445
51.4953508863938 -0.195327266306497
51.4954719502629 -0.195202634987246
51.4954689688533 -0.195073162654701
51.4950878723888 -0.194517358737205
51.4953697813357 -0.193909227987079
51.4953181375091 -0.193620494177039
51.4953109823096 -0.193593695046
51.4953191133214 -0.193351179868947
51.495356891954 -0.193072451942911
51.4953488169093 -0.193026803110672
51.4953391950987 -0.193009128927831
51.4953394399279 -0.192785811508823
51.495345688621 -0.192526266041325
51.4953549939856 -0.19230175867569
51.4951392019691 -0.191920458710967
51.4953286914245 -0.191476204322977
51.4951930926615 -0.191095297310636
51.4952285847738 -0.190919285052307
51.4949303919568 -0.190325076474466
51.4952120235321 -0.190078975372539
51.4947295573138 -0.18959113531715
51.4947253797209 -0.189466107588154
51.4947318266409 -0.189446966264085
51.4950633541992 -0.188869268934959
51.4950715670002 -0.188725813433114
51.4946656903282 -0.188383545001149
51.4945433081705 -0.188451468286091
51.4941876897214 -0.187987366592206
51.4941930636931 -0.187951163825469
51.4941945011971 -0.18795110682335
51.4944262112725 -0.187726810935448
51.4942351320614 -0.187566912001086
51.4942280317143 -0.18746813284683
51.4943107133131 -0.187228009776591
51.4945307106632 -0.18711843941692
51.4943407968514 -0.186592065664731
51.4942187851058 -0.186486206509299
51.494183318131 -0.186558761939121
51.4937033195232 -0.186748848177674
51.4937065145019 -0.186362460039031
51.4933393700447 -0.186182476537759
51.4933208923664 -0.186132849098408
51.4927976933104 -0.185918680292751
51.492780326398 -0.185940867813007
51.492657366442 -0.186017844478164
51.4926334341936 -0.186161916833732
51.4926952972399 -0.186511507384599
51.4930339231571 -0.18702744888955
51.4926822780363 -0.186936997006998
51.4926101701391 -0.187099252085009
51.4921937747432 -0.187315545802225
51.492138734712 -0.187098950049481
51.4918069660064 -0.18666018496168
51.4922280753699 -0.185690918609011
51.4921757568326 -0.185540016568142
51.4924678267646 -0.184702707902672
51.4925519176522 -0.184664329410881
51.4925589325397 -0.184490284977563
51.4924480228766 -0.183702354250907
51.4924215361506 -0.183675495225698
51.4924078323308 -0.183678771663156
51.4921730962231 -0.183300902360401
51.4919946830348 -0.183268443567253
51.4919090851872 -0.183342990712877
51.4917197585172 -0.182942655507347
51.4915135710841 -0.183038150025266
51.4914156081972 -0.182691790097338
51.4911799479653 -0.182701161005752
51.4911634467075 -0.182715356945076
51.4911050409676 -0.182606985880652
51.4908753503602 -0.182462076014094
51.4908289827253 -0.182445985867597
51.4907965995056 -0.182114126531463
51.4906148414918 -0.182045700608163
51.4903137000308 -0.18251683554063
51.4904530808049 -0.183006555956655
51.4901407301665 -0.183468151863381
51.4901067221289 -0.183483874379508
51.4899792153097 -0.184567583188738
51.4897870395896 -0.184819162848151
51.489888077018 -0.18546337841581
51.4897884160516 -0.185767932845391
51.4897869328621 -0.185858016633228
51.4894697617049 -0.186450419416181
51.4897572990833 -0.187092580795422
51.4896399108133 -0.187407928887442
51.4894971486337 -0.187413590661542
51.4892024157749 -0.187183949117844
51.4889004679995 -0.187598416592054
51.48884879 -0.18825675515287
51.488997394018 -0.188437205742236
51.4890287621146 -0.188663752501001
51.4890283477117 -0.188671844900573
51.4884417437954 -0.189427858513353
51.4885724952808 -0.18970984836145
51.4887263069264 -0.189680359892327
51.4889436275539 -0.189793247928343
51.4891227579846 -0.190099454284496
51.4891368638632 -0.19019794539606
