51.4728834253313 -0.180605576938588
51.4719177884049 -0.181171703141662
51.4714392903239 -0.181452270253817
51.4714201357889 -0.181463479148012
51.471021604855 -0.18172970134547
51.4703933344935 -0.182149528358956
51.4694416271853 -0.182785433321595
51.4692662506914 -0.182902566975243
51.4691327742856 -0.183014355104152
51.4687069632615 -0.183371023306663
51.4686633917931 -0.183401956885945
51.468378492043 -0.183604515137154
51.4679776405466 -0.183889548481637
51.4678579451086 -0.183707096224097
51.4674091961038 -0.184190726503557
51.4672476466041 -0.184364873774285
51.4673518224723 -0.184706297910615
51.4670722489394 -0.185235669409496
51.4668618773975 -0.185589571232771
51.4667090719236 -0.185991993127739
51.4661007750934 -0.187594059177832
51.4660238079478 -0.187796769851085
51.4658900599162 -0.188246141093657
51.4656149581888 -0.189170816629183
51.4654168487461 -0.189836392288336
51.465161370705 -0.191200539180136
51.4651343782189 -0.191344761392269
51.4650382192767 -0.193317829055077
51.4650145312761 -0.193805086265045
51.4650113815747 -0.193869072240325
51.4650084809001 -0.194848239768451
51.4650559402938 -0.196214644616698
51.4650569118904 -0.196242738671362
51.4651690160665 -0.196190125202584
51.4651908838754 -0.196179885429122
51.4651911475179 -0.196185335339618
51.4652188122586 -0.196826661753478
51.4650745272679 -0.196803504580529
51.4650655722254 -0.198560290583445
51.4651021475597 -0.199261685052458
51.4651547576005 -0.200270006932865
51.465563099071 -0.20226952196254
51.4658569135139 -0.203520391578416
51.466159558123 -0.204808678585446
51.4661882257886 -0.204960682691878
51.4665917523178 -0.207103275253408
51.4667489834018 -0.207938145922472
51.4667891915754 -0.208151429069327
51.4669419108749 -0.208962148613602
51.4670997186252 -0.209800333080918
51.4671348694855 -0.209900452009846
51.4674002949369 -0.210657154683363
51.4678337583968 -0.211892696228179
51.4681668366174 -0.212842174486559
51.4687567623939 -0.214123049797683
51.4690046136514 -0.214760590039418
51.4694680257044 -0.215952545426473
51.4708995566557 -0.217919759066299
51.4713324720283 -0.218514762792201
51.4718484277951 -0.219078645037503
51.4722103440726 -0.219474136407965
51.472402387794 -0.219694484681367
51.47301017588 -0.220392062234572
51.4734585806473 -0.220906731480308
51.4738485205855 -0.221354349430717
51.4739313454688 -0.221480656665251
51.4740128619088 -0.221520702262241
51.4742695410201 -0.221841964125068
51.4747794033927 -0.222254066893796
51.4749627335528 -0.22232102571938
51.4754493514532 -0.222498604510297
51.4763013620417 -0.222809567269355
51.4766692849218 -0.222943801170663
51.4766797843818 -0.222948498599564
51.4770208163609 -0.223099808544416
51.4772560450445 -0.223204176555189
51.4776063075107 -0.223359524718237
51.4779719568494 -0.22352175769474
51.4783880824924 -0.223556290612445
51.4792953138007 -0.223631587840924
51.4799967777745 -0.223689827587766
51.4801511046241 -0.223723491230816
51.4807440600302 -0.223852919379864
51.4811322686975 -0.223937701038991
51.4811481426983 -0.22394112165355
51.4821008035548 -0.224149085199411
51.4821370636087 -0.224157057645847
51.4821659184852 -0.224133137580213
51.4822536851445 -0.223422594476216
51.4815606431667 -0.223148864599681
51.4819121274041 -0.222578050767142
51.4822670817557 -0.222823473864264
51.4825479314786 -0.222183315794541
51.4826072559505 -0.221880340938252
51.4825977163808 -0.221654379879388
51.4826267311347 -0.22157582802746
51.4827115228791 -0.221055384328927
51.4829404095849 -0.220895667685321
51.4831770598111 -0.220039067444028
51.4835881398778 -0.219972118060427
51.4836623670719 -0.219928734105985
51.4836658669938 -0.21991648532793
51.4838061898428 -0.219773745930685
51.4841072778905 -0.218951900696022
51.4840749432602 -0.218894616202053
51.4839789730297 -0.218589603279271
51.4839756024631 -0.21845649623637
51.4837212851599 -0.21805458172674
51.4837782365629 -0.217826854988342
51.4838881008258 -0.217590770834607
51.483629320099 -0.217208867160691
51.483709426846 -0.216955061651473
51.4836300277275 -0.216404071371695
51.4837732712496 -0.216205394638562
51.4838041827427 -0.215991744036508
51.4837471777376 -0.215872962154252
51.4832410796321 -0.215697846554524
51.4831702042351 -0.215417872097932
51.4832188614958 -0.215123969211283
51.4829984359042 -0.214793667578671
51.4829469917408 -0.214768601883572
51.4828406188656 -0.214542741098397
51.4828987083153 -0.214030093265873
51.482725613068 -0.213708755813888
51.4830969515479 -0.213328856858369
51.483119861563 -0.213227618882282
51.4828221145453 -0.212785045428421
51.4830528912872 -0.21210723201766
51.4828377498564 -0.211617023335124
51.4828141024103 -0.211404558475984
51.4833202749145 -0.211289399159006
51.4834132586422 -0.210501658414319
51.4830999779919 -0.210355510835186
51.4830270367536 -0.209676037690983
51.4832766196357 -0.209595132740697
51.4836560896181 -0.209748658591274
51.4839226334325 -0.209300742420129
51.4839416030724 -0.209159517110299
51.4842229130578 -0.208883918311851
51.4844938472379 -0.209000248931286
51.4846425050075 -0.208844915059494
51.4847509409302 -0.208693056343913
51.4848749021221 -0.208345239334637
51.4849134550792 -0.208061926531425
51.4848649215444 -0.207427430329729
51.4846538801007 -0.207112579878829
51.4847090012488 -0.205967184111684
51.4847582174431 -0.205834743034954
51.4847518287736 -0.205417220742513
51.4849010124703 -0.20483256008541
51.4849917866687 -0.204648964804214
51.4852451434507 -0.204350916266686
51.4852694342968 -0.204258164959293
51.4852644409999 -0.204208009271188
51.4856008655447 -0.202859746414978
51.4855839105121 -0.202727169665519
51.4855571737118 -0.20266611196173
51.4855497493933 -0.202562968174947
51.4855881482045 -0.202499230549754
51.4856450078439 -0.20246101179381
51.4859399752724 -0.202285647789234
51.4862772245873 -0.202657632075545
51.4864385937604 -0.202018428634181
51.4859738687132 -0.201558714287731
51.4859728385572 -0.201556023424809
51.4859791847107 -0.201489151488192
51.486062654918 -0.201081739055693
51.4860397695893 -0.200867453077582
51.4862671525365 -0.200166268821548
51.4864100954876 -0.20016064044987
51.4864790765235 -0.200080494375468
51.4870539110081 -0.199958813703674
51.4874942335275 -0.20075533704785
51.4886239816434 -0.199823110140793
51.488798486205 -0.200766939697445
51.4890118401615 -0.201366257008983
51.4903041574806 -0.202123849613
51.4904644555173 -0.202083338683484
51.4906001884271 -0.201924075443774
51.4901639719127 -0.199953312750716
51.4891487845097 -0.199183083181592
51.4887054698909 -0.199310405843219
51.4883212286883 -0.198419861760126
51.4882721302572 -0.197564808561721
51.4881391446988 -0.19739357255926
51.4877715054901 -0.196624842811677
51.4875059002865 -0.196358966851279
51.4874771636151 -0.196349293617117
51.4869894933194 -0.195924734655236
51.4868494982643 -0.194077625840577
51.4864769728175 -0.193319943982298
51.4863688392254 -0.193268401979979
51.4860160102338 -0.193217506715403
51.4856951488503 -0.19208514730033
51.4849501213215 -0.191068630458243
51.4846613031666 -0.19091891172197
51.4841768554332 -0.190401563195319
51.4839498618517 -0.190040520278789
51.4834434357987 -0.18963129039568
51.4831579014589 -0.189799227914882
51.4825171239528 -0.190534710063696
51.4823747324962 -0.190593544615165
51.481772456159 -0.189781175959069
51.4813062086767 -0.189476415230714
51.4812693159797 -0.189450921317059
51.4812081150808 -0.189318333055888
51.4812016890428 -0.189257315652424
51.4811920972908 -0.18909026653108
51.48091299488 -0.188440634190238
51.480917989762 -0.188246053519219
51.4807803501891 -0.188024708908511
51.4807660887499 -0.187991907376318
51.4805624447466 -0.187897385053247
51.48044504694 -0.187665385204255
51.4803076728771 -0.187571800134666
51.4802950501301 -0.187470538909711
51.4801267737854 -0.186831851405685
51.4800519822011 -0.186756567128517
51.4799714481232 -0.186559920218722
51.479612275131 -0.186325762304006
51.4794643270272 -0.185978737230168
51.4790835409462 -0.185939818988864
51.4788255837556 -0.185670188442748
51.4777424970112 -0.185572702093806
51.4777107759568 -0.184876511495977
51.477282571221 -0.183546117624344
51.4767210099178 -0.183780838115606
51.4755357185655 -0.18465949660638
51.4752365531501 -0.18313419408017
51.4751917101853 -0.183054053125197
51.4749004411411 -0.182891927547662
51.4744921686431 -0.182639947249083
51.4743464921711 -0.181987874250822
51.474136900611 -0.181747832389886
51.4740469666585 -0.18164704848214
51.4739052943792 -0.181207106210387
51.4738373531072 -0.18097675122326
51.4738337604653 -0.180183217572907
51.473238087546 -0.180397591550575
51.4728834253313 -0.180605576938588
