295 4
51.4991464663906 -0.183143497409437
51.4990227138577 -0.182710794546223
51.4991542179452 -0.182465962906435
51.4996370748157 -0.182217129195226
51.4997969802056 -0.182488147423805
51.4996754036954 -0.18312424529378
51.5003616698657 -0.183621904258691
51.5004541996436 -0.183327417433706
51.5010526558078 -0.183855545031271
51.501082488488 -0.18344831508819
51.5011608868167 -0.183396491448438
51.5013358454533 -0.183269787665621
51.5014193666211 -0.183217878493503
51.5017837009609 -0.183825651565792
51.5016190633779 -0.183922244921772
51.5013140733098 -0.184116246163595
51.5014293880035 -0.184538499126683
51.5012866176052 -0.185054759106965
51.5015811099788 -0.185454572699558
51.5021128053268 -0.184945430076638
51.5033025848201 -0.184165033328761
51.5043016141614 -0.183920027702578
51.5053587800255 -0.182158742433774
51.5059023735942 -0.181548176015287
51.5038753212149 -0.178772248627287
51.5035074893458 -0.177836852350051
51.5032483507565 -0.17641075972392
51.5032417399107 -0.176349840844567
51.5036031646453 -0.172534089346409
51.5051882142153 -0.170097632830904
51.5053830201721 -0.169832254813462
51.5048940319418 -0.168235373198038
51.5046808734368 -0.165468270399645
51.5052132679131 -0.162580317371129
51.5025490816485 -0.162837045484056
51.5024111732981 -0.162934423592899
51.5022121290103 -0.163123358708638
51.5018500243336 -0.163560245585385
51.5018438270215 -0.163543387788333
51.5017262939146 -0.163231160073678
51.501621737298 -0.163184993710685
51.5014396470791 -0.16269431779496
51.5011039115794 -0.162530338546856
51.5010989676382 -0.162518895371522
51.5008723272706 -0.162231734792875
51.5008051436937 -0.162293003472138
51.5009495156541 -0.162923822520782
51.5009619095208 -0.162911563362822
51.5011057731428 -0.162557349198993
51.5011453979253 -0.162997915183078
51.5011916925706 -0.163307656561258
51.5008935897154 -0.163767144208992
51.5006923759715 -0.16326643223621
51.5004434013302 -0.162729868658519
51.5003598608358 -0.162751284950205
51.5000703084787 -0.163027600855207
51.4999840176463 -0.163395765644867
51.5000921458692 -0.163664287597647
51.5001419484332 -0.163784762069401
51.5002010027838 -0.163921971287192
51.5001266843728 -0.164567037372244
51.4997025099052 -0.164444496897034
51.4996861604956 -0.164428047644886
51.499584331476 -0.164332115772839
51.4994590504845 -0.164937760944571
51.4995072140539 -0.1653500540195
51.4994872004498 -0.165375210030876
51.499406222339 -0.165692665783775
51.4991868622322 -0.165801494846072
51.499131215508 -0.165341750712341
51.4991270478185 -0.165075351125409
51.4990325366505 -0.164941468386726
51.4988907334507 -0.165083059989385
51.4987895858981 -0.16528348221067
51.4987569925556 -0.165429714858814
51.4986977862367 -0.165506811006606
51.4989148822286 -0.166316678918045
51.4988045951692 -0.166415662119003
51.4987165473738 -0.166390329689408
51.4984390617194 -0.166823761207805
51.4984622883525 -0.166998399763965
51.4983158542612 -0.167217738006128
51.4982834107275 -0.16746576365841
51.4982797014431 -0.167475771895793
51.4982777151933 -0.167780188280345
51.4980848119362 -0.167873570200291
51.4979866766383 -0.167933335649713
51.4978708604709 -0.167356276350931
51.4977410952937 -0.167215610351735
51.4976650057616 -0.167299675338585
51.4975320960235 -0.167676927880746
51.4979841398085 -0.167937832524577
51.4978799742002 -0.168538204660574
51.4979532149773 -0.168720696731424
51.4979702101294 -0.168720965866262
51.4983922154416 -0.16819254612745
51.4984948017233 -0.168348679933348
51.4986260134595 -0.168582068105994
51.4986181673129 -0.169035327340898
51.4987007083078 -0.169070745045054
51.4989848004785 -0.169647373550116
51.4989048580276 -0.169749647277438
51.4984381249469 -0.169359471735016
51.4983090729425 -0.170053498548271
51.4977963020168 -0.169558973115783
51.4977874779647 -0.169563840543026
51.4972712188095 -0.169387337420893
51.4971055790243 -0.169436261365834
51.4969643210492 -0.169146620374403
51.4964414441593 -0.169202731457195
51.4964074053472 -0.169308506296409
51.4962721492413 -0.169368803286566
51.4961731516302 -0.169407929303548
51.4961210120776 -0.169730613698162
51.4961346172668 -0.169721041219666
51.4962176934829 -0.169802287279068
51.4960228804171 -0.169900127652453
51.4960189699281 -0.169903016278311
51.4959425986892 -0.169911539051568
51.4957888462689 -0.169598885504514
51.4956674510377 -0.169838817704732
51.4956766471452 -0.170428201632433
51.4956509686322 -0.17044182066194
51.4954130406548 -0.170300019731671
51.4953897034209 -0.170020036713435
51.4951956665046 -0.169787395369106
51.4951440049093 -0.169835432628202
51.4948874519746 -0.169836680657301
51.4946949891316 -0.169543639614693
51.4945863976505 -0.169578634503029
51.4945164774195 -0.169545445245948
51.4942666238305 -0.169555453590707
51.4942061290346 -0.169630806557095
51.4940617446558 -0.170091270963954
51.4939361264751 -0.170054847953302
51.4937017259018 -0.170006627749657
51.4936022447013 -0.169818906225246
51.4931448219695 -0.169823685292693
51.4930088109557 -0.170192821394923
51.4929541107883 -0.170512853099974
51.4929623741549 -0.170702562058839
51.4929338710214 -0.170782925804606
51.4924954967741 -0.170885039546953
51.4923295035826 -0.171314872299307
51.4921242094204 -0.171369052165077
51.4919914378375 -0.171629131457583
51.4919846201264 -0.17167620050544
51.4918232597894 -0.171797864710832
51.4916724415745 -0.172203682813465
51.4917902258403 -0.172383543389947
51.4918331572038 -0.172536705066584
51.4918768001094 -0.172597077641343
51.4919017402525 -0.173164998565377
51.4917597634768 -0.173180650757059
51.491508683766 -0.173469799166821
51.4913172229828 -0.172975051823962
51.4912874651376 -0.172951893518916
51.4911570405523 -0.172987750290261
51.4908246684538 -0.173615905820227
51.4914013736047 -0.174251086247695
51.49123918371 -0.175209153401298
51.4911419141628 -0.175226576991545
51.4904393707688 -0.174655916813951
51.4904304566337 -0.17466078603065
51.4903367471686 -0.175068696093405
51.4900691325342 -0.175468344695899
51.4900616173057 -0.175522683806386
51.4898446666026 -0.17589678944169
51.4898412950138 -0.175899655639466
51.4897579713373 -0.175883147186789
51.4895834396403 -0.176285366184841
51.4894282497139 -0.176318518399676
51.4892756509178 -0.175830425337882
51.4892004304707 -0.175907180589286
51.4890263743314 -0.176299518098194
51.4891927540236 -0.176604399808596
51.4891860298208 -0.176726995965951
51.4890027532913 -0.177058415461799
51.4886833188408 -0.177259396240341
51.4886664552824 -0.177371706527434
51.4881505897695 -0.177566858056385
51.4881207449116 -0.177624816353377
51.4880623117313 -0.178267154594808
51.4877386053844 -0.178239558834701
51.487547616042 -0.178636112220364
51.4875291581812 -0.178686370904002
51.4876379054297 -0.178904358036665
51.4877867317351 -0.17916766023921
51.4880797569209 -0.179263110326457
51.4881028587368 -0.179251382712919
51.4881997439237 -0.179162845693273
51.4884237000675 -0.180084787579067
51.4885205621641 -0.180232235028327
51.4885196430057 -0.180277282862562
51.4885318720725 -0.180346985027607
51.4888451964398 -0.180591991213995
51.4888607010394 -0.180704793682193
51.4892869346032 -0.18083367101249
51.4893090200345 -0.180953457407016
51.4895425572788 -0.181125993060759
51.4896940574285 -0.181863559040562
51.4898051917562 -0.181783602572133
51.4902070566167 -0.181917974947909
51.4904378441633 -0.181571136375835
51.4906148414918 -0.182045700608163
51.4907965995056 -0.182114126531463
51.4908289827253 -0.182445985867597
51.4908753503602 -0.182462076014094
51.4911050409676 -0.182606985880652
51.4911634467075 -0.182715356945076
51.4911799479653 -0.182701161005752
51.4914156081972 -0.182691790097338
51.4915135710841 -0.183038150025266
51.4917197585172 -0.182942655507347
51.4919090851872 -0.183342990712877
51.4919946830348 -0.183268443567253
51.4921730962231 -0.183300902360401
51.4924078323308 -0.183678771663156
51.4924215361506 -0.183675495225698
51.4924480228766 -0.183702354250907
51.4925589325397 -0.184490284977563
51.4925519176522 -0.184664329410881
51.4924678267646 -0.184702707902672
51.4921757568326 -0.185540016568142
51.4922280753699 -0.185690918609011
51.4918069660064 -0.18666018496168
51.492138734712 -0.187098950049481
51.4921937747432 -0.187315545802225
51.4926101701391 -0.187099252085009
51.4926822780363 -0.186936997006998
51.4930339231571 -0.18702744888955
51.4926952972399 -0.186511507384599
51.4926334341936 -0.186161916833732
51.492657366442 -0.186017844478164
51.492780326398 -0.185940867813007
51.4927976933104 -0.185918680292751
51.4933208923664 -0.186132849098408
51.4933393700447 -0.186182476537759
51.4937065145019 -0.186362460039031
51.4937033195232 -0.186748848177674
51.494183318131 -0.186558761939121
51.4942187851058 -0.186486206509299
51.4943407968514 -0.186592065664731
51.4945307106632 -0.18711843941692
51.4943107133131 -0.187228009776591
51.4942280317143 -0.18746813284683
51.4942351320614 -0.187566912001086
51.4944262112725 -0.187726810935448
51.4941945011971 -0.18795110682335
51.4941930636931 -0.187951163825469
51.4941876897214 -0.187987366592206
51.4945433081705 -0.188451468286091
51.4946656903282 -0.188383545001149
51.4950715670002 -0.188725813433114
51.4952030767875 -0.188538747829574
51.4953904510494 -0.188540347227559
51.4955956400881 -0.188542903335366
51.4956518329217 -0.188508367111072
51.4957887202881 -0.188430839766562
51.4959548266148 -0.18817302966603
51.496042345187 -0.188048044831732
51.4962689726033 -0.188193001103808
51.4963327256416 -0.188723572935153
51.4962116052048 -0.189187589316418
51.4966192983959 -0.189286653087929
51.4968066961004 -0.188981196380119
51.4970614581885 -0.189137635802606
51.497135516209 -0.189561496824853
51.4975933552776 -0.189374084934482
51.4975984582167 -0.188965137883212
51.4975619030093 -0.188856709230905
51.4975288845276 -0.18880848407649
51.4974822480631 -0.188326753494946
51.4975985913133 -0.188036696132495
51.4972862917052 -0.187711491352713
51.4974923224139 -0.18716937463707
51.4974898597469 -0.18701006100848
51.4977483853879 -0.186682879037773
51.4977007737037 -0.18647582233207
51.4977244198326 -0.185731989804541
51.4977713569226 -0.185517615861523
51.4977709750467 -0.185498743870523
51.4976731754949 -0.185301877862824
51.4978574352263 -0.184567818486234
51.4980371721975 -0.184505796995374
51.4982283619649 -0.184457693298485
51.4982713846735 -0.184466793504018
51.4984237033952 -0.184689409538885
51.4987775798908 -0.184122501885912
51.4987997453917 -0.183974796695369
51.4993665789855 -0.184295454385267
51.4993717200799 -0.184290736002597
51.499419935987 -0.183456685677568
51.4993575064617 -0.183436716280172
51.4991464663906 -0.183143497409437
10 4
51.4933529529326 -0.168977979759885
51.4932799594187 -0.169254682450455
51.4934437070999 -0.169441608719007
51.4936102629275 -0.169739361134579
51.4936844731307 -0.169315919192068
51.4937253482319 -0.169026129024437
51.4936415961787 -0.168930425015623
51.4933757547091 -0.168878006991834
51.493373981062 -0.168885323395222
51.4933529529326 -0.168977979759885
