292 8
51.4812618700461 -0.155116150279204
51.4814817220376 -0.154919185866861
51.4821237971103 -0.154348698797754
51.4830166372354 -0.153734937054098
51.483416838085 -0.150977066892772
51.4834756257413 -0.150571887411984
51.483659444112 -0.14930521533379
51.4837126881923 -0.148264581104418
51.4837281516717 -0.14796292046754
51.4837219758196 -0.14767436782736
51.4837112058306 -0.147174743141174
51.4836941515213 -0.146380039407511
51.4834572682063 -0.144282772921631
51.4834538170066 -0.144252156633976
51.4833260591369 -0.143121378486837
51.4831533209841 -0.141592247902718
51.483064443947 -0.140806057655903
51.4829620595674 -0.139899770654055
51.4828770323714 -0.138258080240859
51.4828324657508 -0.137399083659849
51.4828924023852 -0.136673102852557
51.4829426011478 -0.136386770881797
51.4831321916352 -0.13530613729849
51.483333981921 -0.134529591337351
51.4837166181572 -0.133056659870295
51.4838207986466 -0.1327170504067
51.4842411884361 -0.13134680914683
51.4843214358778 -0.131085240997167
51.4844400845263 -0.130525693446011
51.484524192231 -0.130128585767324
51.4849045226052 -0.129162516709252
51.484904291613 -0.129148038110968
51.4849600244768 -0.128939242706897
51.4849976047279 -0.128798523858612
51.4851365267957 -0.12849036764114
51.485250996937 -0.128216106077225
51.4853444250774 -0.127992226016318
51.485588524129 -0.127610640626741
51.4860681224627 -0.126860873206682
51.4863094989735 -0.126483543699218
51.4863211975395 -0.126467388106538
51.4864463789945 -0.126295520033233
51.4864674914051 -0.126266508785085
51.4870662983388 -0.125444249096537
51.4873683139583 -0.12507011671411
51.4873191170015 -0.124945060678544
51.4870475241384 -0.124247679095547
51.4869102293129 -0.123909384981733
51.486888376396 -0.123897693409564
51.4867463067293 -0.123766713910636
51.4862267941778 -0.121532941869101
51.4859992791303 -0.121388382174533
51.4858327434085 -0.120914498064258
51.4855974198837 -0.120854937010456
51.4851526519751 -0.120454608936492
51.4849546029532 -0.119647144440723
51.4850002824334 -0.119479602255273
51.4845479048115 -0.118806947082267
51.4842053862396 -0.118969483935946
51.4841259206092 -0.118953040970103
51.4841247222217 -0.118951190241141
51.4835825001382 -0.118607154693399
51.4835346229782 -0.117769317146508
51.4835131415115 -0.117736001332005
51.4841173777333 -0.11602412069527
51.4839796358109 -0.115670690539314
51.483861264014 -0.115476541603193
51.4834318761066 -0.115799432989627
51.483156602968 -0.115709960175381
51.4829027261574 -0.115984167461009
51.4825627665786 -0.116339342940499
51.4823582733106 -0.116324375619803
51.482023960035 -0.115771963976906
51.4825381877122 -0.115184575785282
51.4824474994474 -0.114414194310335
51.4820056852084 -0.114288377120841
51.4818705270048 -0.1140679769345
51.4815338401586 -0.114128770981041
51.4814368346068 -0.114011176971573
51.4815035859927 -0.113393675561429
51.4812020977838 -0.113027201427892
51.4811176292256 -0.113331231293404
51.4811865856971 -0.113912611442245
51.4811586786146 -0.113960548311509
51.4806065928131 -0.113691689888466
51.4804712612064 -0.113756763993923
51.4804365695564 -0.113751783179246
51.4803847283084 -0.114055529304626
51.4803375552636 -0.11417443700592
51.4803503327747 -0.114616821014913
51.4800927772867 -0.114991980998695
51.4795949564984 -0.114748782541269
51.4795250405935 -0.114655366774403
51.4793303329949 -0.114544536920447
51.4792760338317 -0.114583704354012
51.4792567633174 -0.114794193996528
51.4793932529253 -0.115925386697701
51.4791214156155 -0.115954637234659
51.4788460419796 -0.116295366701368
51.4788843477989 -0.116519748945602
51.4783810253755 -0.116599852098447
51.478161389347 -0.116414526703983
51.4780063827264 -0.116805144674591
51.4777536783713 -0.116889406822265
51.477580853091 -0.117206187349639
51.477432451418 -0.117465204433568
51.4773809288896 -0.117464594836536
51.4772566526178 -0.118067303944498
51.4768459601268 -0.11848564628673
51.476627352274 -0.117809670079194
51.4763935197735 -0.117983146413043
51.475875051264 -0.118402354433602
51.4756354598745 -0.118312242324088
51.4754763668027 -0.118941647733524
51.4754724937618 -0.11903085468617
51.4751267897098 -0.119947773795613
51.4746214913819 -0.119803873080639
51.4744463570103 -0.120330388103315
51.4744276131656 -0.120350036238532
51.4743901001509 -0.121105734204218
51.4743322565805 -0.121254857683542
51.4739797571177 -0.121569005048527
51.4739886942054 -0.121644266570009
51.4738518535883 -0.122215972564298
51.4738016976594 -0.122255786925752
51.473734027955 -0.123065899645862
51.4738786424265 -0.123361409211116
51.4743287808886 -0.123008125560306
51.4745296939461 -0.123934146586034
51.4741972601093 -0.124693864156956
51.4741555742921 -0.124740571075766
51.4747949544278 -0.125629627158287
51.4746756340851 -0.125830656725236
51.4746251847627 -0.126645416584795
51.4746257389752 -0.126646343702928
51.4745330177426 -0.127235113162305
51.4743085077568 -0.12754848639672
51.4741827679843 -0.128113431384867
51.4741383360291 -0.128145881644107
51.4739721706322 -0.128572024095068
51.4739169727342 -0.128605864140107
51.4730537684506 -0.12852234615478
51.4728297152736 -0.129918320343217
51.4728108438357 -0.1304599944233
51.4725321012914 -0.130315744684175
51.4722134997417 -0.130276532816442
51.4715216194697 -0.130681873257197
51.4714860176931 -0.130783290394183
51.4710975997483 -0.130971901342946
51.4709605859791 -0.131428392701167
51.4707797950402 -0.131518525608769
51.4707035089835 -0.131893347043569
51.470601967695 -0.131946999795206
51.4701739563648 -0.132325260471082
51.4706312440522 -0.1327521324906
51.4705072266304 -0.133381647562876
51.470037702414 -0.132716888526159
51.4698455268895 -0.133063192029532
51.4697402502759 -0.133125066212337
51.4695456850627 -0.134072514974764
51.4695161576224 -0.134132127135627
51.4692018143976 -0.1341288059447
51.4691387615065 -0.134414866026469
51.4686429255179 -0.135181077961332
51.4686778798975 -0.135270467692173
51.4687506480474 -0.135312492952653
51.4692038893559 -0.136028376967136
51.469241520035 -0.136501104670897
51.4693231050341 -0.136701968528996
51.4692307856811 -0.136990998553307
51.4694688104091 -0.137877595905697
51.4698214526227 -0.13833394401964
51.4698778847761 -0.138315382965311
51.4702670488695 -0.13976462020374
51.4697986096829 -0.139959134155191
51.4696387703578 -0.13984597021746
51.4692866567813 -0.140289560000862
51.4689175855287 -0.140570958217677
51.4688243630986 -0.140758277737337
51.469079495178 -0.141393112906182
51.4689717226 -0.141893356345903
51.4684456033561 -0.142181118619149
51.4685383524794 -0.143024953530083
51.4684997301027 -0.143032813319565
51.4680198043126 -0.143461730279829
51.4680045045782 -0.143897899735462
51.4681196551903 -0.144164124679651
51.4681249353491 -0.144389816901559
51.4680673565929 -0.144523446711062
51.4676223217413 -0.144833999963456
51.467401123914 -0.144706218951288
51.4670730709744 -0.145666102416749
51.4671431005126 -0.145899017744472
51.4670829687537 -0.146309098347586
51.4668400353364 -0.146444060948339
51.4667099322557 -0.146693157227148
51.4666934699841 -0.146806239708445
51.4667316855268 -0.147261832230249
51.4666113568825 -0.147355854842739
51.4665728584519 -0.148043063549556
51.4662965407412 -0.148062322849401
51.4660500774222 -0.14878227733468
51.4661611077448 -0.149175447395014
51.4662134208418 -0.149231852589012
51.4662013889408 -0.14944921459407
51.4657822202496 -0.150488337035437
51.4658008568725 -0.150512867578741
51.4662190058928 -0.150656925540134
51.4663178612881 -0.150535053863352
51.4665880476997 -0.150543122521203
51.4668656031604 -0.150887309862691
51.4671356734332 -0.150905119368434
51.4674115641224 -0.151845179375907
51.4676131909074 -0.151747050892854
51.4679826759135 -0.15104550069371
51.4686194244853 -0.151523692376609
51.468658945859 -0.151937824487001
51.4687036831107 -0.151975666703761
51.4690483756968 -0.152570024752646
51.4696727352445 -0.152125386519452
51.4698825478435 -0.152318487814791
51.4699000011907 -0.152342119336432
51.4702773101237 -0.152108201391415
51.4706742612032 -0.152179420004778
51.4709875796937 -0.152996481105987
51.4710073600171 -0.152996632013111
51.4716686563194 -0.151832351792661
51.4723277729262 -0.151938920659577
51.4725926804834 -0.151532277011779
51.4729108918604 -0.150663540534637
51.47291728007 -0.150652478402236
51.4729404598382 -0.150497675867329
51.4733315882778 -0.149829349447704
51.4735495268113 -0.149187016939648
51.4737425024888 -0.149167452886635
51.4741131472097 -0.148978755130291
51.4746970444309 -0.148227081498571
51.474476898273 -0.147482672565496
51.474610641251 -0.146093010427885
51.4751149163391 -0.146458672062421
51.4751372149915 -0.146544202822538
51.4752288740053 -0.148038136595525
51.4758338968796 -0.147861538683073
51.4758991641069 -0.148072135625765
51.4759724944805 -0.148292380044242
51.476085608508 -0.148441675193274
51.4764371935804 -0.148338389306895
51.4765153725089 -0.148404563162259
51.4765420128551 -0.148417851021033
51.476695702634 -0.148899382271408
51.4770125251432 -0.148564431517767
51.4771061607371 -0.148641616655751
51.4771669464107 -0.148631081541207
51.4773579441542 -0.149101254839303
51.477855414397 -0.148802918751215
51.4779470313915 -0.14856434932185
51.4784474347172 -0.148844729644598
51.479521735626 -0.151266517402792
51.4799889613694 -0.154200841804795
51.4800645126036 -0.155242836122909
51.4800891350334 -0.15533362989171
51.4808049111087 -0.155647680690674
51.4812618700461 -0.155116150279204
51.470929754261 -0.132246789580929
51.4713497512269 -0.132369963089501
51.471398306332 -0.132500352332728
51.4713914223807 -0.132576138949258
51.471171075029 -0.133117946216872
51.4710409668051 -0.133105212107148
51.4708156966426 -0.132671708861914
51.470888917935 -0.132251069109219
51.470929754261 -0.132246789580929
51.4820095763819 -0.134919451460166
51.4820112626158 -0.134946338217119
51.4820550272292 -0.135612386048825
51.4820650754099 -0.135752454019927
51.4818065539253 -0.136523566689572
51.4817326556298 -0.136749821706838
51.481252653796 -0.137353609716645
51.4811166525353 -0.137530142926833
51.4806707216329 -0.137296335863674
51.4800352541285 -0.136970275820212
51.4799769482684 -0.136870890192798
51.4798295598445 -0.136624927594759
51.4803590496315 -0.135673473675411
51.4807767600699 -0.134901229996674
51.4807867917385 -0.13488194049255
51.4808191932004 -0.134884299692424
51.4808639142762 -0.134886868764839
51.4813280088032 -0.134905814904159
51.4815690275587 -0.134911300319136
51.4820095763819 -0.134919451460166
8 4
51.4722955833434 -0.12302948507085
51.473106585632 -0.122233040521322
51.4730905992965 -0.122177896701401
51.4729302372306 -0.122061246608229
51.4724749653011 -0.122178006891742
51.4722560759051 -0.122504694321101
51.4722794300273 -0.123003198202877
51.4722955833434 -0.12302948507085
7 4
51.4810405597565 -0.135824867598964
51.4810428340937 -0.135826556026512
51.481050630021 -0.13581365123301
51.4810463690237 -0.135805750361283
51.4810423959552 -0.135810305910956
51.4810377494308 -0.135817738785783
51.4810405597565 -0.135824867598964
5 4
51.481063451204 -0.135828446466521
51.4810667137985 -0.135830094598006
51.4810680795756 -0.135825526617994
51.4810681592725 -0.135819229912202
51.481063451204 -0.135828446466521
