317 8
51.4657919263314 -0.101564900192075
51.4653615367524 -0.101801415621657
51.4653186753366 -0.101852693849918
51.4654107856564 -0.102855721363657
51.4653897649421 -0.102884488678373
51.464790485143 -0.102623150517388
51.4646513517532 -0.103297452937022
51.464221656784 -0.103360375889508
51.4642063176624 -0.103340239174211
51.4637899419456 -0.103131735237827
51.4637325629777 -0.103197025465652
51.4628216235216 -0.102992771796895
51.4625022952037 -0.103742882682303
51.4624665948476 -0.104437194628364
51.4622668879338 -0.10452380894897
51.461929244957 -0.104831094331742
51.4613801997532 -0.104762919304186
51.46127716408 -0.104684458339828
51.4603724692337 -0.104849649010459
51.4602430893356 -0.105210368675178
51.4593406218271 -0.10431212224601
51.459324412256 -0.104204787371487
51.4591640535441 -0.104011679970111
51.4590472658408 -0.104100194475176
51.4587821258678 -0.104649189571529
51.4584140055155 -0.104728410720176
51.4584317906222 -0.104855380282123
51.4581341043127 -0.105688182258293
51.4579680832932 -0.105839970045885
51.4580542912592 -0.106540797432018
51.4581057232223 -0.106630412729305
51.458214586412 -0.106969621159166
51.4585137127189 -0.107010297859831
51.4589925432481 -0.107323405367613
51.459312080844 -0.107999291569089
51.459303382241 -0.108028492548356
51.4597118893123 -0.109326915548128
51.4600134899955 -0.109532248427907
51.460438510444 -0.10917368620196
51.4606971872315 -0.10925379465164
51.4608125040686 -0.109408313871668
51.460906586859 -0.109963230155075
51.4605736260986 -0.110584211636131
51.4605941994806 -0.110778609762706
51.4604195951033 -0.111586629305284
51.4604762114751 -0.111635567059651
51.460811119138 -0.111737824578619
51.4608642402621 -0.111686968233367
51.4610962978565 -0.111761068638392
51.4611040508425 -0.111767988918426
51.4611603730098 -0.111971715557513
51.4614707167542 -0.112139678788186
51.4614247185764 -0.112521278338359
51.4615097953763 -0.112657233763766
51.4613520623117 -0.113045222076934
51.4613865437508 -0.113316439237675
51.461421293511 -0.113375302600336
51.4613071212721 -0.113537398391201
51.461299681507 -0.113695211362469
51.4613234220432 -0.11391915669215
51.4613093424834 -0.114033089394495
51.4613077406143 -0.114034104977268
51.4612911261218 -0.114023988788605
51.4609834609731 -0.113994417285664
51.4609462520862 -0.114045327276236
51.4609173899903 -0.114246276433456
51.4609427423267 -0.11442516928007
51.4612499605785 -0.114320757344514
51.4612716442383 -0.114394521720501
51.4614458095334 -0.11460870726427
51.4613624154701 -0.115354453707197
51.4613591945475 -0.115355417247982
51.4608706338921 -0.115749898698038
51.4608162590771 -0.115840326422562
51.4608535504618 -0.115928759353603
51.4611596861175 -0.116243626164929
51.4612159823643 -0.116351099344464
51.4612859258083 -0.117129103157225
51.4613811144552 -0.117273671249462
51.4612630386202 -0.117797694840203
51.4612445075085 -0.117813768662273
51.4609306199791 -0.118197358603202
51.460834734821 -0.118491030119766
51.4606063061218 -0.118687600915868
51.461099782651 -0.119921416906843
51.4616341482348 -0.11969708335452
51.4618154887934 -0.120157524594938
51.4617357474705 -0.120628576107244
51.4617465740328 -0.120653413277627
51.4620617469337 -0.1210056914467
51.4625998052845 -0.120983591772451
51.4626000790366 -0.121000672853894
51.4626733198756 -0.121156006262271
51.463130133109 -0.121516959847038
51.4632442308219 -0.121371973191331
51.4636166503938 -0.121549209531967
51.4637270865534 -0.122337350739735
51.4638526813884 -0.122477959114902
51.4638602156002 -0.122544240563461
51.4631856230927 -0.12385956419339
51.463184155931 -0.12390271180232
51.4632278934008 -0.124085375239529
51.4633827471792 -0.124245559427368
51.4636549950281 -0.125191706800005
51.463636021179 -0.12533195611948
51.4630719427738 -0.12602084798365
51.462983326533 -0.126185550734946
51.4629940458818 -0.12638939031678
51.4634403921362 -0.126884007062768
51.4636934796135 -0.128033456402864
51.4637080398518 -0.128044493131418
51.4637695227697 -0.12828044475852
51.4637415791893 -0.128591156530326
51.4637554137257 -0.129176373025541
51.4640134553482 -0.129741634945616
51.4640409318747 -0.129762115048388
51.4640853256066 -0.129721603726314
51.4643038588516 -0.128667150569169
51.4644977712612 -0.129320504063229
51.4647041129028 -0.129175321117469
51.4647117535374 -0.129124560257273
51.4646937212978 -0.128873412065814
51.464959533072 -0.12857907710898
51.4650165488249 -0.12834373081182
51.4651527315756 -0.128297680914849
51.4652481497001 -0.129257411352364
51.4653289493013 -0.129425158901664
51.4655171984361 -0.129329263609286
51.4657685806924 -0.129330616242352
51.4661529336143 -0.128628303294346
51.466489766873 -0.128959246985427
51.4672213566325 -0.128608926295481
51.4672569319638 -0.128720006607971
51.4675185537443 -0.129070060992809
51.467607571719 -0.129583874860572
51.4682203053645 -0.129537212563856
51.468213864295 -0.129133501907305
51.4682530577697 -0.128924866310751
51.4688412627231 -0.128839666401022
51.4687707074921 -0.128035307091559
51.4685384062521 -0.127849533482823
51.4684467031606 -0.127640911696588
51.4686069376667 -0.127012537671819
51.469308740744 -0.127414848494333
51.4695013721847 -0.12703621609642
51.4699800244828 -0.127381071783583
51.4702553740315 -0.126524773629789
51.4702255557042 -0.126357773923975
51.4697152943057 -0.125919725053198
51.4697965387054 -0.125423252518637
51.4699839101732 -0.125222065885813
51.4704182227752 -0.125717238307409
51.4704180747854 -0.126096070103611
51.4707406518292 -0.126147672834727
51.4707813048742 -0.12535582097218
51.4708430178643 -0.125184118134585
51.4709753622867 -0.125235440192437
51.471405577046 -0.124951397617601
51.4715685222113 -0.124139320783107
51.4715608053568 -0.124123372681506
51.4714593820041 -0.123908851243887
51.4714746859962 -0.123466348669532
51.4715164818766 -0.123224344757179
51.4717928421941 -0.123106867288591
51.4722794300273 -0.123003198202877
51.4722560759051 -0.122504694321101
51.4724749653011 -0.122178006891742
51.4729302372306 -0.122061246608229
51.4730905992965 -0.122177896701401
51.473106585632 -0.122233040521322
51.4731827982587 -0.122400042819773
51.4738016976594 -0.122255786925752
51.4738518535883 -0.122215972564298
51.4739886942054 -0.121644266570009
51.4739797571177 -0.121569005048527
51.4743322565805 -0.121254857683542
51.4743901001509 -0.121105734204218
51.4744276131656 -0.120350036238532
51.4744463570103 -0.120330388103315
51.4746214913819 -0.119803873080639
51.4751267897098 -0.119947773795613
51.4754724937618 -0.11903085468617
51.4754763668027 -0.118941647733524
51.4756354598745 -0.118312242324088
51.475875051264 -0.118402354433602
51.4763935197735 -0.117983146413043
51.4759072805159 -0.117005104110076
51.4761151168727 -0.116758012952379
51.4762592171847 -0.116835784231684
51.4766928739294 -0.117483899480804
51.476627352274 -0.117809670079194
51.4768459601268 -0.11848564628673
51.4772566526178 -0.118067303944498
51.4773809288896 -0.117464594836536
51.477432451418 -0.117465204433568
51.477580853091 -0.117206187349639
51.4777536783713 -0.116889406822265
51.4780063827264 -0.116805144674591
51.478161389347 -0.116414526703983
51.4783810253755 -0.116599852098447
51.4788843477989 -0.116519748945602
51.4788460419796 -0.116295366701368
51.4791214156155 -0.115954637234659
51.4793932529253 -0.115925386697701
51.4792567633174 -0.114794193996528
51.4792760338317 -0.114583704354012
51.4793303329949 -0.114544536920447
51.4795250405935 -0.114655366774403
51.4795949564984 -0.114748782541269
51.4800927772867 -0.114991980998695
51.4803503327747 -0.114616821014913
51.4803375552636 -0.11417443700592
51.4803847283084 -0.114055529304626
51.4804365695564 -0.113751783179246
51.4804712612064 -0.113756763993923
51.4806065928131 -0.113691689888466
51.4811586786146 -0.113960548311509
51.4811865856971 -0.113912611442245
51.4811176292256 -0.113331231293404
51.4812020977838 -0.113027201427892
51.4811938181587 -0.112836719750939
51.4811923367872 -0.112834049763263
51.4811117275818 -0.111004668011671
51.4819265624428 -0.109876506935632
51.4812514541648 -0.10965600376423
51.4803517186281 -0.1093483764806
51.4803411901873 -0.109353324112495
51.4797843869494 -0.109010032442987
51.4796560030042 -0.108351935466926
51.4796751130318 -0.108226941432554
51.4799932580359 -0.107585512695841
51.4800075770873 -0.107341973596914
51.4794517075969 -0.106706093018926
51.4793551863027 -0.106747018338138
51.4790730230914 -0.1066488684029
51.4787096851095 -0.105042892888983
51.4785706075733 -0.10505946232589
51.4784103035949 -0.104691606519841
51.478365341786 -0.104062497104737
51.4783988955608 -0.103530109362669
51.4782549746458 -0.103086063394387
51.4780860264282 -0.103101146907792
51.4778671180422 -0.103012152456848
51.477778247148 -0.102959083664043
51.4775999695068 -0.102497592232741
51.4774529437007 -0.102478521905916
51.4770396219526 -0.101447961599625
51.4770286285121 -0.101257611765031
51.4768837551291 -0.101082795816133
51.476451754049 -0.10147510184986
51.4762146602797 -0.101595604746642
51.4757681502752 -0.101103004933274
51.4756405416647 -0.101089426067475
51.4756675043109 -0.102755051222585
51.4755309864971 -0.102935368253188
51.4757880679933 -0.103644688594304
51.4756913409431 -0.104056422253394
51.4752597139534 -0.104055440748612
51.4751678500048 -0.104000715986612
51.4749254165293 -0.104881051501168
51.475400841431 -0.105372599789534
51.4754428696846 -0.105497781066554
51.4753771222418 -0.105712913273982
51.4747151851155 -0.106603371374416
51.474671754621 -0.106619535789305
51.4743760919803 -0.106720942212284
51.4743159751651 -0.106661336832873
51.4735316370705 -0.106997985412952
51.4733017638192 -0.107337793297096
51.4728493864932 -0.106797684418858
51.4724236651766 -0.106839528126603
51.472309078024 -0.106357392267804
51.4721628609444 -0.106187976046578
51.4723743649145 -0.105623952994243
51.4723835619729 -0.104635445858059
51.4723653126262 -0.104629909935475
51.4719050566181 -0.10465978906822
51.4717802186012 -0.104951080025664
51.4714655858639 -0.105330487511244
51.470812950676 -0.105277390396397
51.4708115285709 -0.105278399059654
51.4707798938042 -0.105329096435704
51.4698521818798 -0.104615227052069
51.4700053984824 -0.104311018421712
51.4698163448891 -0.103221921419023
51.4698096652728 -0.102809067804415
51.4696159769232 -0.102611962475974
51.469330830076 -0.102868581214927
51.4693169361146 -0.104438562050872
51.4691118213486 -0.104374172798016
51.4688438299602 -0.103912801645736
51.4684209420868 -0.104079791362416
51.4681812390334 -0.103827850027445
51.4681633458175 -0.103071806541803
51.4680740492484 -0.102970213174771
51.4679500739459 -0.102614474088234
51.4676163730893 -0.10222066685448
51.4673128230807 -0.102451092960455
51.4666473965973 -0.101952230644761
51.4666113053159 -0.101771987242286
51.466681671291 -0.101526072599168
51.4666049827051 -0.100632183710112
51.4664137359401 -0.100591574037472
51.4658214629711 -0.100885154427921
51.4657919263314 -0.101564900192075
51.4707611368339 -0.10724586527649
51.4705826509433 -0.107377430771616
51.4704478828226 -0.107193178934704
51.4704170284388 -0.106106412559464
51.4700894385088 -0.106724719398356
51.4697422363539 -0.106679734561504
51.4698259823779 -0.105619698014016
51.4705568234367 -0.105822586906708
51.4706485066534 -0.105782699412839
51.4707808963716 -0.106181332725999
51.4708215373075 -0.106922113887306
51.4707611368339 -0.10724586527649
6 4
51.4652403143639 -0.129735513100677
51.4650971914146 -0.130113024066883
51.4651836037959 -0.130429871861221
51.4655078287677 -0.130731542415667
51.465510486099 -0.130424583683875
51.4652403143639 -0.129735513100677
