51.4808191932004 -0.134884299692424
51.4807867917385 -0.13488194049255
51.4807767600699 -0.134901229996674
51.4803590496315 -0.135673473675411
51.4798295598445 -0.136624927594759
51.4799769482684 -0.136870890192798
51.4800352541285 -0.136970275820212
51.4806707216329 -0.137296335863674
51.4811166525353 -0.137530142926833
51.481252653796 -0.137353609716645
51.4817326556298 -0.136749821706838
51.4818065539253 -0.136523566689572
51.4820650754099 -0.135752454019927
51.4820550272292 -0.135612386048825
51.4820112626158 -0.134946338217119
51.4820095763819 -0.134919451460166
51.4815690275587 -0.134911300319136
51.4813280088032 -0.134905814904159
51.4808639142762 -0.134886868764839
51.4808191932004 -0.134884299692424
51.4810680795756 -0.135825526617994
51.4810667137985 -0.135830094598006
51.481063451204 -0.135828446466521
51.4810681592725 -0.135819229912202
51.4810680795756 -0.135825526617994
51.4810463690237 -0.135805750361283
51.481050630021 -0.13581365123301
51.4810428340937 -0.135826556026512
51.4810405597565 -0.135824867598964
51.4810377494308 -0.135817738785783
51.4810423959552 -0.135810305910956
51.4810463690237 -0.135805750361283
