51.5253417142053 -0.20612215501743
51.5250481604782 -0.205843559413245
51.5248514181902 -0.205546779839318
51.5247498534416 -0.205512857075595
51.5247191409912 -0.205503248456628
51.5243162700436 -0.205154198226766
51.5243028041105 -0.205102549944767
51.5242075598068 -0.205011685858279
51.5237401435319 -0.20454537696409
51.5236308217181 -0.204433437383784
51.523618709347 -0.204376269546872
51.5236441289753 -0.203846368338691
51.5228114801294 -0.203117882321134
51.5228114209726 -0.202808869252436
51.5224160698444 -0.202106335435043
51.5218239663597 -0.202462076203276
51.5213239458014 -0.202074590164484
51.5210818674091 -0.202697614976025
51.5207871720367 -0.203501092854142
51.5209464725491 -0.204047107224943
51.5208363037938 -0.204361393868282
51.5206325374494 -0.20450453664603
51.5200316394916 -0.204902886245044
51.5200074624728 -0.204956128541947
51.5197496181374 -0.205060866158675
51.5194301483993 -0.206114730343582
51.5191289338092 -0.206258123946844
51.5190405636274 -0.206222853247845
51.5186776808643 -0.206895609590649
51.5182961173663 -0.207240376340879
51.5181381028224 -0.20779514545019
51.5180677190036 -0.207825003639044
51.5175866222364 -0.208887050725172
51.5173723009871 -0.208892724793355
51.5171372289039 -0.20911727905467
51.5169979419031 -0.209580264024257
51.5169981800484 -0.209790239375245
51.5168010954166 -0.210077113011768
51.516740992791 -0.210415537732835
51.5167243593591 -0.210880957673019
51.5167446820538 -0.210922585875573
51.5172188215324 -0.211289040946806
51.517175213429 -0.211418261677554
51.5170798745303 -0.212789453788801
51.5169137213979 -0.212988710193974
51.5168212099559 -0.213554901968829
51.5168092120165 -0.213994946798754
51.5162517566358 -0.213924416610128
51.5157942521617 -0.214579141420856
51.5157985501594 -0.214696143335063
51.5155160057226 -0.21507462153361
51.5153389114107 -0.215010006889047
51.5152159940826 -0.214665683016915
51.5150717206585 -0.214548451766416
51.5150638902259 -0.214494689502539
51.5147486389352 -0.213917496039249
51.5147002125021 -0.21391939017482
51.5143481481222 -0.215057766389584
51.5145519556385 -0.21535959069465
51.5145484171342 -0.215995709123341
51.514289046515 -0.216254909136661
51.5141709507688 -0.21638108461224
51.5140826149231 -0.21664940506901
51.5140291056803 -0.21676046095282
51.5140102256219 -0.216937778047712
51.5137009193952 -0.217235755773129
51.5135966532629 -0.217662734634919
51.5134533723964 -0.217876869108486
51.5133371670791 -0.217802146288894
51.5128313363749 -0.217928236005438
51.5125764726169 -0.217377920665921
51.512153743797 -0.217612820324018
51.5120048202321 -0.217538426640176
51.5118285236946 -0.216976144111055
51.511645192902 -0.217009799264451
51.5114281169277 -0.217266018540745
51.511318762945 -0.217742723243995
51.5115225337185 -0.218267452104355
51.5115010285624 -0.21858578454333
51.5112946233322 -0.219023970819996
51.5112185867206 -0.2191909098876
51.5111228489711 -0.220109211260589
51.5111356669793 -0.220124514953763
51.5115600056331 -0.221008651847219
51.5130148927149 -0.221101578331894
51.5132054314218 -0.221898969913783
51.5148338606393 -0.22238004510698
51.515160073634 -0.223921191370335
51.5151688343989 -0.224731521566986
51.5159761204154 -0.225034415646957
51.5167954344016 -0.224658892724998
51.5168633936342 -0.224682394364568
51.5169376886019 -0.224673088545836
51.5177766851082 -0.225241790215834
51.5181894062127 -0.225075296576586
51.5184286217142 -0.225413724074314
51.5185363658226 -0.226028933637275
51.5189132486106 -0.226393513731316
51.519026998493 -0.226722446436872
51.5191284408823 -0.226891421806716
51.519234697411 -0.227367062070109
51.5194038676334 -0.227823981051171
51.5198738470757 -0.22793052461417
51.5200446801084 -0.228277456308447
51.5200638629618 -0.228315455214359
51.5206455613521 -0.23282483747216
51.5212041402725 -0.233155836303253
51.5225382552509 -0.230014909936629
51.5252300487936 -0.232845495914759
51.5271423283235 -0.230189638819888
51.5269690872327 -0.229039467183102
51.5272508427654 -0.227689183804051
51.5274861976313 -0.224781905038681
51.5275009729621 -0.22468897306497
51.5274468952688 -0.224489721096598
51.5272982629605 -0.224042276476339
51.526909462366 -0.221046617986082
51.5268238959061 -0.220780967575249
51.5267516352192 -0.220396888220297
51.5270410893496 -0.219589934829791
51.5276568033715 -0.218843815853154
51.5281686094261 -0.217702462849043
51.5283528250661 -0.216798304119111
51.5279375167524 -0.21640943717777
51.5280708563027 -0.215512259178014
51.5281453093572 -0.215306563203102
51.5282152767574 -0.215261035573302
51.5285198246649 -0.216181279826467
51.5288492635596 -0.216273364197144
51.5288936391928 -0.21642485041262
51.5290628552173 -0.216586317236428
51.5292869977232 -0.216475688216532
51.529411785063 -0.215997356203205
51.5295339998914 -0.215805121913026
51.5296913108881 -0.215993561990878
51.5301192469769 -0.215545689230722
51.5302592230668 -0.215705566168829
51.530732436528 -0.215633928984152
51.5308333809413 -0.215674559488304
51.5308812186749 -0.216071388892074
51.5309883919459 -0.216302925099072
51.5309983526272 -0.216331303110919
51.5316181002069 -0.216649915681226
51.5318681451152 -0.216067045781572
51.5319144280433 -0.216024699967195
51.5321223082701 -0.215370957150962
51.5319894950769 -0.214766080277299
51.5321396164765 -0.214623737705972
51.5326311521447 -0.213694737711967
51.5322811436274 -0.212966410481997
51.5323534822146 -0.212356711691053
51.533077492511 -0.211735382710174
51.5332121898883 -0.211525037888206
51.5332841144214 -0.211041946853129
51.5328981460579 -0.210285201285555
51.5329096022906 -0.210169915561617
51.5334682815166 -0.208965743871749
51.5333212729105 -0.208292950232599
51.533311161526 -0.207907583707484
51.5333135537555 -0.207899405963432
51.5333603971883 -0.207293777363505
51.5333729933001 -0.207235625948032
51.5328544105088 -0.206408991825806
51.5326548207044 -0.206249218907239
51.5326457687569 -0.206221638463938
51.5321943772601 -0.205856361363831
51.532029086102 -0.206081829450842
51.5317200591225 -0.206178735203847
51.5317046955884 -0.206167570457774
51.5314696740833 -0.205719022451511
51.5314618764301 -0.205503096174098
51.5312427151377 -0.204869199887284
51.5311362580099 -0.204697692013597
51.5309233195053 -0.205028690569289
51.5303432472039 -0.2051136751322
51.5303037341359 -0.205169315691946
51.5300401882677 -0.205271567389322
51.5299326891038 -0.205231693771316
51.529768401349 -0.204735333613278
51.5296562778394 -0.204681141259427
51.5295221794056 -0.204724216813884
51.5292212798442 -0.204553232786136
51.5292036623401 -0.20455927494024
51.5290385640987 -0.204403633421401
51.5284730912668 -0.204385227697734
51.5284681566848 -0.204403489586981
51.5284469319324 -0.204725977991074
51.5282175010236 -0.205242323143489
51.5278933567316 -0.205514552227186
51.5277850893998 -0.205353943150386
51.5276072605668 -0.204906753909987
51.5270777095282 -0.205532237399731
51.5270295906704 -0.205842222150708
51.5270121452103 -0.205888907870227
51.5269203581239 -0.20591236581468
51.5265387240672 -0.205829067637579
51.526507552617 -0.205771812974466
51.526210861744 -0.20571132689676
51.5258769050211 -0.205189346697801
51.5256977640472 -0.205267468637745
51.5253417142053 -0.20612215501743
