235 4
51.5125764726169 -0.217377920665921
51.5128313363749 -0.217928236005438
51.5133371670791 -0.217802146288894
51.5134533723964 -0.217876869108486
51.5135966532629 -0.217662734634919
51.5137009193952 -0.217235755773129
51.5140102256219 -0.216937778047712
51.5140291056803 -0.21676046095282
51.5140826149231 -0.21664940506901
51.5141709507688 -0.21638108461224
51.514289046515 -0.216254909136661
51.5145484171342 -0.215995709123341
51.5145519556385 -0.21535959069465
51.5143481481222 -0.215057766389584
51.5147002125021 -0.21391939017482
51.5147486389352 -0.213917496039249
51.5150638902259 -0.214494689502539
51.5150717206585 -0.214548451766416
51.5152159940826 -0.214665683016915
51.5153389114107 -0.215010006889047
51.5155160057226 -0.21507462153361
51.5157985501594 -0.214696143335063
51.5157942521617 -0.214579141420856
51.5162517566358 -0.213924416610128
51.5168092120165 -0.213994946798754
51.5168212099559 -0.213554901968829
51.5169137213979 -0.212988710193974
51.5170798745303 -0.212789453788801
51.517175213429 -0.211418261677554
51.5172188215324 -0.211289040946806
51.5167446820538 -0.210922585875573
51.5167243593591 -0.210880957673019
51.516740992791 -0.210415537732835
51.5168010954166 -0.210077113011768
51.5169981800484 -0.209790239375245
51.5169979419031 -0.209580264024257
51.5171372289039 -0.20911727905467
51.5173723009871 -0.208892724793355
51.5175866222364 -0.208887050725172
51.5180677190036 -0.207825003639044
51.5181381028224 -0.20779514545019
51.5182961173663 -0.207240376340879
51.5186776808643 -0.206895609590649
51.5190405636274 -0.206222853247845
51.5191289338092 -0.206258123946844
51.5194301483993 -0.206114730343582
51.5197496181374 -0.205060866158675
51.5200074624728 -0.204956128541947
51.5200316394916 -0.204902886245044
51.5206325374494 -0.20450453664603
51.5208363037938 -0.204361393868282
51.5209464725491 -0.204047107224943
51.5207871720367 -0.203501092854142
51.5210818674091 -0.202697614976025
51.5213239458014 -0.202074590164484
51.5212748760687 -0.201858555262647
51.5217437965583 -0.20030574076373
51.5217399560756 -0.200219488704443
51.5210124757947 -0.199942730282667
51.5207207212641 -0.20033894041846
51.5201879612339 -0.200032879169931
51.520178984231 -0.199992706860679
51.5199578237536 -0.199728440166993
51.5196221586191 -0.19970019952777
51.5195922334635 -0.199718493040996
51.519439417099 -0.199274102568961
51.5191846616767 -0.199064410263188
51.5190030660734 -0.199076089369869
51.5189501883031 -0.198858317291361
51.5185093745629 -0.198258566087908
51.518423801911 -0.198294386485735
51.5180698627943 -0.198083151850276
51.5177934584588 -0.199045366947368
51.5175766709252 -0.199107038670574
51.5174301143748 -0.199538972650601
51.5173264823364 -0.199598912910481
51.517164426566 -0.200227773297618
51.5167456778995 -0.200022649262358
51.5167067206196 -0.199962033657057
51.5167065135933 -0.199960259275249
51.5164415303044 -0.199564406793594
51.516435891436 -0.199197070867947
51.5159061911261 -0.199248620477543
51.5158398989409 -0.199603458714579
51.5153982884267 -0.199420043291231
51.5154089937835 -0.199303402627559
51.5152705845374 -0.198854801817875
51.5153096395562 -0.198605614170318
51.5152973711002 -0.198585302462666
51.5151303005973 -0.198067724894313
51.5152487195337 -0.197788311241843
51.5153083602077 -0.197703012180952
51.5155087271541 -0.197672644209126
51.5155642885358 -0.196953411122184
51.5155076149858 -0.196822318185105
51.5154173963271 -0.19677811003562
51.5152811297541 -0.196393482777409
51.515319686327 -0.196082994926204
51.5151363197845 -0.195751567123379
51.5149531574051 -0.195591251557141
51.5147784577156 -0.195834985600993
51.5146917110335 -0.195829500634542
51.5141017095624 -0.195105136027011
51.5138325274256 -0.195722871748028
51.513855150784 -0.195831894561936
51.5133231778982 -0.196799610262372
51.5130438720028 -0.196425996967875
51.5125992238191 -0.196676812578887
51.512396586744 -0.197249589789775
51.5123849070012 -0.197250050855745
51.5117537988783 -0.197757743128481
51.5115847238764 -0.19753116603013
51.5114403033558 -0.197569304604943
51.5108949656574 -0.196890020293835
51.5108933484622 -0.196890084143059
51.5107848179558 -0.197450094142833
51.5103369843688 -0.197271479372264
51.5102524378842 -0.196707334881213
51.509843137984 -0.196900891574641
51.5097650331755 -0.196726579565063
51.5093487276188 -0.196967343238162
51.5093459752523 -0.196916954628147
51.5093883391327 -0.196509046109074
51.5091048412379 -0.196277973888375
51.5090886955837 -0.196210173248857
51.5091431033797 -0.196047740906093
51.5096877996002 -0.195989274068403
51.5095671523621 -0.195673469427086
51.5096722294398 -0.195281021092229
51.5097358782412 -0.195164202957192
51.5096784834576 -0.195009750129261
51.509695657839 -0.194840587403295
51.5095702084565 -0.194265596453933
51.509373243869 -0.194522781132408
51.5090696282153 -0.194369153226818
51.508925292175 -0.194617125303149
51.5089394194582 -0.194658865395291
51.5089630658357 -0.194787559112925
51.5090199836338 -0.194916839067621
51.5090569937628 -0.195364858687204
51.5087140585773 -0.195413459266049
51.5086960306983 -0.195486292525074
51.5086118748115 -0.195766100425775
51.5087085903678 -0.196109933893204
51.508632842991 -0.196311109404622
51.5087927016689 -0.197019829061653
51.5086470374065 -0.197094016825516
51.5085577286407 -0.197822670354173
51.508717679935 -0.198134190336502
51.5086921385264 -0.198227161075161
51.50871685256 -0.198548532416884
51.5083098029404 -0.198912237948859
51.5082644394418 -0.199119456629637
51.5082725449771 -0.199126265893778
51.5084125264649 -0.199747612576564
51.5084428807609 -0.199768990945498
51.5082935621519 -0.200190964025225
51.508341507899 -0.200433119547561
51.5079519339216 -0.200535796527072
51.507890757636 -0.199870832613484
51.5077276002277 -0.199935837654115
51.5075118414662 -0.200568461584792
51.5077455580591 -0.200848444554248
51.5077266794088 -0.201030140120586
51.5077744675306 -0.201150754071684
51.5077066463037 -0.202350344865977
51.5076670389587 -0.202341091750708
51.5071387967244 -0.203139145006388
51.5071004966804 -0.203115463731194
51.5062332289853 -0.203795307268348
51.5060122917945 -0.203515766254091
51.505799676898 -0.203022521782328
51.5052921850604 -0.202693076347101
51.5040536531034 -0.203409124091252
51.5038491630677 -0.204133071436337
51.5036131530378 -0.204765585228026
51.503694041707 -0.204875862581392
51.5046759637884 -0.207618258539288
51.5047277877366 -0.207650440907501
51.5049228777381 -0.208651444162847
51.5048715439502 -0.208939777952076
51.50496234447 -0.209770232415952
51.5050822631856 -0.209869962994575
51.5051891659386 -0.210418697114302
51.5052010918255 -0.210446149330881
51.5052013671912 -0.210464197072293
51.5053591006997 -0.211186539253428
51.5057675701705 -0.211573657349703
51.5055649341594 -0.21183868943784
51.5052908530788 -0.211834092613959
51.5051262435952 -0.212075534461245
51.5051797087794 -0.212728657049652
51.5051281420104 -0.212754554648411
51.5047772656457 -0.213692704252697
51.5049457421794 -0.214348456092632
51.504648875304 -0.214453322293647
51.5042630967221 -0.214233289002491
51.5041563288527 -0.214164517515859
51.5039805496648 -0.2142808067451
51.5040404056684 -0.21496479204613
51.5035616579575 -0.215062739989285
51.5035132887088 -0.215588307585994
51.5035300312287 -0.21580244705251
51.5037831066937 -0.2162819095431
51.5039260788216 -0.216319571143861
51.5040823214308 -0.216485022183361
51.5047534087431 -0.216059042396799
51.505230355567 -0.216498770003737
51.5052597908578 -0.216625456183743
51.5052935033074 -0.217074890964834
51.505269542849 -0.21756269394268
51.5061464394045 -0.217866129768671
51.5066109119663 -0.218230812837115
51.5069045343273 -0.218782164188227
51.5069259240257 -0.218870556743448
51.5069587134589 -0.218928208184543
51.5071870805266 -0.219202192776383
51.5080470752943 -0.220613671432442
51.5080647122362 -0.220620707211764
51.5080844284567 -0.220587027786525
51.5087986739355 -0.219585985060554
51.5098553528345 -0.219231469921346
51.5108035927246 -0.220166686490371
51.5111228489711 -0.220109211260589
51.5112185867206 -0.2191909098876
51.5112946233322 -0.219023970819996
51.5115010285624 -0.21858578454333
51.5115225337185 -0.218267452104355
51.511318762945 -0.217742723243995
51.5114281169277 -0.217266018540745
51.511645192902 -0.217009799264451
51.5118285236946 -0.216976144111055
51.5120048202321 -0.217538426640176
51.512153743797 -0.217612820324018
51.5125764726169 -0.217377920665921
6 4
51.5093607510917 -0.193582955831224
51.5095953541354 -0.194176320650296
51.5098353263257 -0.194155069281733
51.5100223073316 -0.19369913467449
51.5095647592173 -0.193246237092878
51.5093607510917 -0.193582955831224
