51.5027950973334 -0.216481341639614
51.5027127776408 -0.216843805285925
51.5026262665497 -0.216966100156732
51.50264753251 -0.217827040755945
51.5028134324043 -0.21791822222216
51.5030907356828 -0.218046163726358
51.5032610413907 -0.218486568576294
51.5032170188614 -0.218926422802176
51.5028573461463 -0.219264650391312
51.5028295356074 -0.220340516283989
51.5030048244089 -0.22048183156969
51.5034942348565 -0.219658599528681
51.5036000210119 -0.22039152321829
51.503065540531 -0.220584842428906
51.5031484947862 -0.220986364968178
51.5031257360319 -0.221068392033239
51.5029811729164 -0.221542212905789
51.5031782963226 -0.221813364030616
51.5031583062289 -0.222273781767187
51.5030911911457 -0.222418716441642
51.5028657885668 -0.222434733836629
51.5027684943929 -0.22259331547262
51.5027014880858 -0.22271579109586
51.5026574036908 -0.22287372725343
51.5027130433171 -0.22321144808289
51.5025120027165 -0.223619144338272
51.5022313426385 -0.223773684446875
51.5021421956424 -0.223740204325907
51.5020565883055 -0.223869220806134
51.5019058461684 -0.224862049584336
51.5016802704777 -0.225056731374966
51.5017482406611 -0.225544365497402
51.5014313765584 -0.226330747872936
51.5015510579707 -0.2266178653734
51.5016069684286 -0.226879066991276
51.5017327871947 -0.227048933947584
51.5018162998614 -0.227756574605716
51.5020196326619 -0.227927952349457
51.5021442184193 -0.228373363836626
51.5021346407709 -0.228667759984205
51.5018181727945 -0.228904200262117
51.5017835760494 -0.229464837516432
51.5011778892166 -0.229700360170982
51.5010730656086 -0.230170811479556
51.5011104015144 -0.23037523719294
51.5008201694865 -0.230771848058572
51.5009560605753 -0.232188440182313
51.5009594041936 -0.232195557284481
51.5008894541159 -0.232445475438718
51.5007026181433 -0.233082074840419
51.5006171188674 -0.233135393658981
51.5005295177861 -0.233305805277057
51.499828909212 -0.233852967074556
51.4998064142336 -0.234144163643348
51.5002722356727 -0.235061772754214
51.5002464993522 -0.235436489298821
51.5000618134479 -0.235870443199252
51.499746930644 -0.235944254219109
51.4995716201293 -0.236386035933054
51.4989901105775 -0.236436753868347
51.4988897219131 -0.236707667066579
51.4989224114229 -0.237279564326326
51.4991704397203 -0.237943534857802
51.4991284498772 -0.239152178460687
51.4980851800881 -0.239553496861329
51.4979886049501 -0.24079806592234
51.4983299742666 -0.241525089338263
51.4984963553107 -0.241709578646361
51.4986985431768 -0.242393742386057
51.4986793751795 -0.242938413093924
51.4987931059826 -0.243533211062824
51.4987736825627 -0.243670921364165
51.4995242241361 -0.244558304148959
51.4994195277976 -0.244921074227942
51.4991829995638 -0.245094921605459
51.4988071461208 -0.245931020886571
51.4983639432342 -0.246213288443236
51.4985891654531 -0.247207336398808
51.497984045779 -0.248301531260312
51.4981308924966 -0.248954576418803
51.4980904569925 -0.249142502916028
51.4983931576722 -0.250227671789219
51.498873399583 -0.250860838543975
51.4988776153094 -0.250860202000414
51.4989420802377 -0.250818533684606
51.499156052532 -0.250566347827015
51.4996789530565 -0.250455332137081
51.5002279674661 -0.251926818914653
51.5002308832697 -0.251929439583398
51.5003068768499 -0.252208902451897
51.5004312797404 -0.252400864822661
51.5004961228685 -0.252426776120692
51.5007269036816 -0.252373282174146
51.5011525245301 -0.252551112281368
51.5012778775251 -0.25303622952682
51.5013613693231 -0.253113105146292
51.5016070214573 -0.25309836643102
51.5018240856522 -0.253294872040678
51.5020639504856 -0.253712540054048
51.5021318558182 -0.253750929567432
51.5022914041269 -0.253906515034171
51.5023079707107 -0.25385990704539
51.5026625355698 -0.25280995348009
51.5025518335056 -0.25215580530876
51.5026412253141 -0.251952921993774
51.5026753650754 -0.251867030838861
51.5031509435195 -0.251807846337284
51.5032750097536 -0.25201337553109
51.5039465244937 -0.251625690399469
51.5039609276943 -0.25139181144549
51.5039445141786 -0.251297873119316
51.5040061610511 -0.250789890198948
51.5045409871171 -0.250827506027323
51.5046313676092 -0.249751007036526
51.5046882806038 -0.249721382670915
51.5047469294516 -0.249657476061153
51.5049032546026 -0.249494307462819
51.5048784128137 -0.249197178383017
51.5046832018197 -0.248592224459047
51.504491932514 -0.24840186827126
51.504373444719 -0.248377661100931
51.5041915262765 -0.248331888068223
51.5041364611673 -0.247600511027758
51.5043362622849 -0.247453252529747
51.5048256138899 -0.247539858285942
51.5049584258827 -0.247475835927405
51.5049271372642 -0.246910099459867
51.5045245307078 -0.246576504489458
51.5043678027943 -0.246195339910242
51.5043454794453 -0.246007061976785
51.5043507676157 -0.245987969193113
51.5052847425694 -0.246296049712787
51.505314598364 -0.246266627714936
51.5054640382203 -0.246400844237761
51.5054789096643 -0.246439479423064
51.5062260483116 -0.246661601774382
51.5063183545171 -0.246425788035227
51.5066874071247 -0.246469242689859
51.5068827977952 -0.245251780928378
51.5071955906729 -0.245338377500831
51.5076175163302 -0.244229218442919
51.5078118151788 -0.244020956651016
51.5080697778904 -0.244083990606432
51.508256976415 -0.244200122529189
51.5084697706501 -0.244927283089051
51.5085417982756 -0.245054735876349
51.5088087975468 -0.244946692210938
51.5097873492245 -0.245211718159713
51.5098533139561 -0.24581135191217
51.5100317982877 -0.246264679447048
51.5104196511365 -0.246032347302584
51.5104810287827 -0.246030821893648
51.5110015754987 -0.245588422919798
51.5114118862353 -0.245739724295829
51.5115260818401 -0.245975833699747
51.5116012692067 -0.245971995420333
51.5118754572642 -0.246074108818761
51.5123862434032 -0.247023266281199
51.5126589183009 -0.246831710303352
51.5131794743876 -0.247953885002378
51.513377618581 -0.2479183587294
51.5135980801916 -0.248161220318463
51.5139612472863 -0.248358446511622
51.5140310966578 -0.24846069284937
51.5143639295983 -0.248221913146031
51.51528016451 -0.249004208172682
51.5154752232639 -0.248828224304052
51.515622694428 -0.248927141588036
51.5159783493592 -0.249862032786326
51.5161961936084 -0.249929737148914
51.5165318004855 -0.249689899474151
51.5167259362388 -0.248765403794493
51.5168651223468 -0.248628514239866
51.5170173215243 -0.248905625764512
51.5171897113256 -0.250288929321007
51.5171907262129 -0.250290672981875
51.5178206875728 -0.250209371218576
51.5179808035858 -0.249480813971689
51.5181266614464 -0.249146393864725
51.5194152893586 -0.249082122627422
51.5194193152959 -0.249086840780418
51.5232027445316 -0.247087159277326
51.5232899314197 -0.24421886698013
51.5231225398155 -0.243684289429335
51.5229372514116 -0.24295132769485
51.5225505992667 -0.240672031631101
51.522941248683 -0.239248819502918
51.5228833057029 -0.23857490679326
51.5212041402725 -0.233155836303253
51.5206455613521 -0.23282483747216
51.5200638629618 -0.228315455214359
51.5200446801084 -0.228277456308447
51.5198738470757 -0.22793052461417
51.5194038676334 -0.227823981051171
51.519234697411 -0.227367062070109
51.5191284408823 -0.226891421806716
51.519026998493 -0.226722446436872
51.5189132486106 -0.226393513731316
51.5185363658226 -0.226028933637275
51.5184286217142 -0.225413724074314
51.5181894062127 -0.225075296576586
51.5177766851082 -0.225241790215834
51.5169376886019 -0.224673088545836
51.5168633936342 -0.224682394364568
51.5167954344016 -0.224658892724998
51.5159761204154 -0.225034415646957
51.5151688343989 -0.224731521566986
51.515160073634 -0.223921191370335
51.5148338606393 -0.22238004510698
51.5132054314218 -0.221898969913783
51.5130148927149 -0.221101578331894
51.5115600056331 -0.221008651847219
51.5111356669793 -0.220124514953763
51.5111228489711 -0.220109211260589
51.5108035927246 -0.220166686490371
51.5098553528345 -0.219231469921346
51.5087986739355 -0.219585985060554
51.5080844284567 -0.220587027786525
51.5080647122362 -0.220620707211764
51.5080470752943 -0.220613671432442
51.5071870805266 -0.219202192776383
51.5069587134589 -0.218928208184543
51.5069259240257 -0.218870556743448
51.5069045343273 -0.218782164188227
51.5066109119663 -0.218230812837115
51.5061464394045 -0.217866129768671
51.505269542849 -0.21756269394268
51.5052935033074 -0.217074890964834
51.5052597908578 -0.216625456183743
51.505230355567 -0.216498770003737
51.5047534087431 -0.216059042396799
51.5040823214308 -0.216485022183361
51.5039260788216 -0.216319571143861
51.5037831066937 -0.2162819095431
51.5035300312287 -0.21580244705251
51.5027752117801 -0.215983634377667
51.5027950973334 -0.216481341639614
