51.5072665481321 -0.310677282694452
51.506938025191 -0.310687175021041
51.5063220790757 -0.310040354111455
51.50584905679 -0.309997975316996
51.5047819903666 -0.311453590434804
51.5047602573744 -0.311530071601762
51.5032567084502 -0.311897728688374
51.5028344363352 -0.312802063611581
51.5028260899147 -0.313415609623837
51.5015935652664 -0.314633143528048
51.501573143736 -0.314632114928758
51.5014761369328 -0.3145127406245
51.5012198172526 -0.314304803014411
51.5003090229437 -0.314777342618295
51.5003084451709 -0.314780927686251
51.4995788532444 -0.315457975120939
51.498929479092 -0.315329748116044
51.4988716482886 -0.316110417946997
51.4981734512376 -0.317704246398514
51.4969673646643 -0.318147879801586
51.4966913156899 -0.318619984898259
51.4965825927172 -0.319112892748366
51.4964271192281 -0.319379812769423
51.4963090450649 -0.3197222072909
51.4962606996831 -0.320043625484024
51.4965366139859 -0.321671248299618
51.4962849925099 -0.322532270843728
51.4963141530658 -0.323974632028774
51.4965893935854 -0.324318863877384
51.4972436847075 -0.324294870430313
51.4973103559553 -0.32368235092965
51.4971421504883 -0.322449490204187
51.4979992865896 -0.322453182943013
51.4986537684928 -0.323479948719737
51.4986496880762 -0.323490076583608
51.4984724038342 -0.324326308566101
51.4985050601506 -0.325058027286519
51.4992358385699 -0.325744447919055
51.499521643574 -0.325500315857874
51.4996143504431 -0.325571162033167
51.4997504443725 -0.325771919429078
51.5010337199575 -0.326218363994548
51.5010945826605 -0.326407511128101
51.5011032590724 -0.326417053194653
51.5012567113112 -0.326467265466125
51.5013329447427 -0.326511396876973
51.5014337559865 -0.326602146076786
51.501567390363 -0.326636929025617
51.5022391590681 -0.327485361786939
51.5022523229593 -0.32748808739259
51.5024614296377 -0.327343458983007
51.5028032152925 -0.326933446618859
51.5029024498317 -0.32624577077277
51.5031682322415 -0.326041083926779
51.5032855983113 -0.326139069855109
51.5040057341424 -0.325847044250072
51.5041736601921 -0.325632749531746
51.5042476345312 -0.325323410263361
51.5050052581004 -0.325226730149474
51.5050162724564 -0.32528038217514
51.5050656584594 -0.326202155043961
51.5052419230344 -0.326736019918976
51.5055445331406 -0.326674086918957
51.5059938577513 -0.326114563037248
51.5061742947563 -0.326033578007042
51.5068679316527 -0.326454880149684
51.506992276104 -0.326241814482004
51.5075896741085 -0.326269111997891
51.5078128266433 -0.326674279629694
51.5079063174688 -0.327663762538106
51.5079492144376 -0.327784686774998
51.508141802528 -0.327799260034774
51.5084296086967 -0.328395263253786
51.5089971144793 -0.327675152982645
51.5094054945142 -0.328310477473529
51.5094082863428 -0.328323444988169
51.5095544207687 -0.328509984029752
51.5103526567563 -0.328569409655148
51.510465247524 -0.328445995930985
51.5106920085921 -0.328612835686858
51.5107052685625 -0.328634926009479
51.5115192830372 -0.331469789580681
51.5116603741255 -0.331289492563123
51.512864523301 -0.33090232985831
51.5131286537097 -0.330536795456958
51.513442183374 -0.330471387089389
51.5143009399515 -0.329237926949655
51.5145100853892 -0.329259982325734
51.5147942988507 -0.329421173803926
51.5149600756195 -0.329276434834905
51.515386609135 -0.32920497902767
51.5162381951332 -0.330353358511223
51.5162758199112 -0.330489354045425
51.5164465932898 -0.330765102743246
51.5167554704365 -0.330593860363497
51.517145899607 -0.329880595844598
51.5176994438171 -0.329776569342454
51.5177543103412 -0.329721798729129
51.5182603423504 -0.328762444034658
51.5184226186748 -0.328763278282316
51.5188026372758 -0.329875851784933
51.5189836961615 -0.329958359266862
51.5197290843848 -0.329494706488541
51.5198516176494 -0.329179331119897
51.5199392754141 -0.32907890991167
51.5205231613705 -0.328952958254908
51.5206050135389 -0.329063458986111
51.5206449659407 -0.329078753906988
51.5211486403895 -0.32989176668445
51.5213158264305 -0.329934377934516
51.5220041163963 -0.330840256568653
51.5224668155355 -0.330739075496831
51.5226800735266 -0.330551101472949
51.5229210515624 -0.330599099893608
51.5237130915799 -0.330425492847479
51.5244578380029 -0.329967169789978
51.5245285225868 -0.330025794119395
51.5247996042051 -0.330205570661226
51.5248511517426 -0.330233399031917
51.5251312647228 -0.330346644743937
51.5252875057064 -0.33039084991898
51.5253551840006 -0.330585677041407
51.525632288452 -0.331751401420358
51.5263520996907 -0.332731953577067
51.526499819999 -0.333157187305837
51.5270420124297 -0.333494209853507
51.5272504171648 -0.333805982762622
51.5279190492981 -0.333969023241386
51.5290643684289 -0.335332814239679
51.529661043915 -0.335740403587379
51.5298726023781 -0.335939045288273
51.530583321559 -0.331805087551177
51.5303888915364 -0.330744503701415
51.5304479019296 -0.330191263341593
51.5307294025764 -0.329461081989218
51.530805052168 -0.326165701351255
51.5308043369156 -0.325939159150613
51.5307930835449 -0.325830923705798
51.5303207655059 -0.324395302170466
51.5295737282511 -0.323168908074835
51.5298942637277 -0.321695163987307
51.5301873112139 -0.320908644924476
51.5306579484496 -0.318029870703086
51.5304087301478 -0.317081674130087
51.5277039274119 -0.318205408333776
51.5276391443618 -0.318264136350844
51.527450206591 -0.319144142736944
51.5269616990707 -0.31941352298773
51.5264328597498 -0.318530728152065
51.526103588692 -0.318588736800236
51.5261025241161 -0.318589726885728
51.525235074034 -0.317966658803863
51.5249568357986 -0.317916056745659
51.5249337972017 -0.317845354373479
51.5245921499009 -0.317497931721086
51.5245156757037 -0.317355747329956
51.5245088937297 -0.317227634043856
51.523629317922 -0.31625503904531
51.5234275392586 -0.316452050189834
51.523119282801 -0.316057540896559
51.5222761843192 -0.315948159310685
51.5222020570833 -0.315875662333659
51.5221723163914 -0.315613747018485
51.5213842613871 -0.31489907840589
51.5213528908178 -0.314724105478446
51.5209006929286 -0.314247588430272
51.5209553393407 -0.313371223131639
51.521438367712 -0.312915546583834
51.5212386613016 -0.312100033638644
51.5207831425297 -0.312305600443306
51.5202310078909 -0.310857575871744
51.5201909254486 -0.310402698888088
51.520073118918 -0.310262544868016
51.5196729031339 -0.31054391984348
51.5192057576396 -0.310566196528502
51.5191461245932 -0.310620217711628
51.5189002538428 -0.311138308163176
51.5184765143777 -0.31145309985502
51.5184069894279 -0.311219656572092
51.5184377148376 -0.310444164239795
51.5183139816046 -0.310329428548065
51.5181893045017 -0.309749832119569
51.5177972149138 -0.309939988155208
51.5178167376011 -0.310583840390294
51.5176336303962 -0.311040532286643
51.5172646049979 -0.311096963010232
51.5168740820702 -0.311489778096243
51.5168757540218 -0.311605936974227
51.5163720866565 -0.312676238835193
51.5163275978514 -0.312726961049416
51.516013937596 -0.312782637755547
51.5156628464691 -0.312754731794069
51.5152192605713 -0.313358858395157
51.5149663444733 -0.313406463060117
51.5144442765416 -0.313785557963492
51.5143576018305 -0.314391337624173
51.5143332644288 -0.314499419176899
51.5140622296503 -0.315056743075964
51.5139588676056 -0.315164530736281
51.5133479744959 -0.314911392506847
51.513035257975 -0.314444660403962
51.5132629035817 -0.313364451103444
51.5131095448616 -0.313171082674311
51.512603655908 -0.31353744686927
51.512436311029 -0.314272252086112
51.5122649008469 -0.314255170882704
51.512004798505 -0.314046732527435
51.5118037676913 -0.314232980523457
51.5112962423861 -0.314116614733942
51.5111092326645 -0.313677229784309
51.5108577429702 -0.313255082182009
51.5105422175279 -0.313593723565674
51.5102029428555 -0.313487314196273
51.5096688307771 -0.311822815231098
51.5093476619872 -0.310314323001531
51.5091091757219 -0.310271461003604
51.5089639129721 -0.310097543829281
51.5088877616664 -0.310078261818592
51.5072665481321 -0.310677282694452
