51.4864100954876 -0.20016064044987
51.4862671525365 -0.200166268821548
51.4860397695893 -0.200867453077582
51.486062654918 -0.201081739055693
51.4859791847107 -0.201489151488192
51.4859728385572 -0.201556023424809
51.4859738687132 -0.201558714287731
51.4864385937604 -0.202018428634181
51.4862772245873 -0.202657632075545
51.4859399752724 -0.202285647789234
51.4856450078439 -0.20246101179381
51.4855881482045 -0.202499230549754
51.4855497493933 -0.202562968174947
51.4855571737118 -0.20266611196173
51.4855839105121 -0.202727169665519
51.4856008655447 -0.202859746414978
51.4852644409999 -0.204208009271188
51.4852694342968 -0.204258164959293
51.4852451434507 -0.204350916266686
51.4849917866687 -0.204648964804214
51.4849010124703 -0.20483256008541
51.4847518287736 -0.205417220742513
51.4847582174431 -0.205834743034954
51.4847090012488 -0.205967184111684
51.4846538801007 -0.207112579878829
51.4848649215444 -0.207427430329729
51.4849134550792 -0.208061926531425
51.4848749021221 -0.208345239334637
51.4847509409302 -0.208693056343913
51.4846425050075 -0.208844915059494
51.4844938472379 -0.209000248931286
51.4845268210162 -0.209140272363966
51.4845287896619 -0.209722556816937
51.4845119562008 -0.209779979672438
51.4847002473958 -0.21028929922808
51.484726612746 -0.210874193601233
51.4847318172178 -0.210879452539603
51.484813734716 -0.210815919874927
51.4849766084655 -0.210767268789049
51.4850673521808 -0.210763716992528
51.4852476939781 -0.210610828014023
51.4855297624598 -0.210761768191109
51.485604535565 -0.21126117565092
51.4856949410879 -0.211317965714836
51.4857209640153 -0.211350198962712
51.4858426256503 -0.21155836748376
51.4858504438063 -0.211605326394707
51.486467324687 -0.212041257309258
51.4864637313449 -0.212147566935664
51.4866017793071 -0.21256387609894
51.4874089048826 -0.212853796456429
51.4878080683374 -0.212076101224672
51.4881690093435 -0.212370763078704
51.4883977605343 -0.212834015699016
51.4884818126838 -0.212957686422158
51.4889760652606 -0.214521009139977
51.4890019920233 -0.214700517478751
51.4898217971138 -0.214152575089647
51.4900833203039 -0.214218010782116
51.4909331777472 -0.215537938372873
51.4908642235395 -0.215780068451603
51.4915189360694 -0.216653481832933
51.4917105574688 -0.216898986574388
51.4918199282685 -0.216896619683015
51.4923919327807 -0.217977581341512
51.4926590239104 -0.217114136045807
51.4927318379292 -0.216859614156406
51.4928224665415 -0.216535151109681
51.4932409738796 -0.216418809944458
51.49334423366 -0.215642384804815
51.493836645537 -0.214569729285479
51.4938576014473 -0.214552638150292
51.494178120729 -0.214938494508691
51.4942353874197 -0.215233913984461
51.4945955499225 -0.215879780358267
51.4947386287619 -0.215995348580006
51.4949437160371 -0.216546911385743
51.4953568564897 -0.216190006012178
51.4953704612575 -0.21612105738558
51.4953182819664 -0.215409462186778
51.4959967942952 -0.215188041805188
51.4959313918126 -0.215728559718341
51.4959949628892 -0.216231732731149
51.4959036626018 -0.216701159141712
51.4958084758624 -0.216743596711361
51.4954536285786 -0.217458012866738
51.4958233034558 -0.218180513134525
51.496038110565 -0.218094334630924
51.4965894239386 -0.218879138315098
51.4967106191839 -0.219300254435654
51.4966604535744 -0.219756082157491
51.4964903946617 -0.219994929067586
51.4965896168249 -0.220715999952584
51.4971405932584 -0.220970007369277
51.4972249138424 -0.22200716394871
51.497993472526 -0.221812499365833
51.4981320993287 -0.222043966753318
51.4986915761609 -0.221447613383966
51.4989134142536 -0.221712312861527
51.4993341870415 -0.221282663080604
51.499499114793 -0.221523327817636
51.4995661126749 -0.222153402260645
51.4999068567365 -0.2227128401258
51.4999760928669 -0.222672252064989
51.5001603831069 -0.222102717691518
51.5006431586128 -0.22197951074338
51.5007086043906 -0.221398435720015
51.5010194814876 -0.221292247432922
51.5011699769112 -0.221612719327568
51.5015865533338 -0.221362830644014
51.5018128061231 -0.221420667279853
51.5017795023275 -0.222254018331525
51.5021553538918 -0.222347974097189
51.5023742042246 -0.221923425632269
51.5024176869286 -0.221690313364783
51.5026292004403 -0.221588347302068
51.5027880691287 -0.221654749331386
51.5027982756792 -0.221657916007672
51.5029811729164 -0.221542212905789
51.5031257360319 -0.221068392033239
51.5031484947862 -0.220986364968178
51.503065540531 -0.220584842428906
51.5036000210119 -0.22039152321829
51.5034942348565 -0.219658599528681
51.5030048244089 -0.22048183156969
51.5028295356074 -0.220340516283989
51.5028573461463 -0.219264650391312
51.5032170188614 -0.218926422802176
51.5032610413907 -0.218486568576294
51.5030907356828 -0.218046163726358
51.5028134324043 -0.21791822222216
51.50264753251 -0.217827040755945
51.5026262665497 -0.216966100156732
51.5027127776408 -0.216843805285925
51.5027950973334 -0.216481341639614
51.5027752117801 -0.215983634377667
51.5035300312287 -0.21580244705251
51.5035132887088 -0.215588307585994
51.5035616579575 -0.215062739989285
51.5040404056684 -0.21496479204613
51.5039805496648 -0.2142808067451
51.5041563288527 -0.214164517515859
51.5042630967221 -0.214233289002491
51.504648875304 -0.214453322293647
51.5049457421794 -0.214348456092632
51.5047772656457 -0.213692704252697
51.5051281420104 -0.212754554648411
51.5051797087794 -0.212728657049652
51.5051262435952 -0.212075534461245
51.5052908530788 -0.211834092613959
51.5055649341594 -0.21183868943784
51.5057675701705 -0.211573657349703
51.5053591006997 -0.211186539253428
51.5052013671912 -0.210464197072293
51.5052010918255 -0.210446149330881
51.5051891659386 -0.210418697114302
51.5050822631856 -0.209869962994575
51.50496234447 -0.209770232415952
51.5048715439502 -0.208939777952076
51.5049228777381 -0.208651444162847
51.5047277877366 -0.207650440907501
51.5046759637884 -0.207618258539288
51.503694041707 -0.204875862581392
51.5036131530378 -0.204765585228026
51.5031973560654 -0.20507001763521
51.5028210926615 -0.204867872562722
51.5015749819575 -0.205136492192411
51.5011598720703 -0.204780970189376
51.5008017021758 -0.202303324046022
51.5011484770632 -0.20143779491215
51.5009581154306 -0.201235496696262
51.5001876704796 -0.200051050738259
51.4996960775719 -0.199961485548207
51.4993449277849 -0.200664189245393
51.4991501709802 -0.200720444509969
51.4987246443062 -0.201181117906187
51.498319672808 -0.200848536521251
51.4981438526953 -0.201553338561108
51.4977985749389 -0.20201808192058
51.4979224866237 -0.202413043942788
51.4976855611488 -0.202938255530634
51.4976393113181 -0.203627967409455
51.4977162433248 -0.203843747983166
51.4971610307556 -0.204442750984726
51.497156268983 -0.204442938105871
51.4968971133144 -0.204092135557071
51.4968146977653 -0.203776557501377
51.4969085416012 -0.203341561412976
51.4966968885945 -0.202641336497057
51.4966138722279 -0.202597682331853
51.496084442967 -0.202907624353507
51.4957935714448 -0.202587662760258
51.4956040753932 -0.20257076643361
51.4955960053173 -0.202560393561343
51.4954344734512 -0.202021899850351
51.4955873809557 -0.201335266917459
51.4952613519707 -0.200827604409571
51.4952631718903 -0.200372009918376
51.4951836488369 -0.200058117417338
51.4950364991371 -0.199959506125398
51.4948091031934 -0.199980222729536
51.49454465838 -0.200638813852623
51.4948611076441 -0.201500687962923
51.49482367809 -0.201692089112559
51.4946252106086 -0.201963706997939
51.495128133031 -0.202651728260515
51.4948042616287 -0.203387356977529
51.4945021131618 -0.20328770334093
51.4943774076371 -0.202119316770464
51.494076677429 -0.201907015691012
51.4940638437084 -0.201896711937583
51.4936242153429 -0.202088729849766
51.4933517714238 -0.201335009996143
51.4936147359905 -0.200526959494479
51.4935961154824 -0.200245005678123
51.4930734098055 -0.200014382797455
51.4928607982098 -0.200342378297941
51.4927477511158 -0.200778929405984
51.4927406727386 -0.200856648626977
51.492273562041 -0.201753717783801
51.4917728471737 -0.201702394648325
51.4913238226503 -0.201967580023716
51.4912969383849 -0.201973150979524
51.4909203205237 -0.201842119406482
51.4906001884271 -0.201924075443774
51.4904644555173 -0.202083338683484
51.4903041574806 -0.202123849613
51.4890118401615 -0.201366257008983
51.488798486205 -0.200766939697445
51.4886239816434 -0.199823110140793
51.4874942335275 -0.20075533704785
51.4870539110081 -0.199958813703674
51.4864790765235 -0.200080494375468
51.4864100954876 -0.20016064044987
