12 4
51.5144623216083 -0.152094347267863
51.5143902009874 -0.152104395718809
51.5143397336474 -0.152182133227096
51.5142369201526 -0.152480874487393
51.5146216370354 -0.152888586609227
51.5149736258437 -0.153176182402534
51.5150726233945 -0.152674982540181
51.5150311696941 -0.152411781835773
51.5150259065389 -0.152402963521103
51.5148513695938 -0.152229044391727
51.5148123915681 -0.152197229883195
51.5144623216083 -0.152094347267863
9 4
51.5190598594071 -0.143605887069757
51.5190231066547 -0.143521695607936
51.5185660234418 -0.143820510902136
51.5183953508771 -0.144090445811715
51.5184925016646 -0.144213538443387
51.5186377056724 -0.144294153345499
51.5189356706953 -0.144256847639458
51.5190603056365 -0.143645443706961
51.5190598594071 -0.143605887069757
9 4
51.5174142969301 -0.139081214423667
51.5174571021162 -0.139201042149625
51.5175253255282 -0.139291075133515
51.5175702923756 -0.139229822889343
51.517808546538 -0.138874169571337
51.5177943923652 -0.138645028888132
51.5176774079726 -0.138547120628409
51.5174771944414 -0.138773234270155
51.5174142969301 -0.139081214423667
7 4
51.5171472966299 -0.134248366033915
51.5171272908779 -0.134228386836246
51.5167634069102 -0.134591925158064
51.5167739637051 -0.134673491640545
51.5167890545702 -0.134695335394067
51.5168954354511 -0.134782019052797
51.5171472966299 -0.134248366033915
