169 4
51.5185660234418 -0.143820510902136
51.5190231066547 -0.143521695607936
51.5189596733912 -0.143364906618998
51.5187700713615 -0.143194234487254
51.5186183873167 -0.143147281017123
51.5185741087483 -0.143019306461651
51.5185739124484 -0.142740035906177
51.5185734199902 -0.142737322574638
51.5185473819379 -0.142625838541144
51.5183948721857 -0.142430250078748
51.5183509607645 -0.142461746993178
51.5183514170214 -0.142604100376548
51.5183967102412 -0.142830195697161
51.5179811019853 -0.142716376834144
51.5179782317943 -0.142654340070401
51.5179749688254 -0.142522084630288
51.5179400533843 -0.142463134238931
51.5179147207144 -0.142424591092733
51.5178736639171 -0.14238656890284
51.5176778326846 -0.142498164608078
51.5176348582314 -0.142594509187523
51.5176324685049 -0.142625266991328
51.5174403999182 -0.142747403503962
51.5176388189205 -0.14269702538962
51.5177809080213 -0.143228163836255
51.5176165842649 -0.143314112349972
51.5175918069501 -0.143997970903509
51.5176479295371 -0.144141624402879
51.5179657916923 -0.144180043058576
51.5179684128178 -0.144345718783403
51.5178594226593 -0.144843810037875
51.5180555488533 -0.144978093084718
51.5180703348176 -0.144969411176814
51.5180916700285 -0.144567694828085
51.5181865174067 -0.144613397003376
51.5182371243288 -0.144578896846925
51.5182940955218 -0.144617106454729
51.5183204991828 -0.144609734879907
51.5183751656214 -0.144701160352132
51.5184617033544 -0.14472735418814
51.518532194339 -0.144676834173378
51.5185670650242 -0.144823969492902
51.5186013729998 -0.145020803841076
51.5188164972739 -0.144957990054156
51.5189379515106 -0.14533323347636
51.5189611940615 -0.145364733404042
51.5190926441467 -0.145161163025469
51.5192555382401 -0.145195070773813
51.5192955414957 -0.145183581542888
51.5193227925415 -0.145201370588417
51.5193238239922 -0.145204062092689
51.5194678813416 -0.145274745205106
51.5195093591684 -0.145510035755055
51.5195544163831 -0.145579393349213
51.5195516418264 -0.145602918401988
51.5198300784833 -0.145842966265211
51.5198589023574 -0.145914766607317
51.5198665662331 -0.145899124326687
51.5200655805072 -0.145744148529159
51.5200386220737 -0.145699369022977
51.520037405863 -0.145338127481465
51.5201699438258 -0.145726480120916
51.5201708835459 -0.145729056566058
51.5202209437424 -0.145722507152688
51.5203258406173 -0.145784087537437
51.520438959222 -0.145950632496256
51.5204549630667 -0.146007623242426
51.5204834339626 -0.146017282087665
51.5205529793242 -0.145986528766122
51.5206288433463 -0.145991529448095
51.5208751730246 -0.146128421628146
51.5208992216012 -0.146108548228738
51.5211875294391 -0.146324792036913
51.5211878121022 -0.146325612500303
51.5212415997535 -0.146338759968672
51.5213837340575 -0.14623660196463
51.5214806676398 -0.146238014010857
51.5215526286984 -0.146274787664147
51.5216437097264 -0.146366644494428
51.5216493273204 -0.146380797232135
51.5216841330132 -0.146370351378931
51.5219351607018 -0.146474611646057
51.5219740364561 -0.146357629129642
51.5221241625373 -0.146459687749043
51.5221573758856 -0.146547596444562
51.522253820687 -0.146631868446594
51.5223557970114 -0.146872800507194
51.5223582419481 -0.146885299539931
51.5224224350503 -0.147062041186343
51.5223990369717 -0.147162945310878
51.5223796260143 -0.147277236612666
51.5223734294099 -0.147345946719961
51.5223872482658 -0.147401246240338
51.5225621563568 -0.147660852397218
51.5227270961883 -0.147773131074251
51.5227598547735 -0.147775367472026
51.5231223866718 -0.147841715767152
51.5231577519926 -0.147826850366858
51.5232311981385 -0.14778690672328
51.523447243962 -0.147645736514658
51.5238131388995 -0.147019971379831
51.5238632554484 -0.146874715927003
51.523876297541 -0.146784093854407
51.5237634858901 -0.146591373869533
51.5237473068535 -0.14654603375783
51.5237246651257 -0.146421679610003
51.5237354207344 -0.146271722866063
51.5234322582349 -0.144723592678685
51.5238991977804 -0.145104683122772
51.5239761106371 -0.144630293795087
51.5235431910663 -0.144302854326296
51.5234905461464 -0.144339224624606
51.523403975927 -0.144612186956897
51.5231964111097 -0.144823269443162
51.5233292823287 -0.145755748619187
51.52321187296 -0.14565331151799
51.5230313472008 -0.145357093005768
51.5230555936517 -0.145019990006535
51.5231280894336 -0.144840427369844
51.5229722316081 -0.144881942000097
51.5228514808508 -0.144983238976603
51.5228402942493 -0.145094464568617
51.5227431240166 -0.145180421378406
51.5227492461049 -0.145567632658048
51.5226241700715 -0.145537533345277
51.5225690136014 -0.145477614265451
51.5225139064177 -0.145466303858009
51.5224501771214 -0.14539865135467
51.5223704816508 -0.145464048600542
51.5221730663627 -0.145293672841905
51.5221551674235 -0.145156651481857
51.5221442136765 -0.145112051946594
51.5220481121664 -0.145060928803054
51.5218624703038 -0.145214420430037
51.5216720002408 -0.14493751350476
51.5216192181667 -0.144737851321654
51.5215823788709 -0.144761811072143
51.5215790829169 -0.14476372776396
51.5213100928106 -0.144689087982152
51.5211496550387 -0.144765015841738
51.5211400255078 -0.14480415181346
51.5208478999925 -0.144676376885849
51.5208248117426 -0.144694429276726
51.5207893797506 -0.144682320591153
51.5207539802444 -0.14464953112389
51.5207151969344 -0.144652890016477
51.5206494407505 -0.144627633264089
51.5205725377835 -0.14455695461872
51.5205056886462 -0.144439873814641
51.5204952315086 -0.144409636340945
51.520411365932 -0.144467120346423
51.5202757064272 -0.144489747974002
51.5201694202639 -0.14436880405456
51.5201405683108 -0.144312336465642
51.5201402987866 -0.144312347421055
51.5199890229748 -0.144353674632867
51.5198977388135 -0.144362733009378
51.5198655888187 -0.144273955051344
51.5197020916877 -0.144207630059272
51.5196377760252 -0.144142740634181
51.5196040045244 -0.144076490876219
51.5195672875798 -0.14407976614524
51.5194698030257 -0.144037855146857
51.5190603056365 -0.143645443706961
51.5189356706953 -0.144256847639458
51.5186377056724 -0.144294153345499
51.5184925016646 -0.144213538443387
51.5183953508771 -0.144090445811715
51.5185660234418 -0.143820510902136
283 8
51.5098862298779 -0.135153846838644
51.509803523894 -0.135227446113742
51.509735619148 -0.135819323484013
51.5097584432796 -0.135852611740356
51.5098855885472 -0.136001411933326
51.5098808291842 -0.1360187161772
51.5097128864574 -0.13608593059005
51.50969825556 -0.136087359442506
51.5095836283339 -0.136420808744595
51.5095577147274 -0.13643636200528
51.5095405510234 -0.136419833675601
51.5095204598439 -0.13641708893619
51.5094969722152 -0.136449534216256
51.5094611641957 -0.136640154055676
51.5094773356074 -0.13663949426561
51.5095795371187 -0.136587678191221
51.509579531236 -0.136615600803537
51.5095363084857 -0.13704689314961
51.5095434846428 -0.137062878562377
51.5094988096315 -0.137255642029174
51.5094850104878 -0.137326426489631
51.5096951631948 -0.137437624856209
51.5097167811524 -0.137661073393242
51.5095894288168 -0.137629313928156
51.5095094340239 -0.137483102412157
51.5094763897739 -0.137360997761093
51.5094634778261 -0.137368772277415
51.5093403549286 -0.137427855855637
51.5092713021634 -0.137619711084665
51.5092822272442 -0.137667980885858
51.5093354644901 -0.137736981982788
51.5093540000642 -0.137738008454336
51.5094135052028 -0.137754474182448
51.5094195931631 -0.137781197669099
51.5094604585838 -0.13783537598236
51.5095444245051 -0.137880667966828
51.5095641949774 -0.138010443452087
51.5095325736549 -0.138204456191409
51.5096782885593 -0.138130076361755
51.509801812122 -0.138135853149348
51.5098917728283 -0.138230330488033
51.5098403156021 -0.138500009135124
51.5098404186353 -0.138500836670327
51.5098805417337 -0.138564908375383
51.5098876511155 -0.138571034856152
51.5100106332279 -0.138520039101236
51.510066163316 -0.138506963120449
51.5102751178775 -0.138401132237743
51.5103270059315 -0.138373827203681
51.5103143333442 -0.138674246691811
51.5105056537413 -0.138839452463988
51.5105335746923 -0.13888239720933
51.5105634858314 -0.138948787487886
51.5106074267523 -0.138992861859491
51.5106388504277 -0.139097926434353
51.5105893624066 -0.139333188956422
51.5106013347543 -0.139379516736358
51.510716907765 -0.139501828323221
51.5107246094928 -0.139630317114575
51.510859208703 -0.139835624080924
51.5108684673362 -0.139886578026113
51.5110133896943 -0.139869862387259
51.5110523009546 -0.140010626703281
51.5110562887111 -0.140041001645373
51.511059780974 -0.140057138083752
51.5111380909173 -0.140114310616364
51.511172137294 -0.140135381529508
51.5112044252858 -0.140107925566047
51.5112718162532 -0.140151165459423
51.5113398508857 -0.140212321557868
51.5114361591781 -0.140191288898649
51.5114482031634 -0.140009711520855
51.5115047750269 -0.139909259145074
51.5115321233456 -0.139899114620192
51.5116422290169 -0.139909126369533
51.5116919594502 -0.13982511218215
51.5118425748798 -0.140054011858271
51.511894153537 -0.139576375156126
51.5119430373859 -0.139620368839406
51.5120826326031 -0.139772244024742
51.5119980785921 -0.140024269911598
51.5121000599147 -0.140179579574092
51.5120834623884 -0.140266760176335
51.5121073849108 -0.140290026278646
51.5121565797642 -0.14027994276423
51.5122039292985 -0.140351923889477
51.5121705810123 -0.140471275428143
51.5122762077504 -0.140482302816856
51.5123055337818 -0.140545868644881
51.512394513061 -0.140612590465282
51.5123707024087 -0.140749496690313
51.5123084937116 -0.140993483160631
51.5123631697885 -0.141056968034214
51.5123777772819 -0.141065404166171
51.5125120846641 -0.141104972006977
51.5125321856509 -0.141114016344741
51.5125610244157 -0.141152530410905
51.5126997317045 -0.140908161487094
51.5127952534992 -0.141030348044973
51.5128006606953 -0.141201357523363
51.5128756466443 -0.14117929289812
51.5129493073656 -0.141113316036821
51.5129660864003 -0.141082926176413
51.512803990217 -0.140793170304683
51.5127992082286 -0.140837449785746
51.5126999113872 -0.140908154172037
51.5126487483439 -0.140697656398902
51.5127276787824 -0.140419715271205
51.5127336849718 -0.140418638901511
51.5128301323503 -0.14052545815821
51.5129756664941 -0.140587026005113
51.5130926923581 -0.140727349492455
51.5130982358247 -0.140742452561211
51.5130089996209 -0.141005486186558
51.5131456888758 -0.141252074280269
51.5131450416558 -0.141256616081856
51.5131477623172 -0.141490714980162
51.5132312987494 -0.141452260863101
51.5132541019649 -0.141433270904613
51.5133068388442 -0.141431124496108
51.5133396845086 -0.141399129956114
51.5133849697169 -0.141391939514094
51.5134055518324 -0.141380288400347
51.5134118073383 -0.141383598646197
51.5134567280166 -0.141381770300807
51.5134820280533 -0.141406882858252
51.5135044970705 -0.141622117838791
51.5135264851565 -0.141614093271782
51.5135507540815 -0.141596826050706
51.5135830099592 -0.141629736066694
51.5137046523258 -0.141704044759899
51.5137187179215 -0.141678280547587
51.5137224348154 -0.141674564406962
51.5138050037308 -0.141682849495849
51.5138096538403 -0.141692641938347
51.514090027762 -0.141384869212507
51.5138919158036 -0.141102869377316
51.5138092665948 -0.140947715268749
51.5137912507045 -0.140854692245956
51.5139929562146 -0.140603353763063
51.5140408068098 -0.140548169393942
51.514082411445 -0.139804261317147
51.5140823549443 -0.139800698710403
51.5140642153049 -0.139790624118059
51.5138558900754 -0.139873854583019
51.5137824132142 -0.139917368539841
51.5136867986925 -0.139834755622971
51.5136191916581 -0.139879931633081
51.5136006193324 -0.139904929294705
51.51356131723 -0.140000286254867
51.5135646812824 -0.140065029825274
51.5135634366859 -0.140065912321055
51.5135235736054 -0.140148577226117
51.5134139291795 -0.14004859261736
51.5133673979679 -0.140158621728038
51.5133932017804 -0.140323217680646
51.5132853257478 -0.140357436774719
51.5132525818029 -0.140373148435973
51.5131162581628 -0.140132726530544
51.5131145064389 -0.140056272800746
51.5131624883691 -0.140026393929904
51.5132210947804 -0.140042900487281
51.5132365907937 -0.140045002369315
51.5133228632672 -0.140105418049576
51.513341277556 -0.139974075690916
51.5133010304488 -0.139936145244236
51.5133358903857 -0.139815778123325
51.5133322500623 -0.139778970805034
51.5133322368788 -0.139778139543792
51.5133180517751 -0.139745326647478
51.5133124217377 -0.139707768608172
51.513274478777 -0.139690420653035
51.5131939442693 -0.139663043884318
51.5131692727582 -0.139637906836622
51.5131438225921 -0.139575014284928
51.5131275772837 -0.139417991642408
51.5131192171236 -0.139406687148504
51.5131156850584 -0.139405048644144
51.5130506848884 -0.13944453359607
51.5130007248783 -0.13945738244161
51.5129784892932 -0.139478132567791
51.5129225714998 -0.139489441679252
51.5128953337002 -0.139296863081693
51.512889879891 -0.139281756599005
51.5128598946638 -0.139312685179139
51.5128024826011 -0.13928080233374
51.5127505488678 -0.139174904882419
51.5128241331768 -0.139087182725196
51.5127905725982 -0.138881435014864
51.5127291207317 -0.13884425137168
51.5126853862867 -0.138841518408282
51.5126659071594 -0.138820685861355
51.5126376865611 -0.13875885797481
51.5125144339199 -0.138730491320001
51.5125055296053 -0.138724556457618
51.5124691767028 -0.138682785448101
51.5124387049654 -0.138626396837993
51.5124272940564 -0.138530494075553
51.512347853168 -0.138424769047396
51.5123459998023 -0.138421279826213
51.5123317181923 -0.138416396030985
51.5122860958023 -0.138436317322108
51.5122213498215 -0.138418162202442
51.5121767075073 -0.138448856594483
51.5120821150684 -0.138634633775162
51.5120280097254 -0.138703499896008
51.5120199395293 -0.138761458912968
51.5119076621289 -0.138852539323745
51.5118218729652 -0.138471401018322
51.5118254163849 -0.13843976810506
51.5118507070473 -0.138339637535251
51.5118242390221 -0.138235319266338
51.5115583052629 -0.138330882162182
51.5115310123649 -0.138384158364198
51.5113698855675 -0.138388112487821
51.511325409136 -0.138276330626867
51.5112712831384 -0.138156981244244
51.5112831074556 -0.138063698399502
51.5112951539264 -0.137916460781812
51.5112681070434 -0.137843655708581
51.5112489871099 -0.137822809569407
51.5112083002046 -0.137791198243888
51.5111409771511 -0.137678685503455
51.5111206892536 -0.137657887119083
51.5110841269944 -0.137653912287164
51.5110670087074 -0.137640232851352
51.51099702552 -0.137637620949052
51.5109448280521 -0.137401986452415
51.5109130858256 -0.137401498734643
51.5108429925904 -0.137386296569716
51.5108351056847 -0.137342535329459
51.5108283756727 -0.137331997034305
51.5107221116652 -0.137252561962529
51.5106757766502 -0.137165335793707
51.5106893052983 -0.13713412801598
51.5106572125754 -0.13702101208862
51.5107023670746 -0.136926370481522
51.5107698936531 -0.137029010555289
51.5107910990637 -0.137005688207654
51.5108050566249 -0.136961867695169
51.5107043544916 -0.13689301937604
51.5106797794666 -0.136698560625983
51.510679559814 -0.136130246486455
51.5106727632325 -0.136126840408188
51.5106660924431 -0.136097407301234
51.5105724113819 -0.135848141580067
51.5104675804821 -0.135672288103254
51.5104094008698 -0.135422525434297
51.5103578929451 -0.135321016781159
51.5104582636515 -0.135148430578551
51.5103598674029 -0.135100286201946
51.5105023410498 -0.135031374323452
51.510525201593 -0.135055630848485
51.5105579219907 -0.135010212018973
51.5105876790321 -0.134840627107743
51.5105754974739 -0.134769950698642
51.5105986005025 -0.134668127842475
51.510590114999 -0.134620708280822
51.510517464881 -0.13454085742649
51.5104760710938 -0.134572253492376
51.5103686266181 -0.134814402415314
51.5101326346014 -0.134836635452267
51.5099587675063 -0.134734778604345
51.5098937827075 -0.13510304016966
51.5098862298779 -0.135153846838644
51.5125012533333 -0.140767590176015
51.5125117914711 -0.140751832551876
51.5125321587541 -0.140766331899048
51.5125135232473 -0.140798698385661
51.5125012533333 -0.140767590176015
51.5127762657736 -0.13929993227133
51.512780149982 -0.13954479506322
51.5127507005579 -0.139637847989426
51.512704613447 -0.139560468117916
51.5126543285547 -0.139450819774371
51.5127705441904 -0.139301947807891
51.5127762657736 -0.13929993227133
51.5135655698986 -0.141567347664668
51.513710999608 -0.141174164315748
51.513789936912 -0.141004352078807
51.5137446794475 -0.141376348048764
51.5136719651349 -0.141592843726186
51.5135655698986 -0.141567347664668
152 8
51.516983013959 -0.143293886060549
51.5173213828363 -0.143361292982431
51.5173362014181 -0.143366038141531
51.5174849986945 -0.143241980226078
51.5173660620427 -0.142855837387005
51.5174074628264 -0.142762290938232
51.5174675795983 -0.14255627425241
51.5174889816577 -0.142397704075473
51.5174890583333 -0.142396869082107
51.517487698236 -0.142356400281539
51.5173456171276 -0.142376560489824
51.5173116013561 -0.142334687170527
51.517312190862 -0.142309469390985
51.5173129312791 -0.142299456818517
51.5173061105257 -0.142271807255876
51.5172849949714 -0.142164642127689
51.5172344819273 -0.142193673836299
51.5172304173895 -0.142203821649188
51.5171596933636 -0.142324705736961
51.5170460112987 -0.142463499097054
51.5170167806688 -0.142241273070502
51.5170086673732 -0.142200128769835
51.5170060152071 -0.142129171644058
51.5168738643915 -0.142089509488561
51.5168406291148 -0.142119620527772
51.5168427828768 -0.142255601751472
51.5168158364504 -0.142285456774814
51.5167795464009 -0.142241893974874
51.5167247855519 -0.142116253316657
51.5166532212013 -0.142070560982099
51.5166120437684 -0.142070335152958
51.5165855507332 -0.14196422242301
51.5163850807305 -0.142015636595887
51.516373533098 -0.142001727311082
51.516369891502 -0.141987496315473
51.5162710004643 -0.141828477523967
51.5162534159926 -0.141853435666009
51.5162206694035 -0.141931417404294
51.5162204280984 -0.141933209761139
51.5161183305495 -0.14200308053011
51.5160531689809 -0.141907574053445
51.5159927143877 -0.141785732541411
51.5159158582211 -0.14168975190352
51.515729060298 -0.141985646855354
51.5156776696762 -0.141970625874364
51.5156172949172 -0.141955970510711
51.5154706828761 -0.141911432070069
51.5154540986708 -0.141715793456482
51.5151994214015 -0.141506316706095
51.5151059356815 -0.14157500448058
51.5151054248573 -0.141576807764832
51.5150088411325 -0.141529402983164
51.514983804884 -0.141435831224166
51.5149374584812 -0.141421437597277
51.5148672695183 -0.14153064940032
51.5147804407683 -0.14143507741555
51.5148916061441 -0.14129639095673
51.5148485771907 -0.141139620249013
51.5147117833837 -0.141328903086095
51.5144640875079 -0.141191278150653
51.5143100075806 -0.141503777408449
51.5142475480709 -0.141493723470099
51.51422943351 -0.141490895820413
51.5141389354572 -0.141453107310192
51.5139031088315 -0.141888710436772
51.5138968429161 -0.141918791675838
51.5138968555124 -0.141959312113319
51.5141037275747 -0.142011260299015
51.5141540620508 -0.142186626080605
51.5141388212132 -0.142240363339901
51.5141994568192 -0.142509899566026
51.5141852722142 -0.142573575567365
51.5141806667054 -0.142583625835031
51.5141627009674 -0.142618579785349
51.5141479220996 -0.142695826538107
51.5141264865626 -0.142761460946115
51.5141633259747 -0.142924899254605
51.5141439753353 -0.143042734160782
51.5142097170698 -0.143123836229789
51.5142393313013 -0.14312619689667
51.5142436305301 -0.143125190255654
51.5142461028502 -0.143122356614545
51.5141749535303 -0.142932506846763
51.5144028639468 -0.143075460549457
51.5144327075435 -0.143092309263839
51.5144205215889 -0.143236828119222
51.5143771624424 -0.143439534418534
51.5143597596084 -0.143555508000436
51.5143791003327 -0.143561970386481
51.5144458081673 -0.143539413551561
51.5147513525629 -0.143572028590037
51.514756888145 -0.143558256691923
51.5147480601061 -0.143346975884344
51.514733351973 -0.143315132809375
51.5147293165549 -0.143287371394772
51.5147303359032 -0.143249541397023
51.514765407535 -0.143057152252915
51.5148064798259 -0.142999630873377
51.5148070286928 -0.142875310153888
51.5148145133677 -0.142819986463655
51.5148254151191 -0.142781754435557
51.5148275366337 -0.14276812127906
51.514921511752 -0.14265081402611
51.5149473522641 -0.142522731002953
51.5149619498239 -0.142524870338697
51.5150235108398 -0.142534962368592
51.5150496747071 -0.142677091528073
51.5151086492781 -0.142870172830357
51.5151624658547 -0.14294189818171
51.5151743065272 -0.142945932278386
51.5152997085301 -0.142661573666996
51.5153003882401 -0.142539860606659
51.5153184536492 -0.142437404282347
51.5155724357367 -0.142557670588297
51.5156120334751 -0.142583035157921
51.5156295124512 -0.142596821919377
51.5158365551273 -0.142432488468939
51.5158669602309 -0.142325844976266
51.5159353891345 -0.142343857110028
51.5159914880657 -0.14251994641861
51.5159916677485 -0.142519939109032
51.5160437440113 -0.142669098015628
51.5160830506937 -0.142835057104893
51.5160855242487 -0.142849335585916
51.5160859734557 -0.142849317315154
51.5160928262596 -0.142856287552127
51.5161632753063 -0.142780457064228
51.5161989976723 -0.142691659780461
51.5162764990227 -0.142538892787539
51.5163294609056 -0.14244309543015
51.5164025045379 -0.142474348665917
51.5163779052831 -0.142885215519997
51.5163805910675 -0.142935611674034
51.5163868023907 -0.14297588220349
51.5168070779429 -0.142924563801404
51.5165926296757 -0.143433232232533
51.5166099414321 -0.143578459912547
51.5166618592712 -0.143643848408092
51.5167395570576 -0.143696542914542
51.5167763420426 -0.14370324716091
51.5168681806578 -0.14367241844633
51.516916339775 -0.143591195782351
51.5169564419377 -0.143438284889602
51.516983013959 -0.143293886060549
51.5168552962915 -0.142841436642317
51.5170292794934 -0.142678563396391
51.5170693834394 -0.142690479560122
51.5171529472828 -0.143102301094917
51.5171529754843 -0.143104082521395
51.5169047809028 -0.143031346566664
51.5168501082495 -0.142871475862235
51.5168552962915 -0.142841436642317
6 4
51.5143375921486 -0.140640655168953
51.5143022996988 -0.140603353394596
51.5142190053107 -0.140583335500393
51.5140447899488 -0.140549908479978
51.5142290729176 -0.140997288013604
51.5143375921486 -0.140640655168953
6 4
51.5111738096656 -0.140507347294166
51.5111589868145 -0.140621426481589
51.5112565819033 -0.140755287461931
51.5113167420048 -0.140546561362911
51.5113128599652 -0.140301706277086
51.5111738096656 -0.140507347294166
7 4
51.5110246604929 -0.140336850299742
51.510967974765 -0.140526541147461
51.5109901004088 -0.140549879994046
51.5110013122722 -0.140553938733494
51.5111645370936 -0.140223025720884
51.5111623228066 -0.140202440750067
51.5110246604929 -0.140336850299742
