190 8
51.5146730180531 -0.146366689741555
51.5145933718767 -0.146696947222826
51.5145624319612 -0.146775681065453
51.5144936791762 -0.146788334390929
51.514452255219 -0.146852164253251
51.5141752085715 -0.146978791948725
51.5141560860683 -0.146997511325768
51.5141374069301 -0.147061368215135
51.5141370702824 -0.14706851169451
51.514356549225 -0.147047960184742
51.5142522257767 -0.147090932273918
51.514136797212 -0.147073988969564
51.5141330622057 -0.147099332552554
51.5141239672655 -0.1473032578664
51.5140466573322 -0.147326239168514
51.5140417029113 -0.147325608370131
51.5139951960471 -0.147306700017118
51.5139395391594 -0.147254890601931
51.5138848897378 -0.147164420795428
51.5138671405381 -0.147116420839113
51.5138582180764 -0.147115000438392
51.5137536776678 -0.147058877029963
51.5136400796247 -0.147146429216975
51.5136397585823 -0.147171633995119
51.513640533592 -0.147175167419622
51.5136746021535 -0.147277404068208
51.5137366749159 -0.147319921890786
51.5137754516854 -0.1473958253875
51.5137878095181 -0.14747814811659
51.5137868589574 -0.147486267078352
51.5137970271795 -0.147521028078732
51.5138188226585 -0.147563397817119
51.5138671531167 -0.14760100746333
51.5138974182429 -0.147650282342228
51.5139213236945 -0.147712411211535
51.5139573607999 -0.147751470388605
51.5139835098538 -0.147796278051183
51.5140066187683 -0.147825048200452
51.5140180963388 -0.147834564374781
51.5140218978175 -0.147836192632708
51.5140741791341 -0.147930443285894
51.5141085001266 -0.147980385914826
51.5141044065174 -0.148039967050627
51.5141098293757 -0.148127206164644
51.5141155801692 -0.148161196051843
51.5141421288595 -0.148248410313773
51.5141606783842 -0.148284495500169
51.5141751737731 -0.148320032131049
51.5141904082183 -0.148345438228744
51.5141918756809 -0.148347280009928
51.5141855125971 -0.148451039329051
51.5142161233689 -0.148567796812328
51.5142222293891 -0.148590127039258
51.5142555052223 -0.148619436169862
51.5142732135429 -0.148625016223548
51.5142956593676 -0.148640267152187
51.5142810448269 -0.148711088603892
51.514298496854 -0.148808654054923
51.5143493866721 -0.148900229673133
51.5141945919401 -0.148849703797317
51.5141671770947 -0.148849983356711
51.5141329327622 -0.14886753250527
51.5141034016736 -0.149189452353378
51.5141563823088 -0.149305303483747
51.5140020193756 -0.149555636306775
51.5138231242034 -0.149464732564811
51.5137651754507 -0.149415746676244
51.5136565311899 -0.149344455495287
51.5136087150061 -0.149476154522554
51.5137417714005 -0.14978423400755
51.5138142227377 -0.149612798285728
51.513932329256 -0.149753935301756
51.5139753911055 -0.149719749931696
51.5139754809473 -0.149719746291335
51.5140346298168 -0.14995881216319
51.5140093707909 -0.150095776967681
51.5140003309463 -0.150143912809739
51.514043380811 -0.150211565571995
51.5140305473151 -0.150298474845515
51.5140959736797 -0.150411208691101
51.514156017601 -0.150633009421408
51.514002066008 -0.150613101844716
51.5139987014875 -0.150764627399279
51.5139792025844 -0.150890663700135
51.5139801421895 -0.150893239908368
51.5139651316563 -0.151093006500476
51.5139417860526 -0.1512316754262
51.5138863629938 -0.151240217277553
51.513864400423 -0.151324049477935
51.5138376985906 -0.151449426108593
51.514205169986 -0.151686708283509
51.514272760957 -0.151702985299374
51.5143902009874 -0.152104395718809
51.5144623216083 -0.152094347267863
51.5145370885258 -0.15177867646406
51.5146531126476 -0.151371378901754
51.5145867605832 -0.151154226996142
51.5145626882926 -0.151012960522391
51.5145704932361 -0.150989115869095
51.5146003450258 -0.150978044075961
51.5148437728742 -0.150845670984762
51.5148556935267 -0.150792070281073
51.5147766410097 -0.150596228227869
51.5147688190832 -0.150584780670101
51.5147534523167 -0.150573757530124
51.5144948082621 -0.150795871432797
51.5144012237876 -0.150590637665231
51.5143276394198 -0.150564860873115
51.5142826018942 -0.150251427272785
51.5142782799141 -0.150228192714864
51.5142899100516 -0.150161889401411
51.5144768985598 -0.15012187346436
51.5144954313762 -0.15023104152956
51.514504572871 -0.150240653037088
51.5144807444044 -0.150263126745064
51.514448064818 -0.150550952262846
51.5145869632224 -0.150437189949215
51.5145933317538 -0.150327963551421
51.5146102735825 -0.150233638063951
51.5145853237559 -0.150048202243948
51.5146098957466 -0.149907579735012
51.5145689862592 -0.149787553892626
51.514548080543 -0.149738848302312
51.5146382957107 -0.149667696426967
51.5147723233766 -0.149575755718401
51.5147866323992 -0.149565312805818
51.5147701896723 -0.149708339779295
51.5147753145566 -0.149719777642981
51.5149174895426 -0.149887868227813
51.5149179014286 -0.149896882794401
51.5149836381249 -0.149943772465319
51.5150345168644 -0.149960605430747
51.5150957991653 -0.150032868324815
51.5151780505597 -0.149975466939508
51.5151955319735 -0.149949566063328
51.5152700161413 -0.149924088744934
51.5153283617833 -0.149998253436111
51.5153553147017 -0.150031385453724
51.5154039098598 -0.150040230478741
51.5154918914325 -0.149901551889613
51.5155647473362 -0.149886835348644
51.5155802955081 -0.149880857830748
51.515639824673 -0.149710889591876
51.5155744931024 -0.149364877960295
51.5156201923405 -0.149241458449225
51.5154423884889 -0.148712725346378
51.5154391483076 -0.148701092181703
51.5153573099998 -0.148465673801431
51.5153233958348 -0.148589566207979
51.5151597898848 -0.149006054661435
51.5150290377551 -0.148980814969222
51.5149588389208 -0.148861976240042
51.5149201367404 -0.148648339877408
51.5151197038648 -0.148357307451815
51.5153480061413 -0.148331888103842
51.5153425943139 -0.147772758572244
51.5152340824097 -0.147596058537883
51.5149943271864 -0.147442746636426
51.514899014204 -0.147435799839036
51.5147662940919 -0.147451047471655
51.5147629879504 -0.147429554191023
51.5148494493144 -0.147154990185415
51.5148884362489 -0.147033625275506
51.5148570182622 -0.146894321732646
51.514855292077 -0.146881795574494
51.5146262135338 -0.146960489898142
51.5145940690979 -0.146866253823589
51.5148961166078 -0.146853995678528
51.51492997123 -0.146834559204102
51.5149475773071 -0.146856422834129
51.515046019103 -0.146845178879362
51.5151119052375 -0.146804716085688
51.5151517573427 -0.146703991987044
51.5155445743087 -0.146724055038397
51.5155551505273 -0.146340861413874
51.5154466588697 -0.146120075803754
51.5151094899267 -0.146594955296194
51.5149604450415 -0.146254133006587
51.5149150065844 -0.146103753429747
51.5146795229724 -0.146340282697327
51.5145029953764 -0.146171816133113
51.5143653603086 -0.146228738809393
51.5142987722311 -0.146395428495554
51.5146730180531 -0.146366689741555
51.5147356617299 -0.148653917985858
51.5147396728717 -0.148657439145054
51.5147016381466 -0.148924689037212
51.5146270625944 -0.148864612628688
51.5146352076169 -0.148583245734008
51.5147356617299 -0.148653917985858
73 8
51.5149619498239 -0.142524870338697
51.5149473522641 -0.142522731002953
51.514921511752 -0.14265081402611
51.5148275366337 -0.14276812127906
51.5148254151191 -0.142781754435557
51.5148145133677 -0.142819986463655
51.5148070286928 -0.142875310153888
51.5148064798259 -0.142999630873377
51.514765407535 -0.143057152252915
51.5147303359032 -0.143249541397023
51.5147293165549 -0.143287371394772
51.514733351973 -0.143315132809375
51.5147480601061 -0.143346975884344
51.514756888145 -0.143558256691923
51.5147513525629 -0.143572028590037
51.5147325609148 -0.143776351646165
51.5147316158838 -0.143779123196652
51.5148890296834 -0.144165464949631
51.5149248676354 -0.144265728935633
51.5149789139577 -0.144312253800214
51.5150164080251 -0.144733180093019
51.5147352492701 -0.144616740493384
51.514626210841 -0.14464006522887
51.5145993492056 -0.144658268413416
51.5145832476515 -0.144572413303162
51.5145693775888 -0.144559430102469
51.5145869301662 -0.144555151930743
51.5145966233258 -0.144548459988747
51.5145991071436 -0.144421328128372
51.5145804831731 -0.144380612749009
51.514528799163 -0.144432265743274
51.5144827003305 -0.144484642313891
51.5145052608136 -0.144563936698628
51.514534699717 -0.144708665434154
51.5145201157427 -0.144781269781608
51.5144259136702 -0.144861624310608
51.5143814902451 -0.145025633382153
51.5143800527806 -0.145025691776526
51.514280275186 -0.145367461938683
51.5143036172313 -0.145405252720171
51.5144262912914 -0.14553359881079
51.5145045952911 -0.145522338184907
51.5145290765131 -0.145740231299082
51.514917995248 -0.146093769002994
51.5150889733951 -0.145729140404144
51.5153077196541 -0.145815799365428
51.5158643037572 -0.145208530284142
51.5155524296094 -0.144696071330758
51.5155895673178 -0.144395456830108
51.5155261105212 -0.144231430401541
51.5155120444518 -0.144166286910761
51.5154942106937 -0.143982343870226
51.515495162248 -0.143934533965132
51.51549675988 -0.14392187262985
51.515503332474 -0.143791838819885
51.5155400025581 -0.143586785438391
51.5154927304881 -0.14349684874603
51.5155114344667 -0.143196151386873
51.515595832259 -0.142996286461272
51.5155764326562 -0.14295203729888
51.5152997085301 -0.142661573666996
51.5151743065272 -0.142945932278386
51.5151624658547 -0.14294189818171
51.5151086492781 -0.142870172830357
51.5150496747071 -0.142677091528073
51.5150235108398 -0.142534962368592
51.5149619498239 -0.142524870338697
51.5149774692996 -0.145255367520058
51.5146185180437 -0.145330314064405
51.5145469143817 -0.145225204623687
51.5145783922463 -0.144833802228398
51.5150040665848 -0.145049895091441
51.5149774692996 -0.145255367520058
66 4
51.514296088022 -0.156876045078639
51.514389174337 -0.156861474191862
51.5143981279056 -0.156796231149804
51.5141756705705 -0.156095437407976
51.5141258889495 -0.156091149601247
51.5141096594999 -0.156088121217141
51.514056601492 -0.155572402693703
51.5140514472947 -0.155559064263864
51.5142699118282 -0.155485358557076
51.5142739606755 -0.15531407902456
51.5142880853292 -0.155291881257343
51.5144502672331 -0.155052064131408
51.5145120636091 -0.155048616686912
51.5146702581839 -0.154995405371514
51.5146613669886 -0.154893094152701
51.5141272498563 -0.153954409390898
51.5142945268322 -0.153655798826496
51.5142879594743 -0.153632654740602
51.5137586894046 -0.153447767579944
51.5137261487431 -0.153402264763026
51.5138226584113 -0.153359623649826
51.5142801868897 -0.153601478914504
51.514220503963 -0.153282337036319
51.5142154415043 -0.152726771859022
51.5142121848713 -0.152548539134897
51.5142369201526 -0.152480874487393
51.5143397336474 -0.152182133227096
51.5142484209381 -0.152138058429119
51.5138426480075 -0.152174323207679
51.5139164133084 -0.151960534412928
51.5138664483075 -0.15192750180553
51.513745813426 -0.151871068142293
51.513703984329 -0.151915064220575
51.5136877713474 -0.151964440297669
51.5135780165326 -0.152221987375662
51.5136873988381 -0.152454387609149
51.5135831267973 -0.152877477848058
51.5137652511339 -0.152888172942343
51.5138693488366 -0.152493963659756
51.5141383535839 -0.152547010648821
51.5137806514298 -0.152895630393175
51.5138111931619 -0.152951195427111
51.513726692372 -0.153128460413931
51.5135636793589 -0.153161076874437
51.5135654010417 -0.153179069210695
51.5135593181446 -0.153283765664656
51.5135976574455 -0.153326419503398
51.5137069920414 -0.153493111889222
51.5138817680751 -0.154036462971021
51.5137040088115 -0.15401750644507
51.5134929316557 -0.154217828456667
51.5134265863425 -0.154600642057489
51.5134603188575 -0.15483622276238
51.5137259732209 -0.155099270738059
51.513730928364 -0.155134243967119
51.5136587938751 -0.155589302372073
51.5136430735289 -0.155687258193538
51.5136502940788 -0.155700513063346
51.51383246023 -0.156074122690109
51.5137683306432 -0.156369507439239
51.5140252445166 -0.15659144722938
51.5140817947928 -0.156906321673038
51.5140988498699 -0.156904682649425
51.5140620835958 -0.157253863108441
51.5140639084242 -0.157255571917601
51.514296088022 -0.156876045078639
52 4
51.5139793122657 -0.158623626484359
51.5139773068794 -0.158576056631234
51.5142387989119 -0.158734845058178
51.5142552690408 -0.158478338986937
51.5142733218655 -0.158225333801007
51.514252961535 -0.158159609957095
51.5140942890804 -0.157936311537575
51.5142255555106 -0.157599479489781
51.5140741297433 -0.157293898018446
51.514077691298 -0.157263096154658
51.5140657012467 -0.157260965747692
51.5140615207067 -0.157280979055329
51.5140509843402 -0.157291267125398
51.5139932925083 -0.157922323579033
51.5138724837055 -0.157911867981097
51.5137795357201 -0.157826495576884
51.5140411644315 -0.157272769440711
51.5140402980162 -0.15726912067709
51.5140388605417 -0.157269178685396
51.5139022126067 -0.156931513254446
51.5136416853274 -0.156942979083894
51.5137224031967 -0.156570400425033
51.5134032392086 -0.156191507911736
51.5133650846836 -0.156274921082038
51.5133641960476 -0.156395686373134
51.5133820051319 -0.156813836795012
51.5135622270033 -0.156955217064252
51.5132992148791 -0.157289163222212
51.5131994387297 -0.157381478452732
51.5131174165687 -0.156778530146088
51.5131140793464 -0.156777833056313
51.513067368886 -0.156820238600208
51.5129759530543 -0.157198590359346
51.5129504079188 -0.157346491474089
51.5130927956803 -0.157500212378048
51.5131360033654 -0.157618247206797
51.5132729802161 -0.15748474314984
51.513691204452 -0.157685919436681
51.5136993894019 -0.157754866532416
51.5132919924952 -0.158134321411916
51.5131767494207 -0.157774168758807
51.5129927175097 -0.157739290461233
51.5128335328145 -0.157454824429087
51.5128146478045 -0.15762039906115
51.5129763003215 -0.15774720122628
51.5129430748832 -0.1588545836641
51.513006137391 -0.158811521033913
51.5133613696342 -0.158945852245135
51.5137232161751 -0.158940294682733
51.5138896106337 -0.159117296476775
51.5140296009027 -0.159095492082748
51.5139793122657 -0.158623626484359
11 4
51.5157205796327 -0.14146169405572
51.5157121909997 -0.141465600535315
51.5156776696762 -0.141970625874364
51.515729060298 -0.141985646855354
51.5159158582211 -0.14168975190352
51.5159363312084 -0.141625817254392
51.5159460866995 -0.141560655072649
51.5159743671272 -0.141393728938564
51.5157413333662 -0.141421158562227
51.5157203336081 -0.141451840804453
51.5157205796327 -0.14146169405572
6 4
51.5140185499914 -0.147060725019218
51.5139836224303 -0.146966721888279
51.5139320274583 -0.146927344018095
51.5139110435236 -0.146970498946017
51.5138918109606 -0.147050538794115
51.5140185499914 -0.147060725019218
5 4
51.5139703468084 -0.156925198356953
51.5139525729935 -0.156926866376518
51.5140451743252 -0.15725906101347
51.5140551228392 -0.157251410918775
51.5139703468084 -0.156925198356953
8 4
51.5156934978318 -0.14143760346861
51.5156372068819 -0.141465087589951
51.5157105174042 -0.141462103621062
51.5157085145052 -0.141437824074944
51.5157107323122 -0.141435951284403
51.5157193838569 -0.141420269480535
51.5157058831417 -0.141396576780807
51.5156934978318 -0.14143760346861
5 4
51.5156622456597 -0.143880921477909
51.5156754557476 -0.143874918104842
51.5156754644158 -0.14386410382499
51.5156611123901 -0.143837711849085
51.5156622456597 -0.143880921477909
