560 8
51.5127910316552 -0.129247041536298
51.5126749635765 -0.129066189018333
51.5126507474349 -0.12907538020801
51.512523683353 -0.12947330722777
51.5125172826918 -0.129658225572237
51.5125160743625 -0.129672653051215
51.5123765887816 -0.1297990931406
51.5123321448733 -0.129847730687828
51.5121136844804 -0.129655743611793
51.5120286973353 -0.129896161619624
51.5120061998211 -0.129928571553942
51.5119334602877 -0.129950443423614
51.5118929992425 -0.129978241742279
51.511890671131 -0.129990100724485
51.5118126232761 -0.130197793700531
51.5117182619188 -0.130261901165096
51.5117036124677 -0.130358035637102
51.5116757365269 -0.130459108013734
51.5116594502336 -0.130497679641729
51.511684372191 -0.130594808166088
51.5116943055723 -0.130670924323879
51.5116753867232 -0.130854569112951
51.5116155659991 -0.130987605127495
51.5113403745832 -0.130947536089425
51.5113396692639 -0.130970973141125
51.5114582600024 -0.131265198539706
51.5114412418575 -0.13140456199249
51.5114084747994 -0.131497753257687
51.5113532464207 -0.1315522951932
51.5113507743835 -0.131555129269987
51.5114485564281 -0.131649276856063
51.5114673786667 -0.13177552922176
51.5112906359291 -0.131606188432107
51.5112885156689 -0.131597244619898
51.5112728209112 -0.131582677383187
51.5111589259732 -0.131447720397769
51.5109271555493 -0.131514832228036
51.5108414613014 -0.131434568846589
51.5107540674617 -0.131320986394733
51.5107377976334 -0.131292897275365
51.5105961456136 -0.131215756195431
51.5105354939106 -0.131296660053242
51.5104459463055 -0.131330029427987
51.5100727124117 -0.131393898459381
51.5100572487059 -0.131495409284826
51.509929715531 -0.131655567829548
51.5099274364121 -0.131659225655177
51.5097904696909 -0.131842344814579
51.5098134335651 -0.132081895700193
51.5097228533276 -0.132281889501526
51.5097225941792 -0.132288197508877
51.5099534594841 -0.132525544486766
51.5099850220196 -0.132526036168566
51.5099843601313 -0.132343318500219
51.5098626767841 -0.132086179069809
51.5099160423005 -0.132083996408591
51.5100720704894 -0.132070366765744
51.5102838428327 -0.132457971436674
51.5102903706994 -0.132500955163803
51.5102392510546 -0.132525621402675
51.5101700326101 -0.132565404897303
51.5100522220875 -0.132777325243516
51.5100321210926 -0.132807852038346
51.5101595455635 -0.133408862822061
51.510151906871 -0.133431632034793
51.5104802882533 -0.133712767851863
51.510622367842 -0.133856438961714
51.5104664512176 -0.134108769447124
51.5102669648613 -0.134233126139702
51.5101907764808 -0.134382981695795
51.5099529513507 -0.134702578396692
51.5099587675063 -0.134734778604345
51.5101326346014 -0.134836635452267
51.5103686266181 -0.134814402415314
51.5104760710938 -0.134572253492376
51.510517464881 -0.13454085742649
51.510590114999 -0.134620708280822
51.5105986005025 -0.134668127842475
51.5105754974739 -0.134769950698642
51.5105876790321 -0.134840627107743
51.5105579219907 -0.135010212018973
51.510525201593 -0.135055630848485
51.5105255115518 -0.135063816846317
51.5105463743166 -0.135137703397059
51.5105514022278 -0.135182531304594
51.5105581607483 -0.135194850376315
51.5106436270605 -0.13525528642917
51.5106501673578 -0.135259534590396
51.5105798524282 -0.135728066053929
51.5105724113819 -0.135848141580067
51.5106660924431 -0.136097407301234
51.5106727632325 -0.136126840408188
51.510679559814 -0.136130246486455
51.5107684582949 -0.136146461513096
51.5108504955902 -0.136064690889583
51.5109563719363 -0.135819873462607
51.5109729004502 -0.135802088366165
51.5109803984181 -0.135787404802404
51.51118545149 -0.135345806410115
51.5112848934329 -0.135459737420456
51.5112890080136 -0.13546408470585
51.5113385756876 -0.135432236319243
51.5113481086303 -0.13542115300822
51.5113922546848 -0.135229233205
51.5114835300014 -0.135270540240874
51.5114937152475 -0.135266559640904
51.5115124564947 -0.135252248484949
51.5115218591533 -0.135232971578721
51.511500139741 -0.135122164250822
51.5115957170827 -0.134993020874079
51.5116015953052 -0.135000860838154
51.5117897967297 -0.134975232388242
51.5117487058226 -0.134776929263559
51.5118303821861 -0.134717745757985
51.5119930161007 -0.134865099975963
51.5120132201704 -0.134818408355406
51.5120361718088 -0.134757939591589
51.5120326143895 -0.134669916728224
51.5120298943462 -0.134640202754394
51.5119262568658 -0.134511233519385
51.5119214084128 -0.134505965641065
51.5118915147323 -0.134435179059053
51.5118882550834 -0.134428063917489
51.5118661631523 -0.134231717587468
51.5119083608627 -0.134143489167087
51.5119854161139 -0.134138558457496
51.5120099353759 -0.13412579296951
51.5120948918645 -0.134024172147939
51.5121047714348 -0.134029234419169
51.5121685100586 -0.133989675304276
51.5121916199598 -0.133939180779865
51.5122218065344 -0.133937947265829
51.5122305903731 -0.133924992823316
51.5122266943214 -0.133804425281358
51.5122467440644 -0.133742410748499
51.5122191990167 -0.13367235995338
51.5122653386466 -0.133600248321999
51.5122994733891 -0.133542054516199
51.5123292519909 -0.133566028481135
51.512388367352 -0.133563612352606
51.5124175733445 -0.133489459470032
51.5125173892983 -0.133564636808153
51.5125940234099 -0.133375065857629
51.5126439543433 -0.133360429258706
51.5126587884221 -0.133366120709565
51.5127704580218 -0.133197574854683
51.5128614049169 -0.13315606987917
51.5129313170013 -0.133255878649024
51.5129444441065 -0.133261639878613
51.5130113674459 -0.133230147842211
51.5130587316661 -0.13313897198941
51.5130778903094 -0.13306617912283
51.5130859785693 -0.132998235435222
51.5130749298817 -0.132914081793482
51.5130648236281 -0.132872192331008
51.513084236504 -0.132798438322476
51.5131457417089 -0.132782377028363
51.5131875558115 -0.132749177824002
51.5132267826824 -0.132688991532285
51.5132520503686 -0.132593371019128
51.5133036832606 -0.132606588398158
51.5133530915261 -0.132672062485798
51.5133401396332 -0.132756366181401
51.5133462774334 -0.132842622329562
51.5133487701989 -0.132852383167141
51.5134695441361 -0.132809657330925
51.5135030500266 -0.132813634586657
51.5134899516484 -0.132979104607452
51.5135220694874 -0.133144389590562
51.5135480544251 -0.133218070699372
51.5136131837814 -0.13326591054894
51.5136311704578 -0.133300229872054
51.5135735694802 -0.133426047930095
51.5135209615004 -0.133560573754287
51.5135461091332 -0.133818949546045
51.5136646454564 -0.133805074209917
51.5137849602513 -0.1337560713787
51.5137996584503 -0.133741924094486
51.5138431048339 -0.133896053083827
51.5139171618075 -0.134019105205722
51.5141551483029 -0.133867971752873
51.5141656881316 -0.133807175078387
51.5141748747682 -0.133796936690991
51.5142320323052 -0.133496335498389
51.5142501900873 -0.133462320658641
51.5143434574927 -0.133442347184902
51.5143457347731 -0.133438570333508
51.5144788962783 -0.133264742946154
51.5144842255621 -0.133599629694555
51.5145025508922 -0.133621339816347
51.5145666585447 -0.133486341075082
51.5145754709733 -0.133452589158071
51.5145771443821 -0.13341651475916
51.5146645596087 -0.133412941396919
51.5146929159007 -0.133437925276531
51.5146940611075 -0.133509890636841
51.5147196139586 -0.133562082888237
51.5147207155902 -0.133569167781368
51.5147016590397 -0.133625797747646
51.5146962940092 -0.133633265785665
51.5146725760036 -0.133696384308738
51.5146196548406 -0.133766043742121
51.5146090790258 -0.133773724715384
51.514622459604 -0.1340496993932
51.5146083312725 -0.134082717799048
51.5146165724763 -0.134301269132053
51.5146240493528 -0.134336137842619
51.5147968804908 -0.134338939375307
51.5148538010642 -0.134328533107621
51.5149041403437 -0.134328258812682
51.514991241804 -0.134406694559238
51.5151086805116 -0.134193819721885
51.5151111681622 -0.134169357298063
51.5150905490563 -0.134026055419584
51.5150964552081 -0.133956534418074
51.5151507094794 -0.133738991539639
51.5152041493789 -0.133634135389939
51.5152337628901 -0.134031967419494
51.5152292166909 -0.134045700204165
51.5153410766618 -0.134069886763529
51.5153491291825 -0.134073122709387
51.5153539081561 -0.134153140151073
51.5154747286971 -0.134169830840162
51.5154823697432 -0.134226321263611
51.5156071409357 -0.134265310444997
51.515611863895 -0.134257036725254
51.5155291830416 -0.134049603387397
51.5155722707718 -0.133994723676757
51.5156802331436 -0.134192092624949
51.5156902802179 -0.134190731399361
51.5157648602497 -0.134295823478835
51.515798609624 -0.134275549726063
51.5159193351345 -0.134359743117715
51.5159308622619 -0.134445784136563
51.5159628116149 -0.134572345507024
51.5158276565788 -0.13462658950488
51.5158049068507 -0.134631915793614
51.5157811208756 -0.134707753436439
51.5155686331473 -0.134817324061708
51.5155535446815 -0.134852164651252
51.5154769294913 -0.134992190965668
51.5154779894962 -0.134996663361621
51.5154604917195 -0.135190958541102
51.5156481530327 -0.135267072621294
51.5156629376103 -0.135280966639406
51.5156715316806 -0.135261720985483
51.5156780315464 -0.135257771667187
51.515681396553 -0.13528282715994
51.5156711619046 -0.135295009743116
51.5156674988644 -0.135307755790205
51.515450960924 -0.135326580775605
51.515507833814 -0.135460204398512
51.5155530505146 -0.135544869274927
51.5155986321305 -0.135601593358406
51.5156965759394 -0.135655228907101
51.5156746269638 -0.135326359377056
51.5156817009687 -0.135318940420261
51.5156876696692 -0.135304198858754
51.5156940091875 -0.135318437778912
51.5159249649844 -0.135465749529165
51.5158948772191 -0.135574999236405
51.5157888898188 -0.135626147865467
51.515795529757 -0.136043937582761
51.5156878081044 -0.13603122282496
51.5157003545143 -0.136192800978689
51.5156748078046 -0.136237099513419
51.5156468123042 -0.136291361205355
51.515688001519 -0.136354563649644
51.5157015276321 -0.136408081298894
51.5156842708761 -0.136498862169229
51.5156281208589 -0.136580416274535
51.5156526994688 -0.136650595034529
51.5155731670994 -0.13684480720737
51.5155672135209 -0.136877491873042
51.5155340019771 -0.136937313399151
51.5153994224451 -0.13684108281891
51.515347976747 -0.136839617000946
51.5153461931298 -0.136840521615022
51.515266518828 -0.136963556713668
51.515280011406 -0.137020640419702
51.5152972256628 -0.137068659807769
51.5153419849707 -0.137141580009112
51.5153936942128 -0.137170961343429
51.5154411687302 -0.1371771052334
51.5154974838344 -0.137156863820718
51.5155133937598 -0.13714540084024
51.5155403637078 -0.13740015038287
51.5155561575654 -0.137404021817105
51.5155672050775 -0.137426030828021
51.5156032242533 -0.137475066118257
51.5155194095157 -0.137665767426196
51.5155156079047 -0.137664139968642
51.5154511766136 -0.137648823955571
51.5154392942713 -0.137738433978623
51.5154082412734 -0.137854969208188
51.5154911968654 -0.137887592812535
51.5153921342067 -0.137910646096664
51.5153171723179 -0.138155053967451
51.5152908306479 -0.138160643723283
51.5152747145819 -0.13818744420564
51.5152753882694 -0.138541421462994
51.5152481178326 -0.138664099686982
51.5151557493658 -0.138820090165595
51.5153578428276 -0.138876735875563
51.5153443274026 -0.138948468070565
51.5153408769575 -0.13895764005448
51.5151286766271 -0.138921251061096
51.5151500410052 -0.139196904849195
51.5149568108145 -0.13951196151408
51.5150074282836 -0.139597241138356
51.5150850581501 -0.139758899475155
51.5152407782017 -0.139856178101468
51.5150095431411 -0.140269153853274
51.515001264285 -0.140325342390527
51.5152303947715 -0.140233183721247
51.5152963321132 -0.140524967371371
51.5151537747733 -0.1406965448507
51.5151847813472 -0.140758382682827
51.5151722339417 -0.140930963919921
51.5152396972735 -0.141012826499804
51.5151294384795 -0.141220044461508
51.5151369532429 -0.141240415495756
51.5151302646441 -0.141272178511916
51.5150889317748 -0.141358588871082
51.5151059356815 -0.14157500448058
51.5151994214015 -0.141506316706095
51.5154540986708 -0.141715793456482
51.5154608625528 -0.141529899721852
51.5156372068819 -0.141465087589951
51.5156934978318 -0.14143760346861
51.5157058831417 -0.141396576780807
51.5155735331099 -0.14094160055232
51.5155959438425 -0.140909197046842
51.51569722322 -0.140906855943277
51.5158370970733 -0.14045255939227
51.5157087389868 -0.140385654280515
51.5155247864963 -0.140588628015463
51.5155056886161 -0.140041818743063
51.5156249693981 -0.140091861379005
51.515734241319 -0.140054968536257
51.515934854689 -0.140318810223611
51.5159627089784 -0.14029521590877
51.5159990215044 -0.140232417931011
51.5159716318769 -0.140103884328354
51.5159337938255 -0.139951415310588
51.5159499167829 -0.139856997587052
51.5159590456024 -0.139786394105993
51.5157787559065 -0.139766763652356
51.515772333989 -0.139860667013482
51.5154766098702 -0.139925833003451
51.5155329379325 -0.13957761244193
51.515622564899 -0.139639794845475
51.5159706965296 -0.139744445958822
51.51603679407 -0.139541753123702
51.5162530685686 -0.139500617415015
51.5162837654318 -0.139418201607234
51.5162892125576 -0.139404551171141
51.5163201223583 -0.139318561470915
51.5163321106929 -0.139246890080466
51.5163417878087 -0.139142870568044
51.5163448102462 -0.139050055165611
51.5163435638595 -0.139033825407845
51.5163348160315 -0.139020753460478
51.5162835673631 -0.138935378918403
51.5161550725227 -0.138735268201249
51.5161298749943 -0.138693989859827
51.5161666302658 -0.13857983527859
51.5162305425283 -0.138335874053809
51.5162301328876 -0.138321392776546
51.5162303940364 -0.13819624792812
51.5162546837134 -0.138152001211324
51.5162889712637 -0.138035332109123
51.5163368576406 -0.13773331798147
51.5163125945554 -0.137682970368152
51.5161450701338 -0.137652013398108
51.5161304583977 -0.137609353196767
51.5161737365536 -0.137362548610431
51.5161728612961 -0.13735272094725
51.5162012792336 -0.137274080699857
51.5161532920647 -0.137331891154365
51.5160014050524 -0.137311943499596
51.5159122934226 -0.137140772355834
51.5159719924002 -0.136920392900702
51.5160080545605 -0.136830626791088
51.5162938342815 -0.137084682880395
51.5162818379611 -0.137110484409159
51.5161916481989 -0.13735825285212
51.516326107176 -0.137594123964862
51.5164020081994 -0.137154185583645
51.5166124146439 -0.137026645479357
51.5166295890117 -0.136947631179578
51.5160515578271 -0.136541507496759
51.5160910488535 -0.136350709587515
51.516108689588 -0.136306733403712
51.5161007791752 -0.136272831631534
51.516072414149 -0.136060560830637
51.5162551844229 -0.135642283663698
51.516295192292 -0.135602860194439
51.5163626046628 -0.135556851164715
51.5163686572203 -0.135553038927789
51.5163950737517 -0.135506921257984
51.516388074732 -0.13547381404678
51.5163747391827 -0.135324862523054
51.5162713975417 -0.135259682599342
51.5161874302108 -0.135197395602749
51.5159666167664 -0.135184785826465
51.5159869426774 -0.135111822657328
51.5160592487383 -0.134887360091186
51.5162652268731 -0.135018578620202
51.5162417474543 -0.135079787483179
51.5163984201364 -0.135231084208723
51.5164938613534 -0.134878519619042
51.516503759533 -0.134856487018825
51.5166463914396 -0.134757967710162
51.5166785833752 -0.134735856122346
51.5167739637051 -0.134673491640545
51.5167634069102 -0.134591925158064
51.516707870188 -0.13418064067088
51.5167005695657 -0.134173808774623
51.5166069512884 -0.133872223479894
51.5165220185624 -0.133692805029562
51.5165044940477 -0.133619723759615
51.5161994813819 -0.133490776732446
51.5161992092492 -0.133473675488814
51.516247361364 -0.133454594686855
51.5163538849088 -0.133403299703528
51.5163895773362 -0.133471241015363
51.5164931176418 -0.133531893151469
51.5164870109567 -0.133487103695835
51.5164450861982 -0.13336083060036
51.516532777333 -0.133120403945592
51.5164985165943 -0.133040758160727
51.5164826894766 -0.133040454622163
51.516383220906 -0.133275183178741
51.5162385357205 -0.133171175120665
51.5162906196402 -0.132992455133195
51.516256543005 -0.132822724608391
51.5162903892426 -0.132706901318346
51.5163677677166 -0.132710985857982
51.5165185999837 -0.132969585627601
51.516538045796 -0.132914838578564
51.5164692056929 -0.13269602330494
51.5164996847872 -0.132639755430733
51.5165502777125 -0.132598945487166
51.5165710737097 -0.132561255526244
51.5165781607682 -0.132554667313107
51.5166261276393 -0.13247878885303
51.5166336866384 -0.132462317841684
51.5166400233004 -0.132329555345279
51.5166788565132 -0.132255951562377
51.5166835386824 -0.132239479339189
51.5166889642379 -0.132190652988627
51.5167379645646 -0.132072425593129
51.5167514274733 -0.132048463859926
51.5167806465924 -0.131913101017864
51.5167869042246 -0.131871370724318
51.5167900239743 -0.131779381728284
51.516777071408 -0.131609617684151
51.5167756566234 -0.131599812072432
51.5168145622616 -0.131547714067345
51.5168478277478 -0.131491449794713
51.5169962739783 -0.131272773657897
51.5170040227913 -0.131240013731481
51.5170263575216 -0.131140939335402
51.5170566233895 -0.131003630817627
51.5169083607175 -0.130810646570892
51.5168572679587 -0.130645177148008
51.5167052536815 -0.130419905926447
51.5166877807444 -0.130395309060532
51.5165011577774 -0.130395820514308
51.5162799050867 -0.130107552039975
51.5162708432144 -0.130091761437092
51.5161846976305 -0.130056548869425
51.5159125229463 -0.129963239270892
51.5157928752727 -0.130888753290765
51.5156630341899 -0.130966082057635
51.5156349199672 -0.131001457186635
51.5153211842049 -0.130968429248561
51.5152120243032 -0.131170160811385
51.5149764678546 -0.130977072966249
51.5149615227423 -0.130936212085235
51.5150148584941 -0.130785487841015
51.5152034776213 -0.130757921273504
51.5152798676906 -0.130265675225083
51.5152065274061 -0.130204746014353
51.5150275159582 -0.130389493860667
51.5148146110828 -0.130111706430363
51.5147955419616 -0.130297152692929
51.5147403882493 -0.130525548604065
51.5147339150465 -0.130531161072192
51.5146145375457 -0.130464036462024
51.5144899565178 -0.130104324462946
51.5144878691834 -0.130091813802803
51.5141850769593 -0.130339260350862
51.5140994813534 -0.13007349518981
51.513958920993 -0.130064872740469
51.5139406658919 -0.129979943821782
51.5139337733617 -0.129902867728422
51.5139497664554 -0.129766984108171
51.5140507881034 -0.129466602481933
51.5140492172529 -0.12946393373174
51.5138404878262 -0.129515738077777
51.5137802446064 -0.129481249755654
51.5137096882049 -0.129617466613302
51.5136723235097 -0.129647753773567
51.5135635941059 -0.129684647569134
51.5135390360199 -0.129666759610111
51.5134082568286 -0.12932442339781
51.5133664130363 -0.12929369736318
51.5133594925813 -0.129299446983697
51.5133565232247 -0.129304915912224
51.5130825440748 -0.129504363013075
51.5129900967649 -0.129271326385022
51.5127910316552 -0.129247041536298
51.5165244620711 -0.131779433513379
51.5166140382042 -0.131917184369919
51.5166234695986 -0.131961837725465
51.51645265945 -0.131831926283454
51.5165244620711 -0.131779433513379
51.516030198605 -0.138043983204771
51.5161847175938 -0.138167450777884
51.5160510121725 -0.138279141624247
51.5160408419085 -0.138284072046759
51.516030198605 -0.138043983204771
51.5158007792464 -0.134852879537846
51.5158894494714 -0.135137432525659
51.5157591518339 -0.135101399656911
51.5157201430152 -0.134881366317803
51.5158007792464 -0.134852879537846
51.5168932883955 -0.130823860408686
51.5167228962527 -0.131165957076293
51.5167527741285 -0.131263844524217
51.5167086864182 -0.131188167070188
51.516707072086 -0.131182766631294
51.5167068025637 -0.13118277766285
51.5166877521556 -0.131126872053052
51.5166382812205 -0.131018021970059
51.5168932883955 -0.130823860408686
51.5156667078162 -0.139169551071257
51.5156941767774 -0.13888370417827
51.515694418036 -0.138881911827242
51.5157189939657 -0.138799033107314
51.5154231907932 -0.138575918351368
51.5153791897906 -0.138176886096354
51.5157090961258 -0.138248994986467
51.515772860672 -0.13866980311616
51.5157707892881 -0.138675235116413
51.5160133846035 -0.139103135123861
51.5160141931743 -0.139103102170245
51.5160214903448 -0.139115401317336
51.516036314143 -0.13911479717129
51.5160367068258 -0.139111216106018
51.5160501196372 -0.139095339694801
51.5160600590945 -0.139138190706736
51.5160365088983 -0.139115739917049
51.5160310868935 -0.139136638245246
51.5160120073391 -0.13912398743516
51.5160106597211 -0.13912404235723
51.5158236015522 -0.139318117695978
51.5156667078162 -0.139169551071257
5 4
51.5149390664295 -0.137906544053694
51.5148304469807 -0.13801281278922
51.5149274026339 -0.138361078711543
51.515264785568 -0.13819058222269
51.5149390664295 -0.137906544053694
5 4
51.5157107323122 -0.141435951284403
51.5157203336081 -0.141451840804453
51.5157413333662 -0.141421158562227
51.5157193838569 -0.141420269480535
51.5157107323122 -0.141435951284403
