366 8
51.5132267826824 -0.132688991532285
51.5131875558115 -0.132749177824002
51.5131457417089 -0.132782377028363
51.513084236504 -0.132798438322476
51.5130648236281 -0.132872192331008
51.5130749298817 -0.132914081793482
51.5130859785693 -0.132998235435222
51.5130778903094 -0.13306617912283
51.5130587316661 -0.13313897198941
51.5130113674459 -0.133230147842211
51.5129444441065 -0.133261639878613
51.5129313170013 -0.133255878649024
51.5128614049169 -0.13315606987917
51.5127704580218 -0.133197574854683
51.5126587884221 -0.133366120709565
51.5126439543433 -0.133360429258706
51.5125940234099 -0.133375065857629
51.5125173892983 -0.133564636808153
51.5124175733445 -0.133489459470032
51.512388367352 -0.133563612352606
51.5123292519909 -0.133566028481135
51.5122994733891 -0.133542054516199
51.5122653386466 -0.133600248321999
51.5122191990167 -0.13367235995338
51.5122467440644 -0.133742410748499
51.5122266943214 -0.133804425281358
51.5122305903731 -0.133924992823316
51.5122218065344 -0.133937947265829
51.5121916199598 -0.133939180779865
51.5121685100586 -0.133989675304276
51.5121047714348 -0.134029234419169
51.5120948918645 -0.134024172147939
51.5120099353759 -0.13412579296951
51.5119854161139 -0.134138558457496
51.5119083608627 -0.134143489167087
51.5118661631523 -0.134231717587468
51.5118882550834 -0.134428063917489
51.5118915147323 -0.134435179059053
51.5119214084128 -0.134505965641065
51.5119262568658 -0.134511233519385
51.5120298943462 -0.134640202754394
51.5120326143895 -0.134669916728224
51.5120361718088 -0.134757939591589
51.5120132201704 -0.134818408355406
51.5119930161007 -0.134865099975963
51.5118303821861 -0.134717745757985
51.5117487058226 -0.134776929263559
51.5117897967297 -0.134975232388242
51.5116015953052 -0.135000860838154
51.5115957170827 -0.134993020874079
51.511500139741 -0.135122164250822
51.5115218591533 -0.135232971578721
51.5115124564947 -0.135252248484949
51.5114937152475 -0.135266559640904
51.5114835300014 -0.135270540240874
51.5113922546848 -0.135229233205
51.5113481086303 -0.13542115300822
51.5113385756876 -0.135432236319243
51.5112890080136 -0.13546408470585
51.5112848934329 -0.135459737420456
51.51118545149 -0.135345806410115
51.5109803984181 -0.135787404802404
51.5109729004502 -0.135802088366165
51.5109563719363 -0.135819873462607
51.5108504955902 -0.136064690889583
51.5107684582949 -0.136146461513096
51.510679559814 -0.136130246486455
51.5106797794666 -0.136698560625983
51.5107043544916 -0.13689301937604
51.5108050566249 -0.136961867695169
51.5107910990637 -0.137005688207654
51.5107698936531 -0.137029010555289
51.5107023670746 -0.136926370481522
51.5106572125754 -0.13702101208862
51.5106893052983 -0.13713412801598
51.5106757766502 -0.137165335793707
51.5107221116652 -0.137252561962529
51.5108283756727 -0.137331997034305
51.5108351056847 -0.137342535329459
51.5108429925904 -0.137386296569716
51.5109130858256 -0.137401498734643
51.5109448280521 -0.137401986452415
51.51099702552 -0.137637620949052
51.5110670087074 -0.137640232851352
51.5110841269944 -0.137653912287164
51.5111206892536 -0.137657887119083
51.5111409771511 -0.137678685503455
51.5112083002046 -0.137791198243888
51.5112489871099 -0.137822809569407
51.5112681070434 -0.137843655708581
51.5112951539264 -0.137916460781812
51.5112831074556 -0.138063698399502
51.5112712831384 -0.138156981244244
51.511325409136 -0.138276330626867
51.5113698855675 -0.138388112487821
51.5115310123649 -0.138384158364198
51.5115583052629 -0.138330882162182
51.5118242390221 -0.138235319266338
51.5118507070473 -0.138339637535251
51.5118254163849 -0.13843976810506
51.5118218729652 -0.138471401018322
51.5119076621289 -0.138852539323745
51.5120199395293 -0.138761458912968
51.5120280097254 -0.138703499896008
51.5120821150684 -0.138634633775162
51.5121767075073 -0.138448856594483
51.5122213498215 -0.138418162202442
51.5122860958023 -0.138436317322108
51.5123317181923 -0.138416396030985
51.5123459998023 -0.138421279826213
51.512347853168 -0.138424769047396
51.5124272940564 -0.138530494075553
51.5124387049654 -0.138626396837993
51.5124691767028 -0.138682785448101
51.5125055296053 -0.138724556457618
51.5125144339199 -0.138730491320001
51.5126376865611 -0.13875885797481
51.5126659071594 -0.138820685861355
51.5126853862867 -0.138841518408282
51.5127291207317 -0.13884425137168
51.5127905725982 -0.138881435014864
51.5128241331768 -0.139087182725196
51.5127505488678 -0.139174904882419
51.5128024826011 -0.13928080233374
51.5128598946638 -0.139312685179139
51.512889879891 -0.139281756599005
51.5128953337002 -0.139296863081693
51.5129225714998 -0.139489441679252
51.5129784892932 -0.139478132567791
51.5130007248783 -0.13945738244161
51.5130506848884 -0.13944453359607
51.5131156850584 -0.139405048644144
51.5131192171236 -0.139406687148504
51.5131275772837 -0.139417991642408
51.5131438225921 -0.139575014284928
51.5131692727582 -0.139637906836622
51.5131939442693 -0.139663043884318
51.513274478777 -0.139690420653035
51.5133124217377 -0.139707768608172
51.5133180517751 -0.139745326647478
51.5133322368788 -0.139778139543792
51.5133322500623 -0.139778970805034
51.5133358903857 -0.139815778123325
51.5133010304488 -0.139936145244236
51.513341277556 -0.139974075690916
51.5133228632672 -0.140105418049576
51.5132365907937 -0.140045002369315
51.5132210947804 -0.140042900487281
51.5131624883691 -0.140026393929904
51.5131145064389 -0.140056272800746
51.5131162581628 -0.140132726530544
51.5132525818029 -0.140373148435973
51.5132853257478 -0.140357436774719
51.5133932017804 -0.140323217680646
51.5133673979679 -0.140158621728038
51.5134139291795 -0.14004859261736
51.5135235736054 -0.140148577226117
51.5135634366859 -0.140065912321055
51.5135646812824 -0.140065029825274
51.51356131723 -0.140000286254867
51.5136006193324 -0.139904929294705
51.5136191916581 -0.139879931633081
51.5136867986925 -0.139834755622971
51.5137824132142 -0.139917368539841
51.5138558900754 -0.139873854583019
51.5140642153049 -0.139790624118059
51.5140823549443 -0.139800698710403
51.514082411445 -0.139804261317147
51.5140408068098 -0.140548169393942
51.5139929562146 -0.140603353763063
51.5137912507045 -0.140854692245956
51.5138092665948 -0.140947715268749
51.5138919158036 -0.141102869377316
51.514090027762 -0.141384869212507
51.5141389354572 -0.141453107310192
51.51422943351 -0.141490895820413
51.5142475480709 -0.141493723470099
51.5143100075806 -0.141503777408449
51.5144640875079 -0.141191278150653
51.5147117833837 -0.141328903086095
51.5148485771907 -0.141139620249013
51.5148916061441 -0.14129639095673
51.5147804407683 -0.14143507741555
51.5148672695183 -0.14153064940032
51.5149374584812 -0.141421437597277
51.514983804884 -0.141435831224166
51.5150088411325 -0.141529402983164
51.5151054248573 -0.141576807764832
51.5151059356815 -0.14157500448058
51.5150889317748 -0.141358588871082
51.5151302646441 -0.141272178511916
51.5151369532429 -0.141240415495756
51.5151294384795 -0.141220044461508
51.5152396972735 -0.141012826499804
51.5151722339417 -0.140930963919921
51.5151847813472 -0.140758382682827
51.5151537747733 -0.1406965448507
51.5152963321132 -0.140524967371371
51.5152303947715 -0.140233183721247
51.515001264285 -0.140325342390527
51.5150095431411 -0.140269153853274
51.5152407782017 -0.139856178101468
51.5150850581501 -0.139758899475155
51.5150074282836 -0.139597241138356
51.5149568108145 -0.13951196151408
51.5151500410052 -0.139196904849195
51.5151286766271 -0.138921251061096
51.5153408769575 -0.13895764005448
51.5153443274026 -0.138948468070565
51.5153578428276 -0.138876735875563
51.5151557493658 -0.138820090165595
51.5152481178326 -0.138664099686982
51.5152753882694 -0.138541421462994
51.5152747145819 -0.13818744420564
51.5152908306479 -0.138160643723283
51.5153171723179 -0.138155053967451
51.5153921342067 -0.137910646096664
51.5154911968654 -0.137887592812535
51.5154082412734 -0.137854969208188
51.5154392942713 -0.137738433978623
51.5154511766136 -0.137648823955571
51.5155156079047 -0.137664139968642
51.5155194095157 -0.137665767426196
51.5156032242533 -0.137475066118257
51.5155672050775 -0.137426030828021
51.5155561575654 -0.137404021817105
51.5155403637078 -0.13740015038287
51.5155133937598 -0.13714540084024
51.5154974838344 -0.137156863820718
51.5154411687302 -0.1371771052334
51.5153936942128 -0.137170961343429
51.5153419849707 -0.137141580009112
51.5152972256628 -0.137068659807769
51.515280011406 -0.137020640419702
51.515266518828 -0.136963556713668
51.5153461931298 -0.136840521615022
51.515347976747 -0.136839617000946
51.5153994224451 -0.13684108281891
51.5155340019771 -0.136937313399151
51.5155672135209 -0.136877491873042
51.5155731670994 -0.13684480720737
51.5156526994688 -0.136650595034529
51.5156281208589 -0.136580416274535
51.5156842708761 -0.136498862169229
51.5157015276321 -0.136408081298894
51.515688001519 -0.136354563649644
51.5156468123042 -0.136291361205355
51.5156748078046 -0.136237099513419
51.5157003545143 -0.136192800978689
51.5156878081044 -0.13603122282496
51.515795529757 -0.136043937582761
51.5157888898188 -0.135626147865467
51.5158948772191 -0.135574999236405
51.5159249649844 -0.135465749529165
51.5156940091875 -0.135318437778912
51.5156876696692 -0.135304198858754
51.5156817009687 -0.135318940420261
51.5156746269638 -0.135326359377056
51.5156965759394 -0.135655228907101
51.5155986321305 -0.135601593358406
51.5155530505146 -0.135544869274927
51.515507833814 -0.135460204398512
51.515450960924 -0.135326580775605
51.5156674988644 -0.135307755790205
51.5156711619046 -0.135295009743116
51.515681396553 -0.13528282715994
51.5156780315464 -0.135257771667187
51.5156715316806 -0.135261720985483
51.5156629376103 -0.135280966639406
51.5156481530327 -0.135267072621294
51.5154604917195 -0.135190958541102
51.5154779894962 -0.134996663361621
51.5154769294913 -0.134992190965668
51.5155535446815 -0.134852164651252
51.5155686331473 -0.134817324061708
51.5157811208756 -0.134707753436439
51.5158049068507 -0.134631915793614
51.5158276565788 -0.13462658950488
51.5159628116149 -0.134572345507024
51.5159308622619 -0.134445784136563
51.5159193351345 -0.134359743117715
51.515798609624 -0.134275549726063
51.5157648602497 -0.134295823478835
51.5156902802179 -0.134190731399361
51.5156802331436 -0.134192092624949
51.5155722707718 -0.133994723676757
51.5155291830416 -0.134049603387397
51.515611863895 -0.134257036725254
51.5156071409357 -0.134265310444997
51.5154823697432 -0.134226321263611
51.5154747286971 -0.134169830840162
51.5153539081561 -0.134153140151073
51.5153491291825 -0.134073122709387
51.5153410766618 -0.134069886763529
51.5152292166909 -0.134045700204165
51.5152337628901 -0.134031967419494
51.5152041493789 -0.133634135389939
51.5151507094794 -0.133738991539639
51.5150964552081 -0.133956534418074
51.5150905490563 -0.134026055419584
51.5151111681622 -0.134169357298063
51.5151086805116 -0.134193819721885
51.514991241804 -0.134406694559238
51.5149041403437 -0.134328258812682
51.5148538010642 -0.134328533107621
51.5147968804908 -0.134338939375307
51.5146240493528 -0.134336137842619
51.5146165724763 -0.134301269132053
51.5146083312725 -0.134082717799048
51.514622459604 -0.1340496993932
51.5146090790258 -0.133773724715384
51.5146196548406 -0.133766043742121
51.5146725760036 -0.133696384308738
51.5146962940092 -0.133633265785665
51.5147016590397 -0.133625797747646
51.5147207155902 -0.133569167781368
51.5147196139586 -0.133562082888237
51.5146940611075 -0.133509890636841
51.5146929159007 -0.133437925276531
51.5146645596087 -0.133412941396919
51.5145771443821 -0.13341651475916
51.5145754709733 -0.133452589158071
51.5145666585447 -0.133486341075082
51.5145025508922 -0.133621339816347
51.5144842255621 -0.133599629694555
51.5144788962783 -0.133264742946154
51.5143457347731 -0.133438570333508
51.5143434574927 -0.133442347184902
51.5142501900873 -0.133462320658641
51.5142320323052 -0.133496335498389
51.5141748747682 -0.133796936690991
51.5141656881316 -0.133807175078387
51.5141551483029 -0.133867971752873
51.5139171618075 -0.134019105205722
51.5138431048339 -0.133896053083827
51.5137996584503 -0.133741924094486
51.5137849602513 -0.1337560713787
51.5136646454564 -0.133805074209917
51.5135461091332 -0.133818949546045
51.5135209615004 -0.133560573754287
51.5135735694802 -0.133426047930095
51.5136311704578 -0.133300229872054
51.5136131837814 -0.13326591054894
51.5135480544251 -0.133218070699372
51.5135220694874 -0.133144389590562
51.5134899516484 -0.132979104607452
51.5135030500266 -0.132813634586657
51.5134695441361 -0.132809657330925
51.5133487701989 -0.132852383167141
51.5133462774334 -0.132842622329562
51.5133401396332 -0.132756366181401
51.5133530915261 -0.132672062485798
51.5133036832606 -0.132606588398158
51.5132520503686 -0.132593371019128
51.5132267826824 -0.132688991532285
51.5140447899488 -0.140549908479978
51.5142190053107 -0.140583335500393
51.5143022996988 -0.140603353394596
51.5143375921486 -0.140640655168953
51.5142290729176 -0.140997288013604
51.5140447899488 -0.140549908479978
51.5149390664295 -0.137906544053694
51.515264785568 -0.13819058222269
51.5149274026339 -0.138361078711543
51.5148304469807 -0.13801281278922
51.5149390664295 -0.137906544053694
7 4
51.5157090961258 -0.138248994986467
51.5153791897906 -0.138176886096354
51.5154231907932 -0.138575918351368
51.5157189939657 -0.138799033107314
51.5157707892881 -0.138675235116413
51.515772860672 -0.13866980311616
51.5157090961258 -0.138248994986467
16 4
51.5103598674029 -0.135100286201946
51.5104582636515 -0.135148430578551
51.5103578929451 -0.135321016781159
51.5104094008698 -0.135422525434297
51.5104675804821 -0.135672288103254
51.5105724113819 -0.135848141580067
51.5105798524282 -0.135728066053929
51.5106501673578 -0.135259534590396
51.5106436270605 -0.13525528642917
51.5105581607483 -0.135194850376315
51.5105514022278 -0.135182531304594
51.5105463743166 -0.135137703397059
51.5105255115518 -0.135063816846317
51.510525201593 -0.135055630848485
51.5105023410498 -0.135031374323452
51.5103598674029 -0.135100286201946
5 4
51.5158007792464 -0.134852879537846
51.5157201430152 -0.134881366317803
51.5157591518339 -0.135101399656911
51.5158894494714 -0.135137432525659
51.5158007792464 -0.134852879537846
7 4
51.512704613447 -0.139560468117916
51.5127507005579 -0.139637847989426
51.512780149982 -0.13954479506322
51.5127762657736 -0.13929993227133
51.5127705441904 -0.139301947807891
51.5126543285547 -0.139450819774371
51.512704613447 -0.139560468117916
