452 8
51.5233942915451 -0.149371392976503
51.5234059861242 -0.148842016673006
51.523447243962 -0.147645736514658
51.5232311981385 -0.14778690672328
51.5231577519926 -0.147826850366858
51.5231223866718 -0.147841715767152
51.5227598547735 -0.147775367472026
51.5227270961883 -0.147773131074251
51.5225621563568 -0.147660852397218
51.5223872482658 -0.147401246240338
51.5223734294099 -0.147345946719961
51.5223796260143 -0.147277236612666
51.5223990369717 -0.147162945310878
51.5224224350503 -0.147062041186343
51.5223582419481 -0.146885299539931
51.5223557970114 -0.146872800507194
51.522253820687 -0.146631868446594
51.5221573758856 -0.146547596444562
51.5221241625373 -0.146459687749043
51.5219740364561 -0.146357629129642
51.5219351607018 -0.146474611646057
51.5216841330132 -0.146370351378931
51.5216493273204 -0.146380797232135
51.5216437097264 -0.146366644494428
51.5215526286984 -0.146274787664147
51.5214806676398 -0.146238014010857
51.5213837340575 -0.14623660196463
51.5212415997535 -0.146338759968672
51.5211878121022 -0.146325612500303
51.5211875294391 -0.146324792036913
51.5208992216012 -0.146108548228738
51.5208751730246 -0.146128421628146
51.5206288433463 -0.145991529448095
51.5205529793242 -0.145986528766122
51.5204834339626 -0.146017282087665
51.5204549630667 -0.146007623242426
51.520438959222 -0.145950632496256
51.5203258406173 -0.145784087537437
51.5202209437424 -0.145722507152688
51.5201708835459 -0.145729056566058
51.5201699438258 -0.145726480120916
51.520037405863 -0.145338127481465
51.5200386220737 -0.145699369022977
51.5200655805072 -0.145744148529159
51.5198665662331 -0.145899124326687
51.5198589023574 -0.145914766607317
51.5198300784833 -0.145842966265211
51.5195516418264 -0.145602918401988
51.5195544163831 -0.145579393349213
51.5195093591684 -0.145510035755055
51.5194678813416 -0.145274745205106
51.5193238239922 -0.145204062092689
51.5193227925415 -0.145201370588417
51.5192955414957 -0.145183581542888
51.5192555382401 -0.145195070773813
51.5190926441467 -0.145161163025469
51.5189611940615 -0.145364733404042
51.5189379515106 -0.14533323347636
51.5188164972739 -0.144957990054156
51.5186013729998 -0.145020803841076
51.5185670650242 -0.144823969492902
51.518532194339 -0.144676834173378
51.5184617033544 -0.14472735418814
51.5183751656214 -0.144701160352132
51.5183204991828 -0.144609734879907
51.5182940955218 -0.144617106454729
51.5182371243288 -0.144578896846925
51.5181865174067 -0.144613397003376
51.5180916700285 -0.144567694828085
51.5180703348176 -0.144969411176814
51.5180555488533 -0.144978093084718
51.5178594226593 -0.144843810037875
51.5179684128178 -0.144345718783403
51.5179657916923 -0.144180043058576
51.5176479295371 -0.144141624402879
51.5175918069501 -0.143997970903509
51.5176165842649 -0.143314112349972
51.5174849986945 -0.143241980226078
51.5173362014181 -0.143366038141531
51.5173213828363 -0.143361292982431
51.516983013959 -0.143293886060549
51.5169564419377 -0.143438284889602
51.516916339775 -0.143591195782351
51.5168681806578 -0.14367241844633
51.5167763420426 -0.14370324716091
51.5167395570576 -0.143696542914542
51.5166618592712 -0.143643848408092
51.5166099414321 -0.143578459912547
51.5165926296757 -0.143433232232533
51.5168070779429 -0.142924563801404
51.5163868023907 -0.14297588220349
51.5163805910675 -0.142935611674034
51.5163779052831 -0.142885215519997
51.5164025045379 -0.142474348665917
51.5163294609056 -0.14244309543015
51.5162764990227 -0.142538892787539
51.5161989976723 -0.142691659780461
51.5161632753063 -0.142780457064228
51.5160928262596 -0.142856287552127
51.5160859734557 -0.142849317315154
51.5160855242487 -0.142849335585916
51.5160830506937 -0.142835057104893
51.5160437440113 -0.142669098015628
51.5159916677485 -0.142519939109032
51.5159914880657 -0.14251994641861
51.5159353891345 -0.142343857110028
51.5158669602309 -0.142325844976266
51.5158365551273 -0.142432488468939
51.5156295124512 -0.142596821919377
51.5156120334751 -0.142583035157921
51.5155724357367 -0.142557670588297
51.5153184536492 -0.142437404282347
51.5153003882401 -0.142539860606659
51.5152997085301 -0.142661573666996
51.5155764326562 -0.14295203729888
51.515595832259 -0.142996286461272
51.5155114344667 -0.143196151386873
51.5154927304881 -0.14349684874603
51.5155400025581 -0.143586785438391
51.515503332474 -0.143791838819885
51.51549675988 -0.14392187262985
51.515495162248 -0.143934533965132
51.5154942106937 -0.143982343870226
51.5155120444518 -0.144166286910761
51.5155261105212 -0.144231430401541
51.5155895673178 -0.144395456830108
51.5155524296094 -0.144696071330758
51.5158643037572 -0.145208530284142
51.5153077196541 -0.145815799365428
51.5150889733951 -0.145729140404144
51.514917995248 -0.146093769002994
51.5149150065844 -0.146103753429747
51.5149604450415 -0.146254133006587
51.5151094899267 -0.146594955296194
51.5154466588697 -0.146120075803754
51.5155551505273 -0.146340861413874
51.5155445743087 -0.146724055038397
51.5151517573427 -0.146703991987044
51.5151119052375 -0.146804716085688
51.515046019103 -0.146845178879362
51.5149475773071 -0.146856422834129
51.51492997123 -0.146834559204102
51.5148961166078 -0.146853995678528
51.5145940690979 -0.146866253823589
51.5146262135338 -0.146960489898142
51.514855292077 -0.146881795574494
51.5148570182622 -0.146894321732646
51.5148884362489 -0.147033625275506
51.5148494493144 -0.147154990185415
51.5147629879504 -0.147429554191023
51.5147662940919 -0.147451047471655
51.514899014204 -0.147435799839036
51.5149943271864 -0.147442746636426
51.5152340824097 -0.147596058537883
51.5153425943139 -0.147772758572244
51.5153480061413 -0.148331888103842
51.5153524329019 -0.148338957430316
51.5156135540645 -0.148330982723672
51.5156980009901 -0.148862669281331
51.5154391483076 -0.148701092181703
51.5154423884889 -0.148712725346378
51.5156201923405 -0.149241458449225
51.5157418557253 -0.149180674904832
51.5157434915093 -0.149176092890142
51.5158133934962 -0.148957099237796
51.5158439663661 -0.148889193556443
51.5159177971251 -0.148697015204582
51.515958797698 -0.149096183392786
51.5159621594312 -0.149104127903121
51.5161771043428 -0.148676638173561
51.5159697410368 -0.148553495413824
51.5158447035692 -0.148320777121475
51.5158623705867 -0.148249710474462
51.5161749891434 -0.148149688048635
51.5161757977184 -0.148149655255004
51.5161925604523 -0.148140894578894
51.5161910159509 -0.148196809973553
51.5161979516239 -0.148687438798261
51.5162088469655 -0.148694246017088
51.5162083168052 -0.148153802808524
51.5162581779811 -0.148117555855599
51.5161984990621 -0.148129839677887
51.5161981396955 -0.148129854253003
51.5161928766946 -0.148138148532914
51.5161771915895 -0.148129753176429
51.5159947333489 -0.147966981319481
51.5161192588544 -0.147814217934095
51.516133565833 -0.147803655394992
51.5162851399728 -0.147678670889469
51.5164038846189 -0.147740520775543
51.5165350370812 -0.147574771001381
51.5165525869639 -0.1474849315467
51.5164995080643 -0.147340203218719
51.5163271796042 -0.147004947779433
51.5163480813982 -0.146967973363008
51.5163681051861 -0.146926637608912
51.5164101627849 -0.146840319324096
51.5164109802991 -0.146829472046446
51.5164144609713 -0.146623031048834
51.5163636070997 -0.146448504788007
51.5164244886354 -0.146375801063137
51.5166072626886 -0.14634223693831
51.5167064842329 -0.146403093783588
51.5167702354152 -0.146426649891347
51.5167887512975 -0.146540219634174
51.5168694550638 -0.146578417844141
51.5169432766415 -0.146664668273878
51.5170539635918 -0.146620483502417
51.517065713607 -0.146607409721806
51.5170938525499 -0.146601751648155
51.5171307863494 -0.146589438139312
51.5172178366896 -0.146665169678332
51.5172298144541 -0.14668357878557
51.5172672783878 -0.146682058085573
51.5173317763943 -0.146707367116891
51.5174358710901 -0.146849076015671
51.5174668040704 -0.146832490287511
51.5175357125555 -0.146829693419061
51.5176035742926 -0.146863066186024
51.5176322337537 -0.146861902966144
51.5176632949868 -0.146870505940309
51.517673050633 -0.146879141786518
51.5177594274436 -0.146917942922375
51.5177784895208 -0.146935232905897
51.5178023173843 -0.146963975786056
51.5178081740309 -0.147016027635115
51.5177878252268 -0.147230289798825
51.5177687464599 -0.147268855057838
51.5177738644858 -0.147399371132434
51.5177479570038 -0.147529244603148
51.5176919985938 -0.147640490891838
51.5175861545125 -0.147604260849384
51.5175763989182 -0.147595624862794
51.5175160562293 -0.147292656546004
51.5173596150086 -0.14722330434495
51.5173098889225 -0.147313619254374
51.5172169657566 -0.147349832679648
51.5171302213215 -0.147338973034632
51.5170493848046 -0.14729804539194
51.5169978839957 -0.147219087797791
51.5169882523881 -0.147223994471874
51.5169860494943 -0.147226817130449
51.5169484825084 -0.147278728705478
51.5168777514055 -0.147348266601461
51.516876806291 -0.147351038211556
51.5168048515074 -0.14743417297972
51.5167973129079 -0.147565912831883
51.5167843929266 -0.147635837933121
51.5166815338265 -0.147646309217333
51.5167835058273 -0.147818764366009
51.5167750165715 -0.147907404754729
51.5168020940017 -0.147954078969198
51.5168027796471 -0.147974728837804
51.5168583559292 -0.14803284393737
51.5169077230913 -0.148067800026031
51.5169148994948 -0.148078204327658
51.5169532837811 -0.148123588325268
51.5169623959199 -0.148148412328592
51.5168933411458 -0.148500714087124
51.5168788916346 -0.148502250723713
51.5168741526619 -0.148509573137139
51.516742973974 -0.148650960924757
51.5163685110324 -0.14854635737831
51.5162698597467 -0.148732295245618
51.5163374517066 -0.149044826696582
51.516336501042 -0.149052946083332
51.5165451939921 -0.149459819837163
51.516635354924 -0.149641669899516
51.5167395250779 -0.149674406684749
51.5167943631507 -0.149737069491594
51.5167995177699 -0.149733295492535
51.5168963414729 -0.149636559788602
51.5169378882573 -0.149551927447444
51.5170916249803 -0.149472730310839
51.5172256631374 -0.149580907203607
51.5172912133475 -0.149319658055916
51.5172989391226 -0.149285119412641
51.5173203250916 -0.149278785977567
51.5173479214837 -0.149278618087101
51.5173894436469 -0.149294998504033
51.5173975388711 -0.149300968827139
51.5174489148343 -0.149383499657464
51.5174435958268 -0.149405343926009
51.5173793331492 -0.149543068218665
51.5173696213243 -0.149571388917706
51.5173506095641 -0.149637045323581
51.5174188432766 -0.149688351712999
51.5174381933802 -0.149718227970461
51.5174646107555 -0.149728803627466
51.5174666153742 -0.149730504975289
51.5175345642974 -0.149763759624123
51.5175503299233 -0.149782966878901
51.5175932984606 -0.14977136198063
51.5176494965269 -0.149783464185435
51.5176954867436 -0.149826640676724
51.5177034395707 -0.14982358509616
51.5177325577314 -0.149828703644902
51.5179790546421 -0.150061980877362
51.5179793953439 -0.150066483003239
51.5179706592943 -0.150162384531867
51.517980754233 -0.150243856477445
51.5180618631503 -0.150296425448162
51.51825321135 -0.150133823509242
51.518284276047 -0.150136961983858
51.5183705687734 -0.150290217330884
51.5184025569493 -0.150180894564305
51.5184749165047 -0.150134704506295
51.5185012027949 -0.150142671423841
51.518479487871 -0.150390385197168
51.5184787073867 -0.150392199439361
51.5184362462014 -0.150424580700859
51.5184325200457 -0.150473337802931
51.5185896013143 -0.150526395392262
51.5185473201453 -0.150610108951976
51.5185099704777 -0.150635984405275
51.51853124854 -0.150719737803402
51.518504292784 -0.150811862319306
51.5184991438939 -0.150844514622904
51.5184993516618 -0.150846288832224
51.5184787072873 -0.150962401277586
51.5184596573001 -0.151019979025547
51.5183888040082 -0.151036277486887
51.5184010959665 -0.151228659218583
51.5184163784647 -0.15125145213795
51.5184206422098 -0.151253893998785
51.5184648650151 -0.151299045703465
51.5184697444749 -0.151608667997729
51.5186050424129 -0.151642883649539
51.5186123532957 -0.151639022416633
51.5186758097561 -0.151586896275226
51.5186800586222 -0.151400142194369
51.5186782617481 -0.151331761913793
51.5188419028862 -0.15128199602611
51.5188820472069 -0.151296533073324
51.5188938875884 -0.151283456309458
51.5189197526278 -0.151258996953329
51.5189397817606 -0.151280647191315
51.5189897862068 -0.151287654432239
51.5190106482094 -0.151282293642535
51.5190460365913 -0.151360128970899
51.5191065712453 -0.151379307311176
51.5191735594437 -0.151294592978121
51.5191877319495 -0.151269775039827
51.5192421854035 -0.151256755273001
51.5193266985037 -0.151302890868869
51.5195370028825 -0.151173629183172
51.5195441809283 -0.151201266919901
51.5196720877596 -0.151348327287691
51.5196863014869 -0.151360349279367
51.5197507143075 -0.151380321592344
51.5197674997437 -0.151378691161742
51.519786409584 -0.151414886251483
51.5198428489406 -0.151476539629645
51.5198446888248 -0.1514791985708
51.5198232538797 -0.151676398494648
51.5199277924536 -0.151510061178203
51.5199840801885 -0.151522162436008
51.5199914659391 -0.151500233514861
51.5201272074484 -0.151574007577086
51.5201412134487 -0.151498686441008
51.5201935762276 -0.151461387863413
51.5202002020569 -0.151453988817417
51.5202207571044 -0.151457672679194
51.5203052925477 -0.151374028510726
51.5203469042697 -0.151390408195789
51.5203469791371 -0.151389454392857
51.5204111168015 -0.151397672341243
51.5205101166637 -0.15127921408459
51.5205782351915 -0.151169255599266
51.5205953912355 -0.15117402778667
51.5206713450855 -0.151230375476714
51.5206817950031 -0.151351533076467
51.5208777886054 -0.151529236796038
51.5208702568537 -0.151564720700856
51.5208941171743 -0.151692585674952
51.5209495382942 -0.151701038181553
51.520944489548 -0.151962589276766
51.5210376310287 -0.151985797380302
51.52112324123 -0.151890462003735
51.5210848644314 -0.151617238233074
51.5210843347503 -0.151606444480174
51.5210639126366 -0.151434347086187
51.5211386739971 -0.151346580840936
51.5212265823541 -0.151431325623637
51.5213098712895 -0.151491061799812
51.5213445258715 -0.15151663730792
51.5212439592259 -0.151592731690114
51.5212416289596 -0.151587477847065
51.5212079663606 -0.151607737759199
51.5212411516459 -0.151619942881343
51.5212449287486 -0.15161432290879
51.5212460031173 -0.151602632230419
51.521405311289 -0.151557437139131
51.5214128392768 -0.151561648598524
51.5214089948044 -0.151454602295525
51.5214073569835 -0.151356380339955
51.5214061944723 -0.151248393508683
51.5214374911678 -0.151226327463599
51.5216138375914 -0.151321040044204
51.5216200610394 -0.151345152217647
51.5216343365316 -0.151355389458114
51.5216940812863 -0.151352970090315
51.5218920245784 -0.151129597290306
51.5219926813652 -0.151258871144883
51.5221944492303 -0.15083899928162
51.5222208326308 -0.150818914355003
51.5222952278948 -0.150947469389742
51.5224026231381 -0.151110700355494
51.5224153585021 -0.151205741412296
51.5227311265458 -0.150894751606121
51.5228152944815 -0.151181343204906
51.5232800271716 -0.15125261241242
51.5233065920936 -0.151198408743574
51.52322711728 -0.150730490551909
51.5231956901985 -0.150573212652369
51.523361369589 -0.150048414361561
51.523499754256 -0.149571547415793
51.5234900223753 -0.149518813892189
51.523402548444 -0.149416104055157
51.5233942915451 -0.149371392976503
51.5156754644158 -0.14386410382499
51.5156754557476 -0.143874918104842
51.5156622456597 -0.143880921477909
51.5156611123901 -0.143837711849085
51.5156754644158 -0.14386410382499
51.518778388225 -0.151142194769701
51.5188650892619 -0.151133216999967
51.5188900897433 -0.151190794000604
51.5188491593794 -0.151217646072637
51.518778388225 -0.151142194769701
51.5185919121924 -0.150068641752885
51.5186116278863 -0.150161609172166
51.5185844011759 -0.150253626323632
51.5185508905487 -0.150289210422573
51.518538198729 -0.150128575233924
51.5185919121924 -0.150068641752885
51.5166714690602 -0.149275377148263
51.5167857336581 -0.149218576082803
51.5167526579964 -0.149498233262039
51.5166714690602 -0.149275377148263
51.5183457235267 -0.149792209578556
51.5183602145074 -0.14995288994176
51.5183524838093 -0.150061229891038
51.5183066050496 -0.150099216533734
51.5182705707004 -0.149917780209369
51.5183375946857 -0.14978980564763
51.5183457235267 -0.149792209578556
51.5153950824125 -0.147709311295547
51.5156487043663 -0.147380190560214
51.5158050478758 -0.147671052601291
51.5158569268769 -0.147887841676252
51.5153950824125 -0.147709311295547
8 4
51.5169047809028 -0.143031346566664
51.5171529754843 -0.143104082521395
51.5171529472828 -0.143102301094917
51.5170693834394 -0.142690479560122
51.5170292794934 -0.142678563396391
51.5168552962915 -0.142841436642317
51.5168501082495 -0.142871475862235
51.5169047809028 -0.143031346566664
11 4
51.5213528055077 -0.151927995120719
51.5214229479426 -0.151815220080502
51.5214536084246 -0.151769885712096
51.521440600324 -0.151628981726728
51.5212497483808 -0.151617812079741
51.5212586183519 -0.1516444316222
51.5212640331802 -0.151651462163203
51.5212367119355 -0.15164626936097
51.5211281207552 -0.151892047194962
51.5212079431678 -0.151925777709448
51.5213528055077 -0.151927995120719
10 4
51.5159620192111 -0.149112333204522
51.5159566568182 -0.149114333099266
51.5159377710999 -0.149102502140557
51.5158701245842 -0.149134002280799
51.5159514404862 -0.149119892123049
51.5158625061513 -0.14930638384943
51.515959226507 -0.14941963495033
51.5161478051316 -0.149463328916173
51.5161506556168 -0.149455964423531
51.5159620192111 -0.149112333204522
9 4
51.5183455420227 -0.150749839528065
51.518352677191 -0.150791858009006
51.5183534109038 -0.150792779021654
51.5184000424903 -0.150785423618242
51.518444055364 -0.150743116029289
51.5184961160457 -0.150623948384811
51.5184285149372 -0.150515807600515
51.5183935013027 -0.150558701586957
51.5183455420227 -0.150749839528065
