324 8
51.5208710201412 -0.164339390115048
51.5209903111799 -0.163713018938844
51.5206015756786 -0.163499755790612
51.5205285059154 -0.163317175458875
51.5206716690441 -0.16294108828175
51.5209384618986 -0.163002493169962
51.5208622231168 -0.162439727513551
51.5210610337905 -0.162178578674979
51.5208611149991 -0.161990290498562
51.5208181363989 -0.161932478252905
51.5208192970732 -0.161909018565609
51.5209288873209 -0.161610933312113
51.5210664713003 -0.161584713326077
51.5210561622553 -0.161294069428626
51.5210907339314 -0.161234203689603
51.5211920290748 -0.161026417460692
51.5211492138531 -0.160956120044648
51.521254543665 -0.160363576144765
51.5211457724222 -0.160323866535559
51.521124289089 -0.160272439005466
51.5210998912364 -0.159995079602403
51.521127804003 -0.159785851160449
51.5209213621525 -0.159760776434605
51.520913479862 -0.159768343881222
51.5208367421516 -0.159736258252088
51.5207373475516 -0.159755596149817
51.5207029606092 -0.159781345950606
51.5206296678723 -0.159573465657283
51.5206157375325 -0.159562261383027
51.5204737892622 -0.159533755974633
51.520473082969 -0.159488741576038
51.5203431804779 -0.159357067647262
51.5202725241869 -0.159403176323361
51.520268211763 -0.159403350185525
51.5202397116145 -0.159426129188788
51.5201776946586 -0.159312398209766
51.5200846777691 -0.159348593348957
51.5200501737189 -0.159195009893387
51.5199450586899 -0.159279468753254
51.5198825844573 -0.159285552988712
51.5198873831034 -0.159150232627379
51.5198825200695 -0.159098136870383
51.5197583429259 -0.159136539391437
51.5197127672281 -0.159102367147704
51.5196550740074 -0.159183962754332
51.5196183214647 -0.159207906226149
51.5195850690745 -0.159174187883968
51.5195436660098 -0.159159575621447
51.519488813835 -0.159101414517434
51.5194240055765 -0.15910771187597
51.5194029306919 -0.159099529520966
51.5193886659141 -0.159078475131372
51.5193202523893 -0.159032626679084
51.5192547954721 -0.159026234011423
51.519134083202 -0.158735538606164
51.5189249990433 -0.159023250950943
51.518922511423 -0.159025133898091
51.5188594134779 -0.158980022370815
51.5187815355669 -0.158949768031004
51.5186641122978 -0.159034721331721
51.5184665196409 -0.158834597372466
51.5182924369963 -0.158935264142765
51.518239107405 -0.158802292589026
51.517935661271 -0.158851488743917
51.5179187092132 -0.158550437613206
51.5178985468021 -0.158525937893751
51.5178190765449 -0.158485885448327
51.5176462907741 -0.158594699667735
51.5175374933072 -0.158421660887321
51.5173113190721 -0.158651466291802
51.5172544277805 -0.158291660464462
51.5170481762459 -0.158238659627873
51.5169132233349 -0.158254917461924
51.5170329815666 -0.157460053789454
51.5169784161755 -0.15741448304604
51.5169665914304 -0.156661886796699
51.51685097283 -0.156609869159218
51.5172469847711 -0.155786731279489
51.516905559395 -0.155581623337584
51.5168087092509 -0.155751313446297
51.5164275919021 -0.155560407665321
51.5164316021931 -0.155529585939009
51.5160058272942 -0.155231515896906
51.5162852592681 -0.154895923375975
51.5162951607407 -0.154891007500309
51.5163574823005 -0.154720930367847
51.516385180174 -0.154641498038603
51.5164460402014 -0.154447117871064
51.516753002186 -0.154432927902804
51.5167698036921 -0.154163795857976
51.5167970177973 -0.154105059680007
51.5167886210773 -0.154034215708994
51.5168144982028 -0.153913381636616
51.5168136093747 -0.15390260339018
51.5169017144412 -0.153411688869568
51.5168927562327 -0.153196717805079
51.5169497420392 -0.152944854004093
51.5169125352958 -0.15287707690399
51.5168237725715 -0.152795104969249
51.5166831883748 -0.152830501695799
51.5165772170893 -0.152905971910952
51.5165557727044 -0.152925734421302
51.5164722839481 -0.153024537352498
51.5164555224595 -0.153050527493018
51.5163500169271 -0.153578148876509
51.5161691657568 -0.153448444861801
51.5161579755795 -0.153405760125985
51.5164500832436 -0.153053361908329
51.5163385423613 -0.153077719352747
51.5160744197457 -0.153243364095664
51.5160280283817 -0.15319746868755
51.5159354089632 -0.153310186411336
51.5158953989053 -0.153446919734984
51.5158872934072 -0.153503099871901
51.5158886693528 -0.153590506625428
51.5158971358293 -0.153648630981806
51.5159687583793 -0.153926779552617
51.5159493010451 -0.153969990289416
51.5159595310914 -0.154083064076325
51.5158892263143 -0.154305631765963
51.515866173839 -0.154400324175252
51.515859255114 -0.154434828219117
51.5156245571811 -0.155225291940925
51.515546353016 -0.155008608847925
51.5155452526735 -0.15500152327676
51.5157510963425 -0.154377049490026
51.5157576026315 -0.154367755088287
51.5157763612108 -0.154354400404277
51.5157713339429 -0.154349137224944
51.5157695240227 -0.154348378542253
51.5157668567934 -0.154350268870648
51.515758505807 -0.154328027883153
51.5157657979568 -0.154328683800599
51.515776715698 -0.154325509298482
51.5157678686356 -0.154306021555375
51.5157643647985 -0.154306163186692
51.5157446065911 -0.154250277843368
51.5157460761345 -0.154315102019722
51.5154468098464 -0.154429870964568
51.5154436088688 -0.154443547374551
51.5151929102864 -0.154314051390365
51.5150811190965 -0.154231109221222
51.5150157733221 -0.154186098820613
51.5148099316978 -0.153622362503215
51.5145859017578 -0.153707948589262
51.5142945268322 -0.153655798826496
51.5141272498563 -0.153954409390898
51.5146613669886 -0.154893094152701
51.5146702581839 -0.154995405371514
51.5145120636091 -0.155048616686912
51.5144502672331 -0.155052064131408
51.5142880853292 -0.155291881257343
51.5142739606755 -0.15531407902456
51.5142699118282 -0.155485358557076
51.5140514472947 -0.155559064263864
51.514056601492 -0.155572402693703
51.5141096594999 -0.156088121217141
51.5141258889495 -0.156091149601247
51.5141756705705 -0.156095437407976
51.5143981279056 -0.156796231149804
51.514389174337 -0.156861474191862
51.514296088022 -0.156876045078639
51.5140639084242 -0.157255571917601
51.5140620835958 -0.157253863108441
51.5140988498699 -0.156904682649425
51.5140817947928 -0.156906321673038
51.5140252445166 -0.15659144722938
51.5137683306432 -0.156369507439239
51.5137224031967 -0.156570400425033
51.5136416853274 -0.156942979083894
51.5139022126067 -0.156931513254446
51.5140388605417 -0.157269178685396
51.5140402980162 -0.15726912067709
51.5140411644315 -0.157272769440711
51.5137795357201 -0.157826495576884
51.5138724837055 -0.157911867981097
51.5139932925083 -0.157922323579033
51.5140509843402 -0.157291267125398
51.5140615207067 -0.157280979055329
51.5140657012467 -0.157260965747692
51.514077691298 -0.157263096154658
51.5140741297433 -0.157293898018446
51.5142255555106 -0.157599479489781
51.5140942890804 -0.157936311537575
51.514252961535 -0.158159609957095
51.5142733218655 -0.158225333801007
51.5142552690408 -0.158478338986937
51.5142387989119 -0.158734845058178
51.5139773068794 -0.158576056631234
51.5139793122657 -0.158623626484359
51.5140296009027 -0.159095492082748
51.5138896106337 -0.159117296476775
51.5137232161751 -0.158940294682733
51.5133613696342 -0.158945852245135
51.513006137391 -0.158811521033913
51.5129430748832 -0.1588545836641
51.5125829154622 -0.159105093024165
51.512252227372 -0.159463492030073
51.5119813296325 -0.159799513972171
51.5115598974711 -0.160224535329785
51.511210643039 -0.160780792266639
51.5128881445792 -0.161049272880391
51.5135909657726 -0.160612912130617
51.5139346664002 -0.160699953915638
51.5138507350712 -0.160123209603036
51.5138665146426 -0.160109027267184
51.5140508476591 -0.160237660340336
51.5139984470377 -0.160719843714654
51.5140449388873 -0.160783802831113
51.5141100655448 -0.16111889465932
51.5140834742481 -0.161555952613293
51.5140755609029 -0.161595960406335
51.5140827319008 -0.161611832578929
51.5143242497444 -0.161844404750163
51.5144615417712 -0.161965908383142
51.5146182173827 -0.161689379371512
51.5147543816882 -0.161675817054059
51.5147690524012 -0.161694120675566
51.5148482191366 -0.161955809945719
51.5148357574088 -0.161975205838154
51.5146394473437 -0.162235267952008
51.5146706925302 -0.162347494504619
51.5146812673111 -0.16239127425212
51.5150350575897 -0.162726522676073
51.5150518053245 -0.16282578691007
51.515088201345 -0.162876608874737
51.5151458663815 -0.162919326431695
51.5153210735467 -0.16352747668699
51.5154584618349 -0.1635174353717
51.515631995454 -0.163077187286166
51.5159062271753 -0.163372510842337
51.5156912482823 -0.163749543688149
51.5157269063301 -0.164063376844945
51.5157282861893 -0.164076868462808
51.5157337219699 -0.164091028843489
51.5157476673744 -0.16413194129084
51.5158746005162 -0.164171876057668
51.5159946867413 -0.164383208562542
51.5160383877566 -0.164464279724197
51.5164129932732 -0.164716839225491
51.5164328885505 -0.164856503727122
51.5168564075817 -0.164793610530666
51.5170185064865 -0.164960954518528
51.5170605915412 -0.164996221628317
51.5170622689849 -0.165327592446073
51.5170656432772 -0.165503098928562
51.5175104223332 -0.165276309616074
51.5176042003364 -0.165576056223984
51.5175805358522 -0.1657644161068
51.5177800721019 -0.165986116833424
51.5177658663012 -0.166147001918002
51.5177619259314 -0.166165223782396
51.5177238968816 -0.166251364836005
51.5176427667499 -0.166346485905492
51.5174528239048 -0.166491135048373
51.517581610012 -0.166712945822496
51.5177811439478 -0.167009400817273
51.5178694541832 -0.166413082867193
51.5178764169481 -0.166398423635298
51.5179301559597 -0.166322347066724
51.5179877787456 -0.166437209136115
51.5179883007555 -0.166453350419804
51.5178650880903 -0.167123087894373
51.5178801515148 -0.167137813519175
51.5180652600234 -0.166741299600809
51.5180659490649 -0.166739370490053
51.5181627253993 -0.166540942756507
51.5182278210012 -0.166443731526298
51.5183338716092 -0.16644755378213
51.5185340629788 -0.166717009017608
51.5185672984167 -0.166692262702895
51.5186015708382 -0.166049498126318
51.5187433359933 -0.165974399872135
51.519012206702 -0.166007808662228
51.5190259120211 -0.165987411378605
51.5190353027747 -0.165984300763773
51.5190951699831 -0.165949451739674
51.5191010290222 -0.165944700341625
51.5193694719069 -0.165956496805134
51.5193884758072 -0.165952999982233
51.519401853761 -0.165946163848415
51.5194115756883 -0.165791751776758
51.5193734256908 -0.165473476139917
51.5194016011817 -0.1653264038618
51.5194074323292 -0.165319870814806
51.5194760363265 -0.165412545601895
51.5195299973602 -0.165431174959825
51.5196745629432 -0.165506417726379
51.5197638420537 -0.165857700551239
51.5198193839509 -0.165896946034165
51.5198566065463 -0.165943226328737
51.5202609804042 -0.165633312967182
51.5202024106913 -0.165400470389044
51.5201959503147 -0.165378268139558
51.5201924741539 -0.165334197189475
51.5204631108736 -0.164762127913338
51.5205989766223 -0.164792676778019
51.5207626656421 -0.164820324651998
51.5208812013552 -0.164415518602487
51.5208710201412 -0.164339390115048
51.5139703468084 -0.156925198356953
51.5140551228392 -0.157251410918775
51.5140451743252 -0.15725906101347
51.5139525729935 -0.156926866376518
51.5139703468084 -0.156925198356953
51.5160342300684 -0.163957377930466
51.5164806870801 -0.164182564175797
51.5161501771198 -0.16414546647127
51.5159583386731 -0.164071183598559
51.5160342300684 -0.163957377930466
51.5156135131707 -0.16237360215255
51.5155201463134 -0.16269167475667
51.51548918516 -0.162781213922684
51.5153971316649 -0.162810110412834
51.5153565305873 -0.162479367373858
51.5153709426425 -0.162440998415307
51.5156055746222 -0.162360374571624
51.5156135131707 -0.16237360215255
51.5167342107316 -0.157343291203983
51.5164788448932 -0.157586040541987
51.5160526563885 -0.157238413526611
51.5164463978774 -0.156773916187606
51.5166871344524 -0.156904663011196
51.5167342107316 -0.157343291203983
9 4
51.5176794313588 -0.153463066023644
51.5177660217662 -0.153681200013624
51.5179885168561 -0.153686582284192
51.5181029445412 -0.15363429991755
51.5181078106773 -0.153549369814884
51.5181055560011 -0.153508936369978
51.5180515356735 -0.153235411333759
51.5179241319132 -0.153148701229611
51.5176794313588 -0.153463066023644
17 4
51.5158640336224 -0.152768097069317
51.5157680257379 -0.152819752576761
51.515689612316 -0.152835521166838
51.5158494967616 -0.153003859009143
51.5160251697066 -0.153112973692032
51.5160398375417 -0.15303394918511
51.5160989261839 -0.152978439648095
51.5161504198289 -0.152891626968082
51.5161689376216 -0.152811614570812
51.5161568962216 -0.15271489427799
51.5161339962161 -0.152687894422187
51.5160661655893 -0.152690638693446
51.516012660376 -0.152746754524979
51.5159886693795 -0.152701854782236
51.5159254733807 -0.1526792185189
51.5158904009204 -0.1527184269321
51.5158640336224 -0.152768097069317
5 4
51.5142154415043 -0.152726771859022
51.5146216370354 -0.152888586609227
51.5142369201526 -0.152480874487393
51.5142121848713 -0.152548539134897
51.5142154415043 -0.152726771859022
5 4
51.5172604664909 -0.153786375292474
51.5170695278569 -0.153803959459827
51.5171931240379 -0.153980071240573
51.5171949208767 -0.153979998592589
51.5172604664909 -0.153786375292474
5 4
51.5166495816203 -0.165324329167939
51.5166529633787 -0.165327877218007
51.5168678166579 -0.165172361325007
51.5169057512268 -0.165103218519044
51.5166495816203 -0.165324329167939
