256 8
51.5064476668035 -0.15050564850743
51.5067094947649 -0.150599481418838
51.5067456352511 -0.15001810149746
51.506875612556 -0.150056916070933
51.5069363702323 -0.150078811623012
51.5071793505457 -0.149804138171186
51.5072325099697 -0.149902856427759
51.5072663591976 -0.150031228455637
51.5073996800722 -0.150150938327928
51.5074436278843 -0.150167217961525
51.5076359693659 -0.15008469442294
51.5077388596415 -0.15041819537427
51.5078889784495 -0.150491483989331
51.5079955962129 -0.150445700423293
51.5080387108216 -0.150420548057552
51.5080398918735 -0.150421331930757
51.5081408705648 -0.150439817501927
51.5081413328814 -0.150440630482792
51.5081566734466 -0.150449989694308
51.5085312888244 -0.150290695990705
51.5085712301422 -0.15017834209289
51.5085914013454 -0.150157682879475
51.5085984273869 -0.150118664342682
51.508505726954 -0.149582045594891
51.5085434353888 -0.149521941698999
51.5087598355492 -0.149460063072978
51.5087638014525 -0.149443624551858
51.5089632548224 -0.149361757784113
51.5091369243573 -0.149731133689986
51.509156883452 -0.149993386612097
51.509262653492 -0.150184557119654
51.5093701444723 -0.150063049030394
51.5094351922588 -0.149918070237284
51.5094721930256 -0.149830190603845
51.5094965294866 -0.149720248434859
51.5095117882632 -0.149490786336809
51.5095582509727 -0.149455634608605
51.5097328470918 -0.149199991147617
51.509735407299 -0.149077385189953
51.5096934149966 -0.148945772437364
51.5097973052172 -0.148727212256209
51.5097957583949 -0.14852100519601
51.5097992227305 -0.148512666241416
51.5098119418497 -0.148469851032219
51.5098150624733 -0.148411265551301
51.5098393498288 -0.148338157688809
51.5098458829242 -0.148296424937681
51.5099457907215 -0.148218587339861
51.5099854885892 -0.148108020249122
51.5099767828917 -0.147955214965145
51.5099056731597 -0.147761690362485
51.5099806216258 -0.147754254373975
51.5101468509605 -0.147612295522628
51.5102505479367 -0.14717677224124
51.5104700433636 -0.147419054345959
51.5105571718042 -0.147437145390296
51.5106254408271 -0.147393858052058
51.510693336874 -0.147116388841766
51.5105799240653 -0.146891309113156
51.5106160077884 -0.146768290916006
51.5106350877784 -0.146763952023341
51.5106964836034 -0.146575861633881
51.5107159415799 -0.146475974895013
51.5108120960842 -0.14646221015528
51.5108402753623 -0.146299825355427
51.510739962348 -0.14614717152356
51.5107229947841 -0.146006462779686
51.5107578228843 -0.145951935660308
51.5107903949482 -0.145925304307494
51.510829291325 -0.14589497032626
51.5108223102732 -0.145862815425196
51.5108811204148 -0.145687541951224
51.5108870684648 -0.145682785208022
51.5108977148131 -0.145645399316038
51.5109483556849 -0.14560733998936
51.5109504246999 -0.145584679788811
51.5109997725864 -0.145516016733674
51.5109991605166 -0.145477305561868
51.5110476909419 -0.145419488340835
51.5110467521298 -0.14536011531946
51.5110477122226 -0.145358293994721
51.5110920570085 -0.145291616068778
51.5110921979777 -0.14526641999222
51.5111283759264 -0.145189260754845
51.5111261210001 -0.145126257589439
51.5111566600943 -0.145062041236734
51.5111596768481 -0.145053838766988
51.5112352176867 -0.145032709389517
51.5112495577639 -0.144910571166056
51.5112758829372 -0.144869814959569
51.5113012689818 -0.144769685373672
51.5113104944887 -0.144767528249066
51.5113671253168 -0.144710331365615
51.5113991410352 -0.144614447419994
51.5114000928909 -0.144566641811923
51.5115681698099 -0.144433741093953
51.5115654153306 -0.14441305887402
51.5114981159619 -0.144278908756979
51.5114202202918 -0.144230742408657
51.5112779890131 -0.144252800873305
51.51126811311 -0.144208168312389
51.5112573682996 -0.1441256665885
51.5112143798444 -0.144016670763983
51.511132756486 -0.143892016110449
51.5110200497134 -0.143768744131241
51.5110141797374 -0.143676182557341
51.5108903282021 -0.143632618674553
51.5107986075661 -0.143608423887901
51.5106925901184 -0.143544292253547
51.5107313775024 -0.143348085916439
51.510825453212 -0.143350677668701
51.5109752958294 -0.143099574585499
51.5107982684637 -0.142967988831702
51.510773192889 -0.14296271093442
51.5107563062979 -0.143014728514911
51.5107513922458 -0.143056397053953
51.5106211426206 -0.143278779483787
51.5106144918903 -0.143579905145584
51.510444328939 -0.14368318575577
51.5104292205289 -0.143682849299106
51.5104900983736 -0.1432408563962
51.5104468912506 -0.14306699595934
51.5104364696379 -0.143067419705721
51.5104007755557 -0.143084198900814
51.5103242694834 -0.143299879399743
51.5103373781934 -0.143401056791748
51.5104192729179 -0.14369050169966
51.5104024552229 -0.143712810638927
51.5103719566879 -0.143785223801246
51.5103193897513 -0.143871960496017
51.5103129591008 -0.143880301641412
51.5102655950313 -0.143960648010731
51.5102576283774 -0.143979864200775
51.5102031343243 -0.144081174817014
51.5101720111082 -0.144165257158008
51.5098432314594 -0.144073224672784
51.5097182776171 -0.144153158334231
51.5097392623782 -0.14386583321722
51.5098962233095 -0.143774735834914
51.5098969905402 -0.143772090626438
51.5098871827375 -0.143567050686736
51.5097234166746 -0.143574658064388
51.5097046334151 -0.143563658505452
51.5096514635214 -0.143731571839939
51.5095310399338 -0.143819401618064
51.5094994420305 -0.144157535674543
51.509428688216 -0.144163024753364
51.5093240774874 -0.143988930022863
51.5092903544963 -0.143920079188515
51.5095054608059 -0.143435826359854
51.5094873669369 -0.143405906779812
51.5094280105787 -0.143336315928524
51.5093812474589 -0.143301264591351
51.5092733730714 -0.143403793492576
51.5091187011006 -0.143236251359292
51.5090624540649 -0.143340364367049
51.5089964216873 -0.143360158378785
51.5089458442868 -0.143356748863592
51.5089253235869 -0.143366613143607
51.5089127078005 -0.143359046454751
51.5088735052652 -0.143307529053695
51.5087805244591 -0.143249167982494
51.508701061318 -0.143249665691102
51.5086477276262 -0.143174365821154
51.5085440965884 -0.143306424778493
51.5084197328916 -0.143247557703324
51.508511332577 -0.142900694031956
51.5084132122134 -0.14284705820471
51.5084072912646 -0.142836486756694
51.5083506062012 -0.142776651296845
51.5083044917305 -0.142680385127434
51.5082580399497 -0.142630946007172
51.5081664555364 -0.142604016206867
51.5080535744621 -0.142469831359238
51.5080326085793 -0.1424572580027
51.5080175041106 -0.142434465857251
51.5079246212758 -0.142365291529357
51.5079166188855 -0.142353854398124
51.5078320853415 -0.142255587803783
51.5076753958309 -0.142306991354164
51.5076121613174 -0.142026668579196
51.5076605206688 -0.141861689203686
51.5074806481876 -0.141675460383006
51.5074257025436 -0.14151551628612
51.5074727215799 -0.141379463150644
51.5074689373533 -0.141316527418152
51.5071555981282 -0.141104129275317
51.5070736751912 -0.14103451283595
51.5069519348875 -0.141044814171228
51.5069365618587 -0.141572369533567
51.5069144567175 -0.141919129485647
51.5066004620591 -0.141949011532814
51.5064574823186 -0.141969203873336
51.5057792801481 -0.142752414497529
51.5056668736167 -0.142812824894419
51.5053536819318 -0.142848013441277
51.5050632269579 -0.143007618179054
51.50488455517 -0.143078799609688
51.5043500979697 -0.143254497155347
51.5042299974376 -0.143385430564501
51.5034348904266 -0.143780688042169
51.5031876591508 -0.143848352985019
51.5029377304548 -0.144325040503894
51.5020908304776 -0.145680487017811
51.5019266759518 -0.14588530614298
51.501804279575 -0.146019051002998
51.5018726178182 -0.146844777651414
51.5018735539565 -0.146852817967714
51.5040213652784 -0.149023437435205
51.5042242711018 -0.14861353759635
51.5042897051541 -0.148663991247249
51.504236755042 -0.148880460589714
51.504320983761 -0.149330049737659
51.5044813366196 -0.148781445255807
51.5044438737969 -0.148657742960796
51.5044527301872 -0.148632197342528
51.504715698748 -0.148513425989401
51.5047115597955 -0.148661269303755
51.5045766797574 -0.148892822564897
51.5047342565894 -0.149085436597961
51.5047812750146 -0.149153864511047
51.5047553182965 -0.149406071824687
51.5050036777137 -0.14959774336884
51.5050272581079 -0.149810283528257
51.5053754465556 -0.150033082201585
51.5054441101483 -0.149843773304891
51.5058417842632 -0.14984120969515
51.5058507743758 -0.149869716062792
51.5058036808064 -0.1501156563781
51.505717335874 -0.150489241259309
51.5059690663878 -0.150678172290611
51.5054713109894 -0.151728624941802
51.5055080140785 -0.152334960387527
51.5055211436559 -0.153551139925364
51.5062710746166 -0.151227915010594
51.5062909578122 -0.151160457917384
51.5065566260425 -0.151247010211321
51.5064995707244 -0.1509467095349
51.5063472978736 -0.150890736188535
51.5064097726204 -0.150588211416803
51.5064476668035 -0.15050564850743
51.5089334575149 -0.14373283237185
51.5089287998366 -0.143807757445577
51.5089086675235 -0.143893292003062
51.5088044813769 -0.143990321783989
51.5087358394935 -0.143884988396954
51.5087261702708 -0.143825022686037
51.5087272201822 -0.143823197772181
51.5087873957572 -0.14376847292468
51.5089175729027 -0.143711853325687
51.5089334575149 -0.14373283237185
51.506065854749 -0.150847121058093
51.5061431807252 -0.150910642725526
51.5061438245941 -0.150911567135866
51.5055449494914 -0.152237113166018
51.506065854749 -0.150847121058093
23 4
51.5049203550529 -0.155419891824172
51.5042630187674 -0.151971047308726
51.5043692984675 -0.151612828076896
51.5045606201305 -0.151072006882175
51.5046104056472 -0.150968175469001
51.5048412551754 -0.150511288492928
51.5044586241903 -0.14982606837633
51.5044611769188 -0.149799827863491
51.5043399209291 -0.149544556763201
51.5041766104398 -0.149524084967837
51.5039982210313 -0.149470959061963
51.5039876043905 -0.14931658772241
51.5039827994245 -0.149296942148405
51.5037403437074 -0.149274331752021
51.5020760467099 -0.148261162033729
51.5021358782031 -0.148719795921789
51.5021662531898 -0.148867182701108
51.5022373057756 -0.149245174140767
51.5023938918174 -0.149927749843069
51.5025406550849 -0.150261336791264
51.5025703032391 -0.151275045969333
51.5033735054747 -0.153714576857454
51.5049203550529 -0.155419891824172
223 8
51.5098086315012 -0.13327099763579
51.5097145759066 -0.133699025909348
51.5097542569071 -0.133882049245767
51.5097478450299 -0.133885875811652
51.5096904878393 -0.133716288452203
51.5094862568258 -0.13358763651139
51.5094862412994 -0.133671404123349
51.5094905860632 -0.13387666361788
51.5096265229017 -0.133984581090578
51.5097073041076 -0.134309933793903
51.5097887899479 -0.134594860330121
51.5095570434265 -0.134607058796036
51.5094428081211 -0.134942277107162
51.5094167131477 -0.134957719748353
51.5093622985379 -0.135103117617655
51.5093260610666 -0.135147847052069
51.509287522423 -0.135104388698699
51.5092206989219 -0.135063035943815
51.509219322985 -0.135061309863417
51.5091102580523 -0.135122439310728
51.5091468745839 -0.135276832724899
51.5092320539163 -0.135319218554338
51.5092492158833 -0.135335627616917
51.5092464896394 -0.13548081540491
51.5092104747779 -0.13556783442084
51.5092796864623 -0.135680262298451
51.5093839571224 -0.135866114876091
51.5093051271403 -0.136042212487467
51.5092520703443 -0.136131708926141
51.5092071772242 -0.136157898655694
51.5091623392785 -0.136249792172334
51.5091077579326 -0.136215067311685
51.5089642741747 -0.135988516578688
51.508923080552 -0.135749712403797
51.5088342405115 -0.135737179642285
51.5088206435296 -0.13575840874812
51.5087499818577 -0.136007243086385
51.5087191526286 -0.136047235444001
51.50864755245 -0.136265333673632
51.5087668634898 -0.136379400267774
51.5088419654741 -0.136483508417919
51.5087585810401 -0.136921897770366
51.5086558440058 -0.136911711904594
51.5085273535777 -0.137238469062757
51.5083572437571 -0.137299468018633
51.5083992697536 -0.137641843786686
51.5083110339159 -0.137837209576153
51.5081456774832 -0.138027758007572
51.508128593364 -0.13832204586494
51.5080361974998 -0.138396981920378
51.5080061929003 -0.138471988675348
51.5081120071094 -0.138942340880861
51.5081082355557 -0.138959603884142
51.5080521257259 -0.139123121586772
51.5080413282675 -0.139145185761005
51.5079487018597 -0.139148959608709
51.5077873247399 -0.139086147177336
51.507758782358 -0.139151350751928
51.5077971903388 -0.139379334427141
51.5077389754671 -0.139631214857171
51.5076873634948 -0.139709951890516
51.5077875847188 -0.139912962493318
51.5077710620747 -0.139999181357226
51.5077364581057 -0.140039323841038
51.5077970044171 -0.140467321020802
51.507739525494 -0.140561623029894
51.5077242007774 -0.140570326251484
51.5076158205007 -0.14095838708441
51.5078084637065 -0.141110825983495
51.5077257983542 -0.141584336246128
51.5077693808182 -0.141628543870028
51.5077868947213 -0.141633177888384
51.5078468919597 -0.141425426095418
51.5078146312617 -0.141114258200074
51.5078448179819 -0.141113029620519
51.5080240653451 -0.140896739639664
51.5080116359985 -0.14086124478713
51.507983467828 -0.140808330829503
51.5080477410595 -0.140586858089974
51.5080781026583 -0.140573978197309
51.5081755060833 -0.140491594915717
51.5081753201526 -0.140423165107975
51.5081659489716 -0.140285721407386
51.508037922184 -0.140160357202676
51.5080651628337 -0.139922331613153
51.5080953113999 -0.139816665673346
51.5082824708637 -0.139957680762826
51.5083120934884 -0.139949226639954
51.5083636626087 -0.139890451514339
51.5083719330327 -0.139845083644004
51.5084366986834 -0.139836148642261
51.5084859947598 -0.139866458770863
51.5084997305994 -0.13989928656676
51.5085473896495 -0.13995675349139
51.5085676456282 -0.139941551824757
51.5086553290023 -0.140017231184534
51.508673581351 -0.140170473652775
51.5087037564756 -0.140185522712341
51.5087469082093 -0.140281907862653
51.5087507662699 -0.140287097504275
51.5088111861485 -0.140321589221877
51.5088217325332 -0.140334704882368
51.5088799382172 -0.140308927972052
51.5089354932482 -0.140320092156935
51.508985339989 -0.140396481698336
51.5090076137486 -0.140463181689162
51.5090123753417 -0.140462987819366
51.5090700781808 -0.140484877138447
51.5090945018578 -0.140483051008387
51.5091663493726 -0.140569238833022
51.5091762564131 -0.140632759297734
51.5091783424329 -0.140684954071881
51.5092322053039 -0.140736823298748
51.5092592454676 -0.140775288799374
51.5092649205332 -0.140776008315756
51.5092951421331 -0.14078832325789
51.5093156956128 -0.140791882814405
51.5093502494299 -0.140816616124628
51.5093750887057 -0.140858022994143
51.509425118565 -0.140849570236103
51.5094909339124 -0.140878496725939
51.509511718512 -0.140913652612637
51.509522519026 -0.140965493057046
51.5095907302336 -0.140952735750343
51.5096968679652 -0.141115118191902
51.5097932943419 -0.140942707954105
51.5097931198061 -0.140937368199432
51.5097799920486 -0.140835124089607
51.5097947616854 -0.140502185807906
51.5097595056977 -0.140495541582611
51.5096189159929 -0.140428311117862
51.5095684021193 -0.140383553390551
51.5095256428269 -0.140340262279497
51.5094779673002 -0.140264734043686
51.5094690897046 -0.140243470618613
51.5095288947285 -0.140029419699159
51.5096005898729 -0.139811200544804
51.5097411681874 -0.139815336675433
51.5097609650728 -0.139833541380841
51.509999325037 -0.140232691264228
51.5100678293571 -0.140113695851542
51.5099888322985 -0.139554064412114
51.5099897621643 -0.139550343123977
51.5099906406076 -0.139537712458131
51.5101837095456 -0.139473170153441
51.510185347395 -0.139270396269422
51.5101182544933 -0.139308300552685
51.5100154778907 -0.139386274923481
51.5100006887449 -0.139304060135535
51.5099727793905 -0.13924483687125
51.5099124204716 -0.139168875270773
51.5099063696639 -0.13917280521287
51.5098123678717 -0.13901622941238
51.5097577558778 -0.13898518542031
51.5097346019115 -0.138993376873501
51.5096566235856 -0.138855160035798
51.5096178568519 -0.138836897118732
51.5095461753283 -0.13886322550886
51.5094964366225 -0.138703065360166
51.5093519964585 -0.138676514628491
51.5093509183631 -0.138676558566241
51.5093166291433 -0.138679857107316
51.5092835894334 -0.138710908085313
51.5091942670235 -0.138526341298216
51.5091370991556 -0.138487204063073
51.5090907293133 -0.138210823908148
51.5090600763347 -0.138075077203477
51.5089910712894 -0.138049136650342
51.5088560965461 -0.137860017548217
51.5088707994415 -0.137783850631487
51.5091517870239 -0.137639912112679
51.5091619642523 -0.137646744979316
51.5092139652644 -0.1376265642361
51.5092713021634 -0.137619711084665
51.5093403549286 -0.137427855855637
51.5094634778261 -0.137368772277415
51.5094763897739 -0.137360997761093
51.5095094340239 -0.137483102412157
51.5095894288168 -0.137629313928156
51.5097167811524 -0.137661073393242
51.5096951631948 -0.137437624856209
51.5094850104878 -0.137326426489631
51.5094988096315 -0.137255642029174
51.5095434846428 -0.137062878562377
51.5095363084857 -0.13704689314961
51.509579531236 -0.136615600803537
51.5095795371187 -0.136587678191221
51.5094773356074 -0.13663949426561
51.5094611641957 -0.136640154055676
51.5094969722152 -0.136449534216256
51.5095204598439 -0.13641708893619
51.5095405510234 -0.136419833675601
51.5095577147274 -0.13643636200528
51.5095836283339 -0.136420808744595
51.50969825556 -0.136087359442506
51.5097128864574 -0.13608593059005
51.5098808291842 -0.1360187161772
51.5098855885472 -0.136001411933326
51.5097584432796 -0.135852611740356
51.509735619148 -0.135819323484013
51.509803523894 -0.135227446113742
51.5098862298779 -0.135153846838644
51.5098937827075 -0.13510304016966
51.5099587675063 -0.134734778604345
51.5099529513507 -0.134702578396692
51.5101907764808 -0.134382981695795
51.5102669648613 -0.134233126139702
51.5104664512176 -0.134108769447124
51.510622367842 -0.133856438961714
51.5104802882533 -0.133712767851863
51.510151906871 -0.133431632034793
51.5100569884381 -0.133500387107449
51.5100435406316 -0.133502719009554
51.5098086315012 -0.13327099763579
51.5088931498993 -0.13625352930816
51.5089138943525 -0.136286070323047
51.5087798984533 -0.136368056078959
51.5088931498993 -0.13625352930816
51.5086179972153 -0.137500444905848
51.5086202623155 -0.137535522099748
51.5085392597592 -0.137591935987414
51.5085728445081 -0.13737444023
51.5086179972153 -0.137500444905848
7 4
51.5074054419474 -0.140776017649759
51.5072933893221 -0.140614835295816
51.507145130157 -0.140914455783727
51.5073143500025 -0.140904954166894
51.5074887781097 -0.141258095661044
51.5075901955848 -0.140986519526198
51.5074054419474 -0.140776017649759
