354 8
51.5113991410352 -0.144614447419994
51.5113671253168 -0.144710331365615
51.5113104944887 -0.144767528249066
51.5113012689818 -0.144769685373672
51.5112758829372 -0.144869814959569
51.5112495577639 -0.144910571166056
51.5112352176867 -0.145032709389517
51.5111596768481 -0.145053838766988
51.5111566600943 -0.145062041236734
51.5111261210001 -0.145126257589439
51.5111283759264 -0.145189260754845
51.5110921979777 -0.14526641999222
51.5110920570085 -0.145291616068778
51.5110477122226 -0.145358293994721
51.5110467521298 -0.14536011531946
51.5110476909419 -0.145419488340835
51.5109991605166 -0.145477305561868
51.5109997725864 -0.145516016733674
51.5109504246999 -0.145584679788811
51.5109483556849 -0.14560733998936
51.5108977148131 -0.145645399316038
51.5108870684648 -0.145682785208022
51.5108811204148 -0.145687541951224
51.5108223102732 -0.145862815425196
51.510829291325 -0.14589497032626
51.5107903949482 -0.145925304307494
51.5107578228843 -0.145951935660308
51.5107229947841 -0.146006462779686
51.510739962348 -0.14614717152356
51.5108402753623 -0.146299825355427
51.5108120960842 -0.14646221015528
51.5107159415799 -0.146475974895013
51.5106964836034 -0.146575861633881
51.5106350877784 -0.146763952023341
51.5106160077884 -0.146768290916006
51.5105799240653 -0.146891309113156
51.510693336874 -0.147116388841766
51.5106254408271 -0.147393858052058
51.5105571718042 -0.147437145390296
51.5104700433636 -0.147419054345959
51.5102505479367 -0.14717677224124
51.5101468509605 -0.147612295522628
51.5099806216258 -0.147754254373975
51.5099056731597 -0.147761690362485
51.5099767828917 -0.147955214965145
51.5099854885892 -0.148108020249122
51.5099457907215 -0.148218587339861
51.5098458829242 -0.148296424937681
51.5098393498288 -0.148338157688809
51.5098150624733 -0.148411265551301
51.5098119418497 -0.148469851032219
51.5097992227305 -0.148512666241416
51.5097957583949 -0.14852100519601
51.5097973052172 -0.148727212256209
51.5096934149966 -0.148945772437364
51.509735407299 -0.149077385189953
51.5097328470918 -0.149199991147617
51.5095582509727 -0.149455634608605
51.5095117882632 -0.149490786336809
51.5094965294866 -0.149720248434859
51.5094721930256 -0.149830190603845
51.5094351922588 -0.149918070237284
51.5093701444723 -0.150063049030394
51.509262653492 -0.150184557119654
51.509156883452 -0.149993386612097
51.5091369243573 -0.149731133689986
51.5089632548224 -0.149361757784113
51.5087638014525 -0.149443624551858
51.5087598355492 -0.149460063072978
51.5085434353888 -0.149521941698999
51.508505726954 -0.149582045594891
51.5085984273869 -0.150118664342682
51.5085914013454 -0.150157682879475
51.5085712301422 -0.15017834209289
51.5085312888244 -0.150290695990705
51.5081566734466 -0.150449989694308
51.5081413328814 -0.150440630482792
51.5081408705648 -0.150439817501927
51.5080398918735 -0.150421331930757
51.5080387108216 -0.150420548057552
51.5079955962129 -0.150445700423293
51.5078889784495 -0.150491483989331
51.5077388596415 -0.15041819537427
51.5076359693659 -0.15008469442294
51.5074436278843 -0.150167217961525
51.5073996800722 -0.150150938327928
51.5072663591976 -0.150031228455637
51.5072325099697 -0.149902856427759
51.5071793505457 -0.149804138171186
51.5069363702323 -0.150078811623012
51.506875612556 -0.150056916070933
51.5067456352511 -0.15001810149746
51.5067094947649 -0.150599481418838
51.5064476668035 -0.15050564850743
51.5064097726204 -0.150588211416803
51.5063472978736 -0.150890736188535
51.5064995707244 -0.1509467095349
51.5065566260425 -0.151247010211321
51.5062909578122 -0.151160457917384
51.5062710746166 -0.151227915010594
51.5055211436559 -0.153551139925364
51.5055080140785 -0.152334960387527
51.5054713109894 -0.151728624941802
51.5059690663878 -0.150678172290611
51.505717335874 -0.150489241259309
51.5058036808064 -0.1501156563781
51.5058507743758 -0.149869716062792
51.5058417842632 -0.14984120969515
51.5054441101483 -0.149843773304891
51.5053754465556 -0.150033082201585
51.5050272581079 -0.149810283528257
51.5050036777137 -0.14959774336884
51.5047553182965 -0.149406071824687
51.5047812750146 -0.149153864511047
51.5047342565894 -0.149085436597961
51.5045766797574 -0.148892822564897
51.5047115597955 -0.148661269303755
51.504715698748 -0.148513425989401
51.5044527301872 -0.148632197342528
51.5044438737969 -0.148657742960796
51.5044813366196 -0.148781445255807
51.504320983761 -0.149330049737659
51.504236755042 -0.148880460589714
51.5042897051541 -0.148663991247249
51.5042242711018 -0.14861353759635
51.5040213652784 -0.149023437435205
51.5018735539565 -0.146852817967714
51.5018864881136 -0.147034173685849
51.5020318604273 -0.147996368614786
51.5020760467099 -0.148261162033729
51.5037403437074 -0.149274331752021
51.5039827994245 -0.149296942148405
51.5039876043905 -0.14931658772241
51.5039982210313 -0.149470959061963
51.5041766104398 -0.149524084967837
51.5043399209291 -0.149544556763201
51.5044611769188 -0.149799827863491
51.5044586241903 -0.14982606837633
51.5048412551754 -0.150511288492928
51.5046104056472 -0.150968175469001
51.5045606201305 -0.151072006882175
51.5043692984675 -0.151612828076896
51.5042630187674 -0.151971047308726
51.5049203550529 -0.155419891824172
51.5049974280457 -0.155576098859495
51.5052546140235 -0.155815208875343
51.5053061701746 -0.155909480005822
51.5056828050013 -0.157050634397726
51.5059568991346 -0.157959987683273
51.5060900136454 -0.158359046001118
51.506162165879 -0.159112596197608
51.5062775356803 -0.159905040536301
51.5097604636427 -0.161811961997104
51.5098850802262 -0.161956420668878
51.5101300223236 -0.161805167370293
51.510981507624 -0.160971104795177
51.511210643039 -0.160780792266639
51.5115598974711 -0.160224535329785
51.5119813296325 -0.159799513972171
51.512252227372 -0.159463492030073
51.5125829154622 -0.159105093024165
51.5129430748832 -0.1588545836641
51.5129763003215 -0.15774720122628
51.5128146478045 -0.15762039906115
51.5128335328145 -0.157454824429087
51.5129927175097 -0.157739290461233
51.5131767494207 -0.157774168758807
51.5132919924952 -0.158134321411916
51.5136993894019 -0.157754866532416
51.513691204452 -0.157685919436681
51.5132729802161 -0.15748474314984
51.5131360033654 -0.157618247206797
51.5130927956803 -0.157500212378048
51.5129504079188 -0.157346491474089
51.5129759530543 -0.157198590359346
51.513067368886 -0.156820238600208
51.5131140793464 -0.156777833056313
51.5131174165687 -0.156778530146088
51.5131994387297 -0.157381478452732
51.5132992148791 -0.157289163222212
51.5135622270033 -0.156955217064252
51.5133820051319 -0.156813836795012
51.5133641960476 -0.156395686373134
51.5133650846836 -0.156274921082038
51.5134032392086 -0.156191507911736
51.5137224031967 -0.156570400425033
51.5137683306432 -0.156369507439239
51.51383246023 -0.156074122690109
51.5136502940788 -0.155700513063346
51.5136430735289 -0.155687258193538
51.5136587938751 -0.155589302372073
51.513730928364 -0.155134243967119
51.5137259732209 -0.155099270738059
51.5134603188575 -0.15483622276238
51.5134265863425 -0.154600642057489
51.5134929316557 -0.154217828456667
51.5137040088115 -0.15401750644507
51.5138817680751 -0.154036462971021
51.5137069920414 -0.153493111889222
51.5135976574455 -0.153326419503398
51.5135593181446 -0.153283765664656
51.5135654010417 -0.153179069210695
51.5135636793589 -0.153161076874437
51.513726692372 -0.153128460413931
51.5138111931619 -0.152951195427111
51.5137806514298 -0.152895630393175
51.5141383535839 -0.152547010648821
51.5138693488366 -0.152493963659756
51.5137652511339 -0.152888172942343
51.5135831267973 -0.152877477848058
51.5136873988381 -0.152454387609149
51.5135780165326 -0.152221987375662
51.5136877713474 -0.151964440297669
51.513703984329 -0.151915064220575
51.513745813426 -0.151871068142293
51.5138664483075 -0.15192750180553
51.5139164133084 -0.151960534412928
51.5138426480075 -0.152174323207679
51.5142484209381 -0.152138058429119
51.5143397336474 -0.152182133227096
51.5143902009874 -0.152104395718809
51.514272760957 -0.151702985299374
51.514205169986 -0.151686708283509
51.5138376985906 -0.151449426108593
51.513864400423 -0.151324049477935
51.5138863629938 -0.151240217277553
51.5139417860526 -0.1512316754262
51.5139651316563 -0.151093006500476
51.5139801421895 -0.150893239908368
51.5139792025844 -0.150890663700135
51.5139987014875 -0.150764627399279
51.514002066008 -0.150613101844716
51.514156017601 -0.150633009421408
51.5140959736797 -0.150411208691101
51.5140305473151 -0.150298474845515
51.514043380811 -0.150211565571995
51.5140003309463 -0.150143912809739
51.5140093707909 -0.150095776967681
51.5140346298168 -0.14995881216319
51.5139754809473 -0.149719746291335
51.5139753911055 -0.149719749931696
51.513932329256 -0.149753935301756
51.5138142227377 -0.149612798285728
51.5137417714005 -0.14978423400755
51.5136087150061 -0.149476154522554
51.5136565311899 -0.149344455495287
51.5137651754507 -0.149415746676244
51.5138231242034 -0.149464732564811
51.5140020193756 -0.149555636306775
51.5141563823088 -0.149305303483747
51.5141034016736 -0.149189452353378
51.5141329327622 -0.14886753250527
51.5141671770947 -0.148849983356711
51.5141945919401 -0.148849703797317
51.5143493866721 -0.148900229673133
51.514298496854 -0.148808654054923
51.5142810448269 -0.148711088603892
51.5142956593676 -0.148640267152187
51.5142732135429 -0.148625016223548
51.5142555052223 -0.148619436169862
51.5142222293891 -0.148590127039258
51.5142161233689 -0.148567796812328
51.5141855125971 -0.148451039329051
51.5141918756809 -0.148347280009928
51.5141904082183 -0.148345438228744
51.5141751737731 -0.148320032131049
51.5141606783842 -0.148284495500169
51.5141421288595 -0.148248410313773
51.5141155801692 -0.148161196051843
51.5141098293757 -0.148127206164644
51.5141044065174 -0.148039967050627
51.5141085001266 -0.147980385914826
51.5140741791341 -0.147930443285894
51.5140218978175 -0.147836192632708
51.5140180963388 -0.147834564374781
51.5140066187683 -0.147825048200452
51.5139835098538 -0.147796278051183
51.5139573607999 -0.147751470388605
51.5139213236945 -0.147712411211535
51.5138974182429 -0.147650282342228
51.5138671531167 -0.14760100746333
51.5138188226585 -0.147563397817119
51.5137970271795 -0.147521028078732
51.5137868589574 -0.147486267078352
51.5137878095181 -0.14747814811659
51.5137754516854 -0.1473958253875
51.5137366749159 -0.147319921890786
51.5136746021535 -0.147277404068208
51.513640533592 -0.147175167419622
51.5136397585823 -0.147171633995119
51.5136400796247 -0.147146429216975
51.5135954917461 -0.147089655746157
51.5135588949534 -0.147003801550885
51.5135491284643 -0.146954646258526
51.5136463952079 -0.146755225424417
51.5137046779791 -0.14665458831829
51.5137051696654 -0.146640190029846
51.5137026013329 -0.1466312632519
51.5134331030934 -0.146467523412657
51.51345513492 -0.146422424916464
51.5134885363553 -0.146266235398048
51.5134639797466 -0.146140204519577
51.513439956239 -0.146093410748996
51.5133422740307 -0.146181150401092
51.5133343911225 -0.146154496408395
51.5133268977173 -0.146089920410269
51.5134936899314 -0.145864266513179
51.5133795919093 -0.145886010560797
51.5133790528598 -0.145886032447747
51.513318558299 -0.145943387323668
51.5132633106449 -0.145849260904917
51.5131415165851 -0.145799307736015
51.5131368378521 -0.145770622575187
51.5129460421568 -0.14565502713045
51.5128697109067 -0.145705776369469
51.5128370654358 -0.145801688223171
51.5128210752266 -0.145836559636797
51.5126931392054 -0.145807532167197
51.5126159228333 -0.145626011237326
51.5123755424763 -0.145757449966322
51.5123723355327 -0.145742251661474
51.5123904346454 -0.145619007369066
51.5125536067884 -0.145369144102548
51.5125333326357 -0.145297958840577
51.5124464205191 -0.145196921898736
51.5124035846745 -0.14516004334871
51.5124099131098 -0.145128178629563
51.5124083055629 -0.14502652900411
51.5123642651843 -0.14490212500988
51.5122666018017 -0.1448034271607
51.5122517075151 -0.144816627736725
51.5121244298837 -0.144550758253454
51.512057236164 -0.144690374673585
51.5120734158259 -0.144735702605597
51.5120673949107 -0.144809737511846
51.5120501835053 -0.144892425906828
51.5118894694274 -0.144956584394682
51.5118657629614 -0.145071975302196
51.5116615179063 -0.145123523277515
51.5115865051949 -0.144973406313844
51.5115868257761 -0.144948202666287
51.5116083177053 -0.14479511640691
51.5116409745693 -0.144682927095803
51.511656200575 -0.144611133002987
51.5115681698099 -0.144433741093953
51.5114000928909 -0.144566641811923
51.5113991410352 -0.144614447419994
51.5129787362809 -0.15020787401118
51.5129759868067 -0.15044397628658
51.5129616965004 -0.150467013418785
51.5127850198122 -0.150357124772375
51.5127656882803 -0.150288512987125
51.5128649839196 -0.150069176517636
51.5129787362809 -0.15020787401118
5 4
51.5055449494914 -0.152237113166018
51.5061438245941 -0.150911567135866
51.5061431807252 -0.150910642725526
51.506065854749 -0.150847121058093
51.5055449494914 -0.152237113166018
6 4
51.5138226584113 -0.153359623649826
51.5137261487431 -0.153402264763026
51.5137586894046 -0.153447767579944
51.5142879594743 -0.153632654740602
51.5142801868897 -0.153601478914504
51.5138226584113 -0.153359623649826
