465 8
51.5091517870239 -0.137639912112679
51.5088707994415 -0.137783850631487
51.5088560965461 -0.137860017548217
51.5089910712894 -0.138049136650342
51.5090600763347 -0.138075077203477
51.5090907293133 -0.138210823908148
51.5091370991556 -0.138487204063073
51.5091942670235 -0.138526341298216
51.5092835894334 -0.138710908085313
51.5093166291433 -0.138679857107316
51.5093509183631 -0.138676558566241
51.5093519964585 -0.138676514628491
51.5094964366225 -0.138703065360166
51.5095461753283 -0.13886322550886
51.5096178568519 -0.138836897118732
51.5096566235856 -0.138855160035798
51.5097346019115 -0.138993376873501
51.5097577558778 -0.13898518542031
51.5098123678717 -0.13901622941238
51.5099063696639 -0.13917280521287
51.5099124204716 -0.139168875270773
51.5099727793905 -0.13924483687125
51.5100006887449 -0.139304060135535
51.5100154778907 -0.139386274923481
51.5101182544933 -0.139308300552685
51.510185347395 -0.139270396269422
51.5101837095456 -0.139473170153441
51.5099906406076 -0.139537712458131
51.5099897621643 -0.139550343123977
51.5099888322985 -0.139554064412114
51.5100678293571 -0.140113695851542
51.509999325037 -0.140232691264228
51.5097609650728 -0.139833541380841
51.5097411681874 -0.139815336675433
51.5096005898729 -0.139811200544804
51.5095288947285 -0.140029419699159
51.5094690897046 -0.140243470618613
51.5094779673002 -0.140264734043686
51.5095256428269 -0.140340262279497
51.5095684021193 -0.140383553390551
51.5096189159929 -0.140428311117862
51.5097595056977 -0.140495541582611
51.5097947616854 -0.140502185807906
51.5097799920486 -0.140835124089607
51.5097931198061 -0.140937368199432
51.5097932943419 -0.140942707954105
51.5096968679652 -0.141115118191902
51.5095907302336 -0.140952735750343
51.509522519026 -0.140965493057046
51.509511718512 -0.140913652612637
51.5094909339124 -0.140878496725939
51.509425118565 -0.140849570236103
51.5093750887057 -0.140858022994143
51.5093502494299 -0.140816616124628
51.5093156956128 -0.140791882814405
51.5092951421331 -0.14078832325789
51.5092649205332 -0.140776008315756
51.5092592454676 -0.140775288799374
51.5092322053039 -0.140736823298748
51.5091783424329 -0.140684954071881
51.5091762564131 -0.140632759297734
51.5091663493726 -0.140569238833022
51.5090945018578 -0.140483051008387
51.5090700781808 -0.140484877138447
51.5090123753417 -0.140462987819366
51.5090076137486 -0.140463181689162
51.508985339989 -0.140396481698336
51.5089354932482 -0.140320092156935
51.5088799382172 -0.140308927972052
51.5088217325332 -0.140334704882368
51.5088111861485 -0.140321589221877
51.5087507662699 -0.140287097504275
51.5087469082093 -0.140281907862653
51.5087037564756 -0.140185522712341
51.508673581351 -0.140170473652775
51.5086553290023 -0.140017231184534
51.5085676456282 -0.139941551824757
51.5085473896495 -0.13995675349139
51.5084997305994 -0.13989928656676
51.5084859947598 -0.139866458770863
51.5084366986834 -0.139836148642261
51.5083719330327 -0.139845083644004
51.5083636626087 -0.139890451514339
51.5083120934884 -0.139949226639954
51.5082824708637 -0.139957680762826
51.5080953113999 -0.139816665673346
51.5080651628337 -0.139922331613153
51.508037922184 -0.140160357202676
51.5081659489716 -0.140285721407386
51.5081753201526 -0.140423165107975
51.5081755060833 -0.140491594915717
51.5080781026583 -0.140573978197309
51.5080477410595 -0.140586858089974
51.507983467828 -0.140808330829503
51.5080116359985 -0.14086124478713
51.5080240653451 -0.140896739639664
51.5078448179819 -0.141113029620519
51.5078146312617 -0.141114258200074
51.5078468919597 -0.141425426095418
51.5077868947213 -0.141633177888384
51.5077693808182 -0.141628543870028
51.5077257983542 -0.141584336246128
51.5078084637065 -0.141110825983495
51.5076158205007 -0.14095838708441
51.5075901955848 -0.140986519526198
51.5074887781097 -0.141258095661044
51.5074689373533 -0.141316527418152
51.5074727215799 -0.141379463150644
51.5074257025436 -0.14151551628612
51.5074806481876 -0.141675460383006
51.5076605206688 -0.141861689203686
51.5076121613174 -0.142026668579196
51.5076753958309 -0.142306991354164
51.5078320853415 -0.142255587803783
51.5079166188855 -0.142353854398124
51.5079246212758 -0.142365291529357
51.5080175041106 -0.142434465857251
51.5080326085793 -0.1424572580027
51.5080535744621 -0.142469831359238
51.5081664555364 -0.142604016206867
51.5082580399497 -0.142630946007172
51.5083044917305 -0.142680385127434
51.5083506062012 -0.142776651296845
51.5084072912646 -0.142836486756694
51.5084132122134 -0.14284705820471
51.508511332577 -0.142900694031956
51.5084197328916 -0.143247557703324
51.5085440965884 -0.143306424778493
51.5086477276262 -0.143174365821154
51.508701061318 -0.143249665691102
51.5087805244591 -0.143249167982494
51.5088735052652 -0.143307529053695
51.5089127078005 -0.143359046454751
51.5089253235869 -0.143366613143607
51.5089458442868 -0.143356748863592
51.5089964216873 -0.143360158378785
51.5090624540649 -0.143340364367049
51.5091187011006 -0.143236251359292
51.5092733730714 -0.143403793492576
51.5093812474589 -0.143301264591351
51.5094280105787 -0.143336315928524
51.5094873669369 -0.143405906779812
51.5095054608059 -0.143435826359854
51.5092903544963 -0.143920079188515
51.5093240774874 -0.143988930022863
51.509428688216 -0.144163024753364
51.5094994420305 -0.144157535674543
51.5095310399338 -0.143819401618064
51.5096514635214 -0.143731571839939
51.5097046334151 -0.143563658505452
51.5097234166746 -0.143574658064388
51.5098871827375 -0.143567050686736
51.5098969905402 -0.143772090626438
51.5098962233095 -0.143774735834914
51.5097392623782 -0.14386583321722
51.5097182776171 -0.144153158334231
51.5098432314594 -0.144073224672784
51.5101720111082 -0.144165257158008
51.5102031343243 -0.144081174817014
51.5102576283774 -0.143979864200775
51.5102655950313 -0.143960648010731
51.5103129591008 -0.143880301641412
51.5103193897513 -0.143871960496017
51.5103719566879 -0.143785223801246
51.5104024552229 -0.143712810638927
51.5104192729179 -0.14369050169966
51.5103373781934 -0.143401056791748
51.5103242694834 -0.143299879399743
51.5104007755557 -0.143084198900814
51.5104364696379 -0.143067419705721
51.5104468912506 -0.14306699595934
51.5104900983736 -0.1432408563962
51.5104292205289 -0.143682849299106
51.510444328939 -0.14368318575577
51.5106144918903 -0.143579905145584
51.5106211426206 -0.143278779483787
51.5107513922458 -0.143056397053953
51.5107563062979 -0.143014728514911
51.510773192889 -0.14296271093442
51.5107982684637 -0.142967988831702
51.5109752958294 -0.143099574585499
51.510825453212 -0.143350677668701
51.5107313775024 -0.143348085916439
51.5106925901184 -0.143544292253547
51.5107986075661 -0.143608423887901
51.5108903282021 -0.143632618674553
51.5110141797374 -0.143676182557341
51.5110200497134 -0.143768744131241
51.511132756486 -0.143892016110449
51.5112143798444 -0.144016670763983
51.5112573682996 -0.1441256665885
51.51126811311 -0.144208168312389
51.5112779890131 -0.144252800873305
51.5114202202918 -0.144230742408657
51.5114981159619 -0.144278908756979
51.5115654153306 -0.14441305887402
51.5115681698099 -0.144433741093953
51.511656200575 -0.144611133002987
51.5116409745693 -0.144682927095803
51.5116083177053 -0.14479511640691
51.5115868257761 -0.144948202666287
51.5115865051949 -0.144973406313844
51.5116615179063 -0.145123523277515
51.5118657629614 -0.145071975302196
51.5118894694274 -0.144956584394682
51.5120501835053 -0.144892425906828
51.5120673949107 -0.144809737511846
51.5120734158259 -0.144735702605597
51.512057236164 -0.144690374673585
51.5121244298837 -0.144550758253454
51.5122517075151 -0.144816627736725
51.5122666018017 -0.1448034271607
51.5123642651843 -0.14490212500988
51.5124083055629 -0.14502652900411
51.5124099131098 -0.145128178629563
51.5124035846745 -0.14516004334871
51.5124464205191 -0.145196921898736
51.5125333326357 -0.145297958840577
51.5125536067884 -0.145369144102548
51.5123904346454 -0.145619007369066
51.5123723355327 -0.145742251661474
51.5123755424763 -0.145757449966322
51.5126159228333 -0.145626011237326
51.5126931392054 -0.145807532167197
51.5128210752266 -0.145836559636797
51.5128370654358 -0.145801688223171
51.5128697109067 -0.145705776369469
51.5129460421568 -0.14565502713045
51.5131368378521 -0.145770622575187
51.5131415165851 -0.145799307736015
51.5132633106449 -0.145849260904917
51.513318558299 -0.145943387323668
51.5133790528598 -0.145886032447747
51.5133795919093 -0.145886010560797
51.5134936899314 -0.145864266513179
51.5133268977173 -0.146089920410269
51.5133343911225 -0.146154496408395
51.5133422740307 -0.146181150401092
51.513439956239 -0.146093410748996
51.5134639797466 -0.146140204519577
51.5134885363553 -0.146266235398048
51.51345513492 -0.146422424916464
51.5134331030934 -0.146467523412657
51.5137026013329 -0.1466312632519
51.5137051696654 -0.146640190029846
51.5137046779791 -0.14665458831829
51.5136463952079 -0.146755225424417
51.5135491284643 -0.146954646258526
51.5135588949534 -0.147003801550885
51.5135954917461 -0.147089655746157
51.5136400796247 -0.147146429216975
51.5137536776678 -0.147058877029963
51.5138582180764 -0.147115000438392
51.5138671405381 -0.147116420839113
51.5138848897378 -0.147164420795428
51.5139395391594 -0.147254890601931
51.5139951960471 -0.147306700017118
51.5140417029113 -0.147325608370131
51.5140466573322 -0.147326239168514
51.5141239672655 -0.1473032578664
51.5141330622057 -0.147099332552554
51.514136797212 -0.147073988969564
51.5142522257767 -0.147090932273918
51.514356549225 -0.147047960184742
51.5141370702824 -0.14706851169451
51.5141374069301 -0.147061368215135
51.5141560860683 -0.146997511325768
51.5141752085715 -0.146978791948725
51.514452255219 -0.146852164253251
51.5144936791762 -0.146788334390929
51.5145624319612 -0.146775681065453
51.5145933718767 -0.146696947222826
51.5146730180531 -0.146366689741555
51.5142987722311 -0.146395428495554
51.5143653603086 -0.146228738809393
51.5145029953764 -0.146171816133113
51.5146795229724 -0.146340282697327
51.5149150065844 -0.146103753429747
51.514917995248 -0.146093769002994
51.5145290765131 -0.145740231299082
51.5145045952911 -0.145522338184907
51.5144262912914 -0.14553359881079
51.5143036172313 -0.145405252720171
51.514280275186 -0.145367461938683
51.5143800527806 -0.145025691776526
51.5143814902451 -0.145025633382153
51.5144259136702 -0.144861624310608
51.5145201157427 -0.144781269781608
51.514534699717 -0.144708665434154
51.5145052608136 -0.144563936698628
51.5144827003305 -0.144484642313891
51.514528799163 -0.144432265743274
51.5145804831731 -0.144380612749009
51.5145991071436 -0.144421328128372
51.5145966233258 -0.144548459988747
51.5145869301662 -0.144555151930743
51.5145693775888 -0.144559430102469
51.5145832476515 -0.144572413303162
51.5145993492056 -0.144658268413416
51.514626210841 -0.14464006522887
51.5147352492701 -0.144616740493384
51.5150164080251 -0.144733180093019
51.5149789139577 -0.144312253800214
51.5149248676354 -0.144265728935633
51.5148890296834 -0.144165464949631
51.5147316158838 -0.143779123196652
51.5147325609148 -0.143776351646165
51.5147513525629 -0.143572028590037
51.5144458081673 -0.143539413551561
51.5143791003327 -0.143561970386481
51.5143597596084 -0.143555508000436
51.5143771624424 -0.143439534418534
51.5144205215889 -0.143236828119222
51.5144327075435 -0.143092309263839
51.5144028639468 -0.143075460549457
51.5141749535303 -0.142932506846763
51.5142461028502 -0.143122356614545
51.5142436305301 -0.143125190255654
51.5142393313013 -0.14312619689667
51.5142097170698 -0.143123836229789
51.5141439753353 -0.143042734160782
51.5141633259747 -0.142924899254605
51.5141264865626 -0.142761460946115
51.5141479220996 -0.142695826538107
51.5141627009674 -0.142618579785349
51.5141806667054 -0.142583625835031
51.5141852722142 -0.142573575567365
51.5141994568192 -0.142509899566026
51.5141388212132 -0.142240363339901
51.5141540620508 -0.142186626080605
51.5141037275747 -0.142011260299015
51.5138968555124 -0.141959312113319
51.5138968429161 -0.141918791675838
51.5139031088315 -0.141888710436772
51.5141389354572 -0.141453107310192
51.514090027762 -0.141384869212507
51.5138096538403 -0.141692641938347
51.5138050037308 -0.141682849495849
51.5137224348154 -0.141674564406962
51.5137187179215 -0.141678280547587
51.5137046523258 -0.141704044759899
51.5135830099592 -0.141629736066694
51.5135507540815 -0.141596826050706
51.5135264851565 -0.141614093271782
51.5135044970705 -0.141622117838791
51.5134820280533 -0.141406882858252
51.5134567280166 -0.141381770300807
51.5134118073383 -0.141383598646197
51.5134055518324 -0.141380288400347
51.5133849697169 -0.141391939514094
51.5133396845086 -0.141399129956114
51.5133068388442 -0.141431124496108
51.5132541019649 -0.141433270904613
51.5132312987494 -0.141452260863101
51.5131477623172 -0.141490714980162
51.5131450416558 -0.141256616081856
51.5131456888758 -0.141252074280269
51.5130089996209 -0.141005486186558
51.5130982358247 -0.140742452561211
51.5130926923581 -0.140727349492455
51.5129756664941 -0.140587026005113
51.5128301323503 -0.14052545815821
51.5127336849718 -0.140418638901511
51.5127276787824 -0.140419715271205
51.5126487483439 -0.140697656398902
51.5126999113872 -0.140908154172037
51.5127992082286 -0.140837449785746
51.512803990217 -0.140793170304683
51.5129660864003 -0.141082926176413
51.5129493073656 -0.141113316036821
51.5128756466443 -0.14117929289812
51.5128006606953 -0.141201357523363
51.5127952534992 -0.141030348044973
51.5126997317045 -0.140908161487094
51.5125610244157 -0.141152530410905
51.5125321856509 -0.141114016344741
51.5125120846641 -0.141104972006977
51.5123777772819 -0.141065404166171
51.5123631697885 -0.141056968034214
51.5123084937116 -0.140993483160631
51.5123707024087 -0.140749496690313
51.512394513061 -0.140612590465282
51.5123055337818 -0.140545868644881
51.5122762077504 -0.140482302816856
51.5121705810123 -0.140471275428143
51.5122039292985 -0.140351923889477
51.5121565797642 -0.14027994276423
51.5121073849108 -0.140290026278646
51.5120834623884 -0.140266760176335
51.5121000599147 -0.140179579574092
51.5119980785921 -0.140024269911598
51.5120826326031 -0.139772244024742
51.5119430373859 -0.139620368839406
51.511894153537 -0.139576375156126
51.5118425748798 -0.140054011858271
51.5116919594502 -0.13982511218215
51.5116422290169 -0.139909126369533
51.5115321233456 -0.139899114620192
51.5115047750269 -0.139909259145074
51.5114482031634 -0.140009711520855
51.5114361591781 -0.140191288898649
51.5113398508857 -0.140212321557868
51.5112718162532 -0.140151165459423
51.5112044252858 -0.140107925566047
51.511172137294 -0.140135381529508
51.5111380909173 -0.140114310616364
51.511059780974 -0.140057138083752
51.5110562887111 -0.140041001645373
51.5110523009546 -0.140010626703281
51.5110133896943 -0.139869862387259
51.5108684673362 -0.139886578026113
51.510859208703 -0.139835624080924
51.5107246094928 -0.139630317114575
51.510716907765 -0.139501828323221
51.5106013347543 -0.139379516736358
51.5105893624066 -0.139333188956422
51.5106388504277 -0.139097926434353
51.5106074267523 -0.138992861859491
51.5105634858314 -0.138948787487886
51.5105335746923 -0.13888239720933
51.5105056537413 -0.138839452463988
51.5103143333442 -0.138674246691811
51.5103270059315 -0.138373827203681
51.5102751178775 -0.138401132237743
51.510066163316 -0.138506963120449
51.5100106332279 -0.138520039101236
51.5098876511155 -0.138571034856152
51.5098805417337 -0.138564908375383
51.5098404186353 -0.138500836670327
51.5098403156021 -0.138500009135124
51.5098917728283 -0.138230330488033
51.509801812122 -0.138135853149348
51.5096782885593 -0.138130076361755
51.5095325736549 -0.138204456191409
51.5095641949774 -0.138010443452087
51.5095444245051 -0.137880667966828
51.5094604585838 -0.13783537598236
51.5094195931631 -0.137781197669099
51.5094135052028 -0.137754474182448
51.5093540000642 -0.137738008454336
51.5093354644901 -0.137736981982788
51.5092822272442 -0.137667980885858
51.5092713021634 -0.137619711084665
51.5092139652644 -0.1376265642361
51.5091619642523 -0.137646744979316
51.5091517870239 -0.137639912112679
51.5138918109606 -0.147050538794115
51.5139110435236 -0.146970498946017
51.5139320274583 -0.146927344018095
51.5139836224303 -0.146966721888279
51.5140185499914 -0.147060725019218
51.5138918109606 -0.147050538794115
51.5111645370936 -0.140223025720884
51.5110013122722 -0.140553938733494
51.5109901004088 -0.140549879994046
51.510967974765 -0.140526541147461
51.5110246604929 -0.140336850299742
51.5111623228066 -0.140202440750067
51.5111645370936 -0.140223025720884
51.5113128599652 -0.140301706277086
51.5113167420048 -0.140546561362911
51.5112565819033 -0.140755287461931
51.5111589868145 -0.140621426481589
51.5111738096656 -0.140507347294166
51.5113128599652 -0.140301706277086
6 4
51.5145783922463 -0.144833802228398
51.5145469143817 -0.145225204623687
51.5146185180437 -0.145330314064405
51.5149774692996 -0.145255367520058
51.5150040665848 -0.145049895091441
51.5145783922463 -0.144833802228398
6 4
51.5136719651349 -0.141592843726186
51.5137446794475 -0.141376348048764
51.513789936912 -0.141004352078807
51.513710999608 -0.141174164315748
51.5135655698986 -0.141567347664668
51.5136719651349 -0.141592843726186
10 4
51.5087358394935 -0.143884988396954
51.5088044813769 -0.143990321783989
51.5089086675235 -0.143893292003062
51.5089287998366 -0.143807757445577
51.5089334575149 -0.14373283237185
51.5089175729027 -0.143711853325687
51.5087873957572 -0.14376847292468
51.5087272201822 -0.143823197772181
51.5087261702708 -0.143825022686037
51.5087358394935 -0.143884988396954
5 4
51.5125135232473 -0.140798698385661
51.5125321587541 -0.140766331899048
51.5125117914711 -0.140751832551876
51.5125012533333 -0.140767590176015
51.5125135232473 -0.140798698385661
