402 8
51.523838746977 -0.141314099456844
51.5238637252302 -0.141233805606129
51.5243229278725 -0.141279051577834
51.524434497871 -0.140984377961626
51.5244028864348 -0.14081629394867
51.5245160327396 -0.140360264890385
51.5245827316375 -0.140195425753128
51.5244880473549 -0.140092074201308
51.5244548242616 -0.140049212998504
51.5243568157113 -0.13988930268328
51.5243337528674 -0.1398352117193
51.5243156528751 -0.139753938035194
51.5243218548425 -0.139634828330695
51.5243321465666 -0.139609211201926
51.5244927833376 -0.13948368792343
51.5247912354282 -0.139471523070516
51.524792447836 -0.139394928982036
51.5247924725331 -0.139362479690847
51.5248054521662 -0.139285287055893
51.5248275071961 -0.139151147867633
51.5249150075443 -0.138858279097033
51.5249493137538 -0.138737070829923
51.5249660719489 -0.138694073810484
51.5244324621827 -0.138339174076289
51.5244324056294 -0.138335610664907
51.524645497953 -0.13760699790011
51.5245894754613 -0.137538087908767
51.5245394439865 -0.137467150765276
51.5244827763108 -0.136961347583883
51.5244106183784 -0.13688406405793
51.524177552288 -0.136598099336231
51.5240000798569 -0.136393661299367
51.5239896467324 -0.136348089921457
51.5238900533523 -0.136258497622951
51.5238600951483 -0.136274102346529
51.5235685729001 -0.136332001684354
51.5234379843867 -0.136503967520094
51.5233318698552 -0.136484885125926
51.5233128084772 -0.136484712442992
51.5232424104731 -0.136399396519945
51.5231504361001 -0.136189570833312
51.5231508569961 -0.136187770838903
51.5231714940746 -0.136100402511595
51.5231687275214 -0.136056420639057
51.5230094558048 -0.135735839013199
51.5229930843416 -0.135723909138193
51.5228959139894 -0.135798119834871
51.5227841363652 -0.135784737783416
51.5226675531176 -0.135666961663672
51.5225653672682 -0.135374716982406
51.5225455256436 -0.13537635941422
51.52239717876 -0.135268083234557
51.5223918070058 -0.135241204410006
51.5224347020024 -0.134733142189995
51.5221310119429 -0.134681609030309
51.5220361765524 -0.134902625027116
51.5220016673852 -0.134937313217627
51.5219230258531 -0.13492162887559
51.521555096663 -0.134629433943655
51.5213567953706 -0.134833994703128
51.5210748392203 -0.134481481266302
51.5210636632939 -0.134468389226551
51.5210628547259 -0.134468422268194
51.5206961798112 -0.133870865569871
51.5206004635707 -0.133799072387354
51.5206079895489 -0.133724009742655
51.5205002053012 -0.133255404529027
51.5203495490206 -0.133149017033801
51.5203030498015 -0.133096843294474
51.5201914016709 -0.132814870527506
51.5200908924078 -0.132831697806705
51.5199392718066 -0.132772058402806
51.5196956575262 -0.133320746538139
51.5196914217758 -0.133320087812653
51.5197238656139 -0.132630410574296
51.5195881050298 -0.132590089464795
51.519548194965 -0.132579124390293
51.519521125266 -0.132618024205777
51.5192258912196 -0.132442683319779
51.5191473548319 -0.132258598440338
51.5191165784538 -0.132098586861962
51.5191084918763 -0.132014182304806
51.5191084067644 -0.132008837830189
51.5189640297738 -0.131975051454761
51.5189381281961 -0.132036483509301
51.5186554017546 -0.132257094668513
51.5186007881535 -0.132180893043352
51.5185757963924 -0.132141390322912
51.5184783163024 -0.132128265167625
51.5184495133506 -0.132120411575579
51.5184528772523 -0.132021159906625
51.5184039704465 -0.131710607331508
51.5183873156613 -0.131398735406689
51.5182926864872 -0.131333204993895
51.5182563728732 -0.13133920724297
51.5182524331236 -0.131340200381349
51.5180648402184 -0.131099263383366
51.5179824771387 -0.131115231913765
51.5178976421674 -0.131026840897209
51.517823932246 -0.130937044056561
51.5177883614655 -0.130995305769728
51.517390106279 -0.131062946906007
51.5173543915569 -0.130982409973239
51.5177158007579 -0.130565817764284
51.5177141130138 -0.130172289179362
51.5176978619965 -0.130156673659137
51.5175487104303 -0.129992603881491
51.5174950004513 -0.129973174940799
51.5174714606716 -0.129996599694715
51.5174225469651 -0.130469800187723
51.5174505695596 -0.130456887673656
51.5172973055321 -0.130954205238391
51.5172897002435 -0.130950832565864
51.517271829404 -0.130940749801884
51.517249132759 -0.130938113754866
51.5171955997934 -0.130405175299494
51.5169412864084 -0.130507450465131
51.5171333806876 -0.130133919422578
51.5171300744788 -0.130129538965998
51.5167052536815 -0.130419905926447
51.5168572679587 -0.130645177148008
51.5169083607175 -0.130810646570892
51.5170566233895 -0.131003630817627
51.5170263575216 -0.131140939335402
51.5170040227913 -0.131240013731481
51.5169962739783 -0.131272773657897
51.5168478277478 -0.131491449794713
51.5168145622616 -0.131547714067345
51.5167756566234 -0.131599812072432
51.516777071408 -0.131609617684151
51.5167900239743 -0.131779381728284
51.5167869042246 -0.131871370724318
51.5167806465924 -0.131913101017864
51.5167514274733 -0.132048463859926
51.5167379645646 -0.132072425593129
51.5166889642379 -0.132190652988627
51.5166835386824 -0.132239479339189
51.5166788565132 -0.132255951562377
51.5166400233004 -0.132329555345279
51.5166336866384 -0.132462317841684
51.5166261276393 -0.13247878885303
51.5165781607682 -0.132554667313107
51.5165710737097 -0.132561255526244
51.5165502777125 -0.132598945487166
51.5164996847872 -0.132639755430733
51.5164692056929 -0.13269602330494
51.516538045796 -0.132914838578564
51.5165185999837 -0.132969585627601
51.5163677677166 -0.132710985857982
51.5162903892426 -0.132706901318346
51.516256543005 -0.132822724608391
51.5162906196402 -0.132992455133195
51.5162385357205 -0.133171175120665
51.516383220906 -0.133275183178741
51.5164826894766 -0.133040454622163
51.5164985165943 -0.133040758160727
51.516532777333 -0.133120403945592
51.5164450861982 -0.13336083060036
51.5164870109567 -0.133487103695835
51.5164931176418 -0.133531893151469
51.5163895773362 -0.133471241015363
51.5163538849088 -0.133403299703528
51.516247361364 -0.133454594686855
51.5161992092492 -0.133473675488814
51.5161994813819 -0.133490776732446
51.5165044940477 -0.133619723759615
51.5165220185624 -0.133692805029562
51.5166069512884 -0.133872223479894
51.5167005695657 -0.134173808774623
51.516707870188 -0.13418064067088
51.5167634069102 -0.134591925158064
51.5171272908779 -0.134228386836246
51.5171472966299 -0.134248366033915
51.5168954354511 -0.134782019052797
51.5167890545702 -0.134695335394067
51.5167739637051 -0.134673491640545
51.5166785833752 -0.134735856122346
51.5166463914396 -0.134757967710162
51.516503759533 -0.134856487018825
51.5164938613534 -0.134878519619042
51.5163984201364 -0.135231084208723
51.5162417474543 -0.135079787483179
51.5162652268731 -0.135018578620202
51.5160592487383 -0.134887360091186
51.5159869426774 -0.135111822657328
51.5159666167664 -0.135184785826465
51.5161874302108 -0.135197395602749
51.5162713975417 -0.135259682599342
51.5163747391827 -0.135324862523054
51.516388074732 -0.13547381404678
51.5163950737517 -0.135506921257984
51.5163686572203 -0.135553038927789
51.5163626046628 -0.135556851164715
51.516295192292 -0.135602860194439
51.5162551844229 -0.135642283663698
51.516072414149 -0.136060560830637
51.5161007791752 -0.136272831631534
51.516108689588 -0.136306733403712
51.5160910488535 -0.136350709587515
51.5160515578271 -0.136541507496759
51.5166295890117 -0.136947631179578
51.5166124146439 -0.137026645479357
51.5164020081994 -0.137154185583645
51.516326107176 -0.137594123964862
51.5161916481989 -0.13735825285212
51.5162818379611 -0.137110484409159
51.5162938342815 -0.137084682880395
51.5160080545605 -0.136830626791088
51.5159719924002 -0.136920392900702
51.5159122934226 -0.137140772355834
51.5160014050524 -0.137311943499596
51.5161532920647 -0.137331891154365
51.5162012792336 -0.137274080699857
51.5161728612961 -0.13735272094725
51.5161737365536 -0.137362548610431
51.5161304583977 -0.137609353196767
51.5161450701338 -0.137652013398108
51.5163125945554 -0.137682970368152
51.5163368576406 -0.13773331798147
51.5164718665324 -0.137777366337668
51.5166741199524 -0.137204284788075
51.5166844789528 -0.137228223766465
51.5166146101721 -0.137572492677242
51.5164865458965 -0.137790315007063
51.5166252763844 -0.137921557027786
51.5166302974064 -0.137915053901457
51.5166552309412 -0.137871731077458
51.5166953487413 -0.137805209873572
51.5167986835667 -0.137518994247407
51.5168609807665 -0.137547113149741
51.5168882197262 -0.137564065370188
51.5169220994216 -0.137886040804762
51.5169358490492 -0.13791970531736
51.5169363354623 -0.137950345617432
51.5170620856311 -0.138000120442102
51.5170767781518 -0.13821212263395
51.5171266740181 -0.138263208743475
51.5171647158507 -0.138309430578821
51.5171760490038 -0.138292806458361
51.517191269798 -0.13826057481799
51.5174020371073 -0.138251980606228
51.5173651552532 -0.138335483310457
51.5173657697333 -0.138374199721791
51.5174798202698 -0.138411856221965
51.5174358176067 -0.138488518918256
51.5173928301882 -0.138487538258412
51.517375622084 -0.138609812018408
51.5174288525073 -0.138706753643879
51.5174757004481 -0.138769729998424
51.5174771944414 -0.138773234270155
51.5176774079726 -0.138547120628409
51.5177943923652 -0.138645028888132
51.517808546538 -0.138874169571337
51.5175702923756 -0.139229822889343
51.5175253255282 -0.139291075133515
51.5175316361928 -0.139320527769711
51.5175582112712 -0.139363652993282
51.5178465369166 -0.139415839035185
51.5178330358902 -0.13919380179299
51.5179257039496 -0.138999999356736
51.5180482549595 -0.139103149069775
51.5180403051972 -0.139276386158771
51.5182295633971 -0.139453352033474
51.5182474856651 -0.139608422407923
51.5182852095082 -0.13973665987224
51.518253795243 -0.139796528524342
51.5182321651465 -0.139883807279613
51.5182159970911 -0.139918692211329
51.5182048768711 -0.139971435303684
51.5182372980343 -0.140082775839575
51.5182881929729 -0.140157236272581
51.5183272906109 -0.140173707486894
51.5183380414278 -0.140171368087212
51.5183899780355 -0.140198130909866
51.5183934552344 -0.140213319820421
51.5184632267064 -0.140293310359472
51.5184909160912 -0.140287666503416
51.5186116613839 -0.140016185396373
51.518542588298 -0.139940563721236
51.5185399879942 -0.139935321774555
51.5184954247494 -0.139783950270959
51.5184375801779 -0.139730451528575
51.5184396885999 -0.1394609516411
51.518355588275 -0.139322125638328
51.5183651844418 -0.139303670656692
51.518390270596 -0.139139597733826
51.5184815738903 -0.139103432580875
51.518486040938 -0.139079006789394
51.5185937322467 -0.138914180570913
51.5185943379132 -0.138907025359237
51.5184087456585 -0.138887494825979
51.5185234846007 -0.138356704699679
51.5185905417815 -0.138288250758882
51.518618533871 -0.138279028059838
51.5186190729177 -0.138279006078986
51.5186811850488 -0.137899030218203
51.5189096766551 -0.137596882102244
51.5189609163611 -0.137534419641488
51.5189896906965 -0.13754049524641
51.5191540412651 -0.137671649183369
51.5192245452553 -0.137775019495159
51.519300648428 -0.13791963826922
51.5193411402024 -0.13801258659149
51.519434151749 -0.138270963585453
51.5194400247105 -0.1382671587663
51.520065084201 -0.138589412226686
51.5201374715119 -0.138380975945937
51.5201975883757 -0.138362361453508
51.5202910645571 -0.13834416927103
51.5204323175864 -0.138543776529332
51.5201753335675 -0.138976752867387
51.5202822215094 -0.139197609648638
51.5203001385783 -0.139244655642679
51.5203003314491 -0.139245479706926
51.5203068615912 -0.139243430850269
51.5203461988226 -0.139240995591747
51.5203481753277 -0.139240915031943
51.5205533903243 -0.139188339545209
51.5205803677565 -0.139194489619713
51.5205833790198 -0.139191633394285
51.5206422765227 -0.139181151098162
51.5206575194562 -0.139161633049917
51.5206888740113 -0.139160355008653
51.5208600569738 -0.138872301997871
51.5209112349417 -0.138890895160597
51.5210002323729 -0.139480082333735
51.5210202240961 -0.139572920085607
51.5212105333685 -0.139708496190977
51.5212149870163 -0.139717228370471
51.5214232373889 -0.139788014762502
51.5214776265509 -0.139895734319314
51.5215424755575 -0.140050805539062
51.5216078965926 -0.140258979784228
51.5215510864436 -0.140491862592157
51.521461111143 -0.14076495933733
51.5214483083959 -0.14080232408354
51.5215281947772 -0.140930637186898
51.5216900884346 -0.141173629457352
51.5217757603189 -0.141179173657199
51.5220655912835 -0.141638497691529
51.5221469801987 -0.141549611543261
51.5223166311122 -0.141312013740163
51.5223526824031 -0.141317795827126
51.522356291108 -0.141318599709124
51.5225552692801 -0.141621296874794
51.5226361373816 -0.141374713607732
51.5226540788764 -0.141389315097523
51.5227135945187 -0.141468900303432
51.5227261220421 -0.141493587053122
51.5225895158757 -0.141711775616168
51.5225844142663 -0.141764278345909
51.5226065843831 -0.141920974225677
51.522648647937 -0.1419544424576
51.5226843725893 -0.142087173014713
51.5227398139531 -0.14213091259422
51.5228167857347 -0.142154759553799
51.5228771352027 -0.142088360423632
51.5230493490459 -0.142284947505242
51.5230470027034 -0.142318440851428
51.5232029778247 -0.142449013190818
51.5232734891903 -0.142802944139655
51.523296868852 -0.142831706498794
51.5233591440088 -0.143165174249095
51.5238544926981 -0.142779305671663
51.5239250377529 -0.142789034173237
51.5237659208879 -0.142278367880767
51.523855083164 -0.142186429438606
51.5240882233237 -0.142250869363199
51.5240975334051 -0.142254056149475
51.5241001642941 -0.142221501296962
51.5241123690197 -0.141936343567476
51.5242371183079 -0.141696048201786
51.5239677972578 -0.141470132319496
51.5238383391767 -0.141316730886537
51.523838746977 -0.141314099456844
51.5199722024913 -0.133248233656358
51.5198253694186 -0.133257802928485
51.5198200971608 -0.133259801186285
51.520053270959 -0.132947566270136
51.519987582974 -0.133180932283429
51.5199722024913 -0.133248233656358
51.5245119926922 -0.138643177012686
51.5244808686187 -0.13883461799902
51.5243449989108 -0.138702283732565
51.5243466122868 -0.138667987119204
51.5243566914082 -0.138566666476544
51.5245119926922 -0.138643177012686
51.5171567576499 -0.13778544042942
51.5173045195509 -0.137953274815069
51.5172912470689 -0.137983644604631
51.5171764987008 -0.13801530054288
51.5171098729873 -0.138008985893945
51.5170785296057 -0.137976989435423
51.5171497287404 -0.137795709527232
51.5171567576499 -0.13778544042942
51.5229386460604 -0.136609094313356
51.5229272162288 -0.136613958455978
51.5228996470986 -0.136621501907474
51.5226762495209 -0.136378296598749
51.5228282571783 -0.136032408671295
51.5228949420968 -0.136161256333821
51.5229386460604 -0.136609094313356
8 4
51.5166365222132 -0.129948797982046
51.516525080919 -0.129640821496553
51.5162708432144 -0.130091761437092
51.5162799050867 -0.130107552039975
51.5165011577774 -0.130395820514308
51.5166877807444 -0.130395309060532
51.5166899264366 -0.130388922827961
51.5166365222132 -0.129948797982046
14 4
51.5213686924917 -0.134078458770428
51.5213581704268 -0.134095171199346
51.5213698682909 -0.133694646156312
51.5212054159924 -0.133636477718604
51.5211371135798 -0.133880770763647
51.5211200362358 -0.134056176428328
51.5213537707633 -0.134112465326897
51.5213553112831 -0.13411323430697
51.5213654066214 -0.134109256203903
51.5216180001688 -0.13421516723797
51.5215723358174 -0.133859414294358
51.5215327063409 -0.133747413899398
51.5214345949543 -0.133717196106866
51.5213686924917 -0.134078458770428
7 4
51.516977686583 -0.129288940388159
51.5169140849276 -0.129370811088416
51.5169971102101 -0.12996017360139
51.5170261723102 -0.129961716572914
51.5170889465171 -0.129754624860433
51.5171154188961 -0.129407720946521
51.516977686583 -0.129288940388159
6 4
51.5167555570812 -0.129667388041689
51.5166946703176 -0.129654552157149
51.5166527308325 -0.129916642287853
51.5167187425516 -0.130312994226605
51.5168554900905 -0.129969657915478
51.5167555570812 -0.129667388041689
7 4
51.5188724980147 -0.139735191779203
51.5187757166554 -0.139516662021709
51.5187730214201 -0.13951677185353
51.5186918757839 -0.139739936792841
51.5187490468649 -0.140006072390507
51.5188543303486 -0.139819716143329
51.5188724980147 -0.139735191779203
9 4
51.5166877521556 -0.131126872053052
51.5167068025637 -0.13118277766285
51.516707072086 -0.131182766631294
51.5167086864182 -0.131188167070188
51.5167527741285 -0.131263844524217
51.5167228962527 -0.131165957076293
51.5168932883955 -0.130823860408686
51.5166382812205 -0.131018021970059
51.5166877521556 -0.131126872053052
6 4
51.5185906675477 -0.139610719794888
51.5185360210715 -0.139719191170053
51.5186818384067 -0.139707901832006
51.5187521217533 -0.139514058248556
51.5186629624931 -0.139487030222299
51.5185906675477 -0.139610719794888
5 4
51.5166234695986 -0.131961837725465
51.5166140382042 -0.131917184369919
51.5165244620711 -0.131779433513379
51.51645265945 -0.131831926283454
51.5166234695986 -0.131961837725465
