540 8
51.5164144609713 -0.146623031048834
51.5164109802991 -0.146829472046446
51.5164101627849 -0.146840319324096
51.5163681051861 -0.146926637608912
51.5163480813982 -0.146967973363008
51.5163271796042 -0.147004947779433
51.5164995080643 -0.147340203218719
51.5165525869639 -0.1474849315467
51.5165350370812 -0.147574771001381
51.5164038846189 -0.147740520775543
51.5162851399728 -0.147678670889469
51.516133565833 -0.147803655394992
51.5161192588544 -0.147814217934095
51.5159947333489 -0.147966981319481
51.5161771915895 -0.148129753176429
51.5161928766946 -0.148138148532914
51.5161981396955 -0.148129854253003
51.5161984990621 -0.148129839677887
51.5162581779811 -0.148117555855599
51.5162083168052 -0.148153802808524
51.5162088469655 -0.148694246017088
51.5161979516239 -0.148687438798261
51.5161910159509 -0.148196809973553
51.5161925604523 -0.148140894578894
51.5161757977184 -0.148149655255004
51.5161749891434 -0.148149688048635
51.5158623705867 -0.148249710474462
51.5158447035692 -0.148320777121475
51.5159697410368 -0.148553495413824
51.5161771043428 -0.148676638173561
51.5159621594312 -0.149104127903121
51.515958797698 -0.149096183392786
51.5159177971251 -0.148697015204582
51.5158439663661 -0.148889193556443
51.5158133934962 -0.148957099237796
51.5157434915093 -0.149176092890142
51.5157418557253 -0.149180674904832
51.5156201923405 -0.149241458449225
51.5155744931024 -0.149364877960295
51.515639824673 -0.149710889591876
51.5155802955081 -0.149880857830748
51.5155647473362 -0.149886835348644
51.5154918914325 -0.149901551889613
51.5154039098598 -0.150040230478741
51.5153553147017 -0.150031385453724
51.5153283617833 -0.149998253436111
51.5152700161413 -0.149924088744934
51.5151955319735 -0.149949566063328
51.5151780505597 -0.149975466939508
51.5150957991653 -0.150032868324815
51.5150345168644 -0.149960605430747
51.5149836381249 -0.149943772465319
51.5149179014286 -0.149896882794401
51.5149174895426 -0.149887868227813
51.5147753145566 -0.149719777642981
51.5147701896723 -0.149708339779295
51.5147866323992 -0.149565312805818
51.5147723233766 -0.149575755718401
51.5146382957107 -0.149667696426967
51.514548080543 -0.149738848302312
51.5145689862592 -0.149787553892626
51.5146098957466 -0.149907579735012
51.5145853237559 -0.150048202243948
51.5146102735825 -0.150233638063951
51.5145933317538 -0.150327963551421
51.5145869632224 -0.150437189949215
51.514448064818 -0.150550952262846
51.5144807444044 -0.150263126745064
51.514504572871 -0.150240653037088
51.5144954313762 -0.15023104152956
51.5144768985598 -0.15012187346436
51.5142899100516 -0.150161889401411
51.5142782799141 -0.150228192714864
51.5142826018942 -0.150251427272785
51.5143276394198 -0.150564860873115
51.5144012237876 -0.150590637665231
51.5144948082621 -0.150795871432797
51.5147534523167 -0.150573757530124
51.5147688190832 -0.150584780670101
51.5147766410097 -0.150596228227869
51.5148556935267 -0.150792070281073
51.5148437728742 -0.150845670984762
51.5146003450258 -0.150978044075961
51.5145704932361 -0.150989115869095
51.5145626882926 -0.151012960522391
51.5145867605832 -0.151154226996142
51.5146531126476 -0.151371378901754
51.5145370885258 -0.15177867646406
51.5144623216083 -0.152094347267863
51.5148123915681 -0.152197229883195
51.5148513695938 -0.152229044391727
51.5150259065389 -0.152402963521103
51.5150311696941 -0.152411781835773
51.5150726233945 -0.152674982540181
51.5149736258437 -0.153176182402534
51.5146216370354 -0.152888586609227
51.5142154415043 -0.152726771859022
51.514220503963 -0.153282337036319
51.5142801868897 -0.153601478914504
51.5142879594743 -0.153632654740602
51.5142945268322 -0.153655798826496
51.5145859017578 -0.153707948589262
51.5148099316978 -0.153622362503215
51.5150157733221 -0.154186098820613
51.5150811190965 -0.154231109221222
51.5151929102864 -0.154314051390365
51.5154436088688 -0.154443547374551
51.5154468098464 -0.154429870964568
51.5157460761345 -0.154315102019722
51.5157446065911 -0.154250277843368
51.5157643647985 -0.154306163186692
51.5157678686356 -0.154306021555375
51.515776715698 -0.154325509298482
51.5157657979568 -0.154328683800599
51.515758505807 -0.154328027883153
51.5157668567934 -0.154350268870648
51.5157695240227 -0.154348378542253
51.5157713339429 -0.154349137224944
51.5157763612108 -0.154354400404277
51.5157576026315 -0.154367755088287
51.5157510963425 -0.154377049490026
51.5155452526735 -0.15500152327676
51.515546353016 -0.155008608847925
51.5156245571811 -0.155225291940925
51.515859255114 -0.154434828219117
51.515866173839 -0.154400324175252
51.5158892263143 -0.154305631765963
51.5159595310914 -0.154083064076325
51.5159493010451 -0.153969990289416
51.5159687583793 -0.153926779552617
51.5158971358293 -0.153648630981806
51.5158886693528 -0.153590506625428
51.5158872934072 -0.153503099871901
51.5158953989053 -0.153446919734984
51.5159354089632 -0.153310186411336
51.5160280283817 -0.15319746868755
51.5160744197457 -0.153243364095664
51.5163385423613 -0.153077719352747
51.5164500832436 -0.153053361908329
51.5161579755795 -0.153405760125985
51.5161691657568 -0.153448444861801
51.5163500169271 -0.153578148876509
51.5164555224595 -0.153050527493018
51.5164722839481 -0.153024537352498
51.5165557727044 -0.152925734421302
51.5165772170893 -0.152905971910952
51.5166831883748 -0.152830501695799
51.5168237725715 -0.152795104969249
51.5169125352958 -0.15287707690399
51.5169497420392 -0.152944854004093
51.5168927562327 -0.153196717805079
51.5169017144412 -0.153411688869568
51.5168136093747 -0.15390260339018
51.5168144982028 -0.153913381636616
51.5167886210773 -0.154034215708994
51.5167970177973 -0.154105059680007
51.5167698036921 -0.154163795857976
51.516753002186 -0.154432927902804
51.5164460402014 -0.154447117871064
51.516385180174 -0.154641498038603
51.5163574823005 -0.154720930367847
51.5162951607407 -0.154891007500309
51.5162852592681 -0.154895923375975
51.5160058272942 -0.155231515896906
51.5164316021931 -0.155529585939009
51.5164275919021 -0.155560407665321
51.5168087092509 -0.155751313446297
51.516905559395 -0.155581623337584
51.5172469847711 -0.155786731279489
51.51685097283 -0.156609869159218
51.5169665914304 -0.156661886796699
51.5169784161755 -0.15741448304604
51.5170329815666 -0.157460053789454
51.5169132233349 -0.158254917461924
51.5170481762459 -0.158238659627873
51.5172544277805 -0.158291660464462
51.5173113190721 -0.158651466291802
51.5175374933072 -0.158421660887321
51.5176462907741 -0.158594699667735
51.5178190765449 -0.158485885448327
51.5178985468021 -0.158525937893751
51.5179187092132 -0.158550437613206
51.517935661271 -0.158851488743917
51.518239107405 -0.158802292589026
51.5182924369963 -0.158935264142765
51.5184665196409 -0.158834597372466
51.5186641122978 -0.159034721331721
51.5187815355669 -0.158949768031004
51.5188594134779 -0.158980022370815
51.518922511423 -0.159025133898091
51.5189249990433 -0.159023250950943
51.519134083202 -0.158735538606164
51.5192547954721 -0.159026234011423
51.5193202523893 -0.159032626679084
51.5193886659141 -0.159078475131372
51.5194029306919 -0.159099529520966
51.5194240055765 -0.15910771187597
51.519488813835 -0.159101414517434
51.5195436660098 -0.159159575621447
51.5195850690745 -0.159174187883968
51.5196183214647 -0.159207906226149
51.5196550740074 -0.159183962754332
51.5197127672281 -0.159102367147704
51.5197583429259 -0.159136539391437
51.5198825200695 -0.159098136870383
51.5198873831034 -0.159150232627379
51.5198825844573 -0.159285552988712
51.5199450586899 -0.159279468753254
51.5200501737189 -0.159195009893387
51.5200846777691 -0.159348593348957
51.5201776946586 -0.159312398209766
51.5202397116145 -0.159426129188788
51.520268211763 -0.159403350185525
51.5202725241869 -0.159403176323361
51.5203431804779 -0.159357067647262
51.520473082969 -0.159488741576038
51.5204737892622 -0.159533755974633
51.5206157375325 -0.159562261383027
51.5206296678723 -0.159573465657283
51.5207029606092 -0.159781345950606
51.5207373475516 -0.159755596149817
51.5208367421516 -0.159736258252088
51.520913479862 -0.159768343881222
51.5209213621525 -0.159760776434605
51.521127804003 -0.159785851160449
51.5213329100113 -0.159479391599414
51.5215624095341 -0.159392649080166
51.5215884031838 -0.159233055767847
51.521664863693 -0.15912716768053
51.5217646735265 -0.158905171971774
51.521914746808 -0.158603657458359
51.5219285036925 -0.158575172701845
51.5219051878036 -0.158126502223825
51.5219864813997 -0.157927713043059
51.5220208765944 -0.157845268980006
51.5220295642165 -0.157826021143369
51.5220883561844 -0.157688515235012
51.5220880157708 -0.157684012640241
51.5218967782485 -0.157425030129884
51.5218452816612 -0.157088385473278
51.5218366771128 -0.156935534904562
51.5218352187847 -0.156859886194078
51.5220688390527 -0.156572105166723
51.5223509028647 -0.156621091577726
51.522389251944 -0.156584362925143
51.5223825212064 -0.155887332082193
51.5223674834594 -0.155365467829235
51.5219879532238 -0.155338374095495
51.521819133837 -0.155253324544288
51.5217663181986 -0.154878941808419
51.52200171569 -0.15435587365753
51.5224807284153 -0.154963569815367
51.5225396976129 -0.154791822230086
51.5223274283947 -0.154167874439149
51.5224031052721 -0.153898230038599
51.5226227833739 -0.153804604420284
51.5225070183363 -0.153611991916392
51.5224549954021 -0.153550985725518
51.5223999540374 -0.15333250435867
51.5225101579896 -0.153211809006056
51.5224998094387 -0.152554619504626
51.5226846944634 -0.152301112507454
51.5225845691066 -0.152045710710842
51.5224421897172 -0.151670435277611
51.5224551831267 -0.151622130716021
51.5226291073441 -0.151420527107902
51.5228152944815 -0.151181343204906
51.5227311265458 -0.150894751606121
51.5224153585021 -0.151205741412296
51.5224026231381 -0.151110700355494
51.5222952278948 -0.150947469389742
51.5222208326308 -0.150818914355003
51.5221944492303 -0.15083899928162
51.5219926813652 -0.151258871144883
51.5218920245784 -0.151129597290306
51.5216940812863 -0.151352970090315
51.5216343365316 -0.151355389458114
51.5216200610394 -0.151345152217647
51.5216138375914 -0.151321040044204
51.5214374911678 -0.151226327463599
51.5214061944723 -0.151248393508683
51.5214073569835 -0.151356380339955
51.5214089948044 -0.151454602295525
51.5214128392768 -0.151561648598524
51.521405311289 -0.151557437139131
51.5212460031173 -0.151602632230419
51.5212449287486 -0.15161432290879
51.5212411516459 -0.151619942881343
51.5212079663606 -0.151607737759199
51.5212416289596 -0.151587477847065
51.5212439592259 -0.151592731690114
51.5213445258715 -0.15151663730792
51.5213098712895 -0.151491061799812
51.5212265823541 -0.151431325623637
51.5211386739971 -0.151346580840936
51.5210639126366 -0.151434347086187
51.5210843347503 -0.151606444480174
51.5210848644314 -0.151617238233074
51.52112324123 -0.151890462003735
51.5210376310287 -0.151985797380302
51.520944489548 -0.151962589276766
51.5209495382942 -0.151701038181553
51.5208941171743 -0.151692585674952
51.5208702568537 -0.151564720700856
51.5208777886054 -0.151529236796038
51.5206817950031 -0.151351533076467
51.5206713450855 -0.151230375476714
51.5205953912355 -0.15117402778667
51.5205782351915 -0.151169255599266
51.5205101166637 -0.15127921408459
51.5204111168015 -0.151397672341243
51.5203469791371 -0.151389454392857
51.5203469042697 -0.151390408195789
51.5203052925477 -0.151374028510726
51.5202207571044 -0.151457672679194
51.5202002020569 -0.151453988817417
51.5201935762276 -0.151461387863413
51.5201412134487 -0.151498686441008
51.5201272074484 -0.151574007577086
51.5199914659391 -0.151500233514861
51.5199840801885 -0.151522162436008
51.5199277924536 -0.151510061178203
51.5198232538797 -0.151676398494648
51.5198446888248 -0.1514791985708
51.5198428489406 -0.151476539629645
51.519786409584 -0.151414886251483
51.5197674997437 -0.151378691161742
51.5197507143075 -0.151380321592344
51.5196863014869 -0.151360349279367
51.5196720877596 -0.151348327287691
51.5195441809283 -0.151201266919901
51.5195370028825 -0.151173629183172
51.5193266985037 -0.151302890868869
51.5192421854035 -0.151256755273001
51.5191877319495 -0.151269775039827
51.5191735594437 -0.151294592978121
51.5191065712453 -0.151379307311176
51.5190460365913 -0.151360128970899
51.5190106482094 -0.151282293642535
51.5189897862068 -0.151287654432239
51.5189397817606 -0.151280647191315
51.5189197526278 -0.151258996953329
51.5188938875884 -0.151283456309458
51.5188820472069 -0.151296533073324
51.5188419028862 -0.15128199602611
51.5186782617481 -0.151331761913793
51.5186800586222 -0.151400142194369
51.5186758097561 -0.151586896275226
51.5186123532957 -0.151639022416633
51.5186050424129 -0.151642883649539
51.5184697444749 -0.151608667997729
51.5184648650151 -0.151299045703465
51.5184206422098 -0.151253893998785
51.5184163784647 -0.15125145213795
51.5184010959665 -0.151228659218583
51.5183888040082 -0.151036277486887
51.5184596573001 -0.151019979025547
51.5184787072873 -0.150962401277586
51.5184993516618 -0.150846288832224
51.5184991438939 -0.150844514622904
51.518504292784 -0.150811862319306
51.51853124854 -0.150719737803402
51.5185099704777 -0.150635984405275
51.5185473201453 -0.150610108951976
51.5185896013143 -0.150526395392262
51.5184325200457 -0.150473337802931
51.5184362462014 -0.150424580700859
51.5184787073867 -0.150392199439361
51.518479487871 -0.150390385197168
51.5185012027949 -0.150142671423841
51.5184749165047 -0.150134704506295
51.5184025569493 -0.150180894564305
51.5183705687734 -0.150290217330884
51.518284276047 -0.150136961983858
51.51825321135 -0.150133823509242
51.5180618631503 -0.150296425448162
51.517980754233 -0.150243856477445
51.5179706592943 -0.150162384531867
51.5179793953439 -0.150066483003239
51.5179790546421 -0.150061980877362
51.5177325577314 -0.149828703644902
51.5177034395707 -0.14982358509616
51.5176954867436 -0.149826640676724
51.5176494965269 -0.149783464185435
51.5175932984606 -0.14977136198063
51.5175503299233 -0.149782966878901
51.5175345642974 -0.149763759624123
51.5174666153742 -0.149730504975289
51.5174646107555 -0.149728803627466
51.5174381933802 -0.149718227970461
51.5174188432766 -0.149688351712999
51.5173506095641 -0.149637045323581
51.5173696213243 -0.149571388917706
51.5173793331492 -0.149543068218665
51.5174435958268 -0.149405343926009
51.5174489148343 -0.149383499657464
51.5173975388711 -0.149300968827139
51.5173894436469 -0.149294998504033
51.5173479214837 -0.149278618087101
51.5173203250916 -0.149278785977567
51.5172989391226 -0.149285119412641
51.5172912133475 -0.149319658055916
51.5172256631374 -0.149580907203607
51.5170916249803 -0.149472730310839
51.5169378882573 -0.149551927447444
51.5168963414729 -0.149636559788602
51.5167995177699 -0.149733295492535
51.5167943631507 -0.149737069491594
51.5167395250779 -0.149674406684749
51.516635354924 -0.149641669899516
51.5165451939921 -0.149459819837163
51.516336501042 -0.149052946083332
51.5163374517066 -0.149044826696582
51.5162698597467 -0.148732295245618
51.5163685110324 -0.14854635737831
51.516742973974 -0.148650960924757
51.5168741526619 -0.148509573137139
51.5168788916346 -0.148502250723713
51.5168933411458 -0.148500714087124
51.5169623959199 -0.148148412328592
51.5169532837811 -0.148123588325268
51.5169148994948 -0.148078204327658
51.5169077230913 -0.148067800026031
51.5168583559292 -0.14803284393737
51.5168027796471 -0.147974728837804
51.5168020940017 -0.147954078969198
51.5167750165715 -0.147907404754729
51.5167835058273 -0.147818764366009
51.5166815338265 -0.147646309217333
51.5167843929266 -0.147635837933121
51.5167973129079 -0.147565912831883
51.5168048515074 -0.14743417297972
51.516876806291 -0.147351038211556
51.5168777514055 -0.147348266601461
51.5169484825084 -0.147278728705478
51.5169860494943 -0.147226817130449
51.5169882523881 -0.147223994471874
51.5169978839957 -0.147219087797791
51.5170493848046 -0.14729804539194
51.5171302213215 -0.147338973034632
51.5172169657566 -0.147349832679648
51.5173098889225 -0.147313619254374
51.5173596150086 -0.14722330434495
51.5175160562293 -0.147292656546004
51.5175763989182 -0.147595624862794
51.5175861545125 -0.147604260849384
51.5176919985938 -0.147640490891838
51.5177479570038 -0.147529244603148
51.5177738644858 -0.147399371132434
51.5177687464599 -0.147268855057838
51.5177878252268 -0.147230289798825
51.5178081740309 -0.147016027635115
51.5178023173843 -0.146963975786056
51.5177784895208 -0.146935232905897
51.5177594274436 -0.146917942922375
51.517673050633 -0.146879141786518
51.5176632949868 -0.146870505940309
51.5176322337537 -0.146861902966144
51.5176035742926 -0.146863066186024
51.5175357125555 -0.146829693419061
51.5174668040704 -0.146832490287511
51.5174358710901 -0.146849076015671
51.5173317763943 -0.146707367116891
51.5172672783878 -0.146682058085573
51.5172298144541 -0.14668357878557
51.5172178366896 -0.146665169678332
51.5171307863494 -0.146589438139312
51.5170938525499 -0.146601751648155
51.517065713607 -0.146607409721806
51.5170539635918 -0.146620483502417
51.5169432766415 -0.146664668273878
51.5168694550638 -0.146578417844141
51.5167887512975 -0.146540219634174
51.5167702354152 -0.146426649891347
51.5167064842329 -0.146403093783588
51.5166072626886 -0.14634223693831
51.5164244886354 -0.146375801063137
51.5163636070997 -0.146448504788007
51.5164144609713 -0.146623031048834
51.5170695278569 -0.153803959459827
51.5172604664909 -0.153786375292474
51.5171949208767 -0.153979998592589
51.5171931240379 -0.153980071240573
51.5170695278569 -0.153803959459827
51.5184285149372 -0.150515807600515
51.5184961160457 -0.150623948384811
51.518444055364 -0.150743116029289
51.5184000424903 -0.150785423618242
51.5183534109038 -0.150792779021654
51.518352677191 -0.150791858009006
51.5183455420227 -0.150749839528065
51.5183935013027 -0.150558701586957
51.5184285149372 -0.150515807600515
51.5161478051316 -0.149463328916173
51.515959226507 -0.14941963495033
51.5158625061513 -0.14930638384943
51.5159514404862 -0.149119892123049
51.5158701245842 -0.149134002280799
51.5159377710999 -0.149102502140557
51.5159566568182 -0.149114333099266
51.5159620192111 -0.149112333204522
51.5161506556168 -0.149455964423531
51.5161478051316 -0.149463328916173
51.521440600324 -0.151628981726728
51.5214536084246 -0.151769885712096
51.5214229479426 -0.151815220080502
51.5213528055077 -0.151927995120719
51.5212079431678 -0.151925777709448
51.5211281207552 -0.151892047194962
51.5212367119355 -0.15164626936097
51.5212640331802 -0.151651462163203
51.5212586183519 -0.1516444316222
51.5212497483808 -0.151617812079741
51.521440600324 -0.151628981726728
51.5161339962161 -0.152687894422187
51.5161568962216 -0.15271489427799
51.5161689376216 -0.152811614570812
51.5161504198289 -0.152891626968082
51.5160989261839 -0.152978439648095
51.5160398375417 -0.15303394918511
51.5160251697066 -0.153112973692032
51.5158494967616 -0.153003859009143
51.515689612316 -0.152835521166838
51.5157680257379 -0.152819752576761
51.5158640336224 -0.152768097069317
51.5158904009204 -0.1527184269321
51.5159254733807 -0.1526792185189
51.5159886693795 -0.152701854782236
51.516012660376 -0.152746754524979
51.5160661655893 -0.152690638693446
51.5161339962161 -0.152687894422187
51.5177660217662 -0.153681200013624
51.5176794313588 -0.153463066023644
51.5179241319132 -0.153148701229611
51.5180515356735 -0.153235411333759
51.5181055560011 -0.153508936369978
51.5181078106773 -0.153549369814884
51.5181029445412 -0.15363429991755
51.5179885168561 -0.153686582284192
51.5177660217662 -0.153681200013624
6 4
51.5166871344524 -0.156904663011196
51.5164463978774 -0.156773916187606
51.5160526563885 -0.157238413526611
51.5164788448932 -0.157586040541987
51.5167342107316 -0.157343291203983
51.5166871344524 -0.156904663011196
13 4
51.5149588389208 -0.148861976240042
51.5150290377551 -0.148980814969222
51.5151597898848 -0.149006054661435
51.5153233958348 -0.148589566207979
51.5153573099998 -0.148465673801431
51.5154391483076 -0.148701092181703
51.5156980009901 -0.148862669281331
51.5156135540645 -0.148330982723672
51.5153524329019 -0.148338957430316
51.5153480061413 -0.148331888103842
51.5151197038648 -0.148357307451815
51.5149201367404 -0.148648339877408
51.5149588389208 -0.148861976240042
7 4
51.5129787362809 -0.15020787401118
51.5128649839196 -0.150069176517636
51.5127656882803 -0.150288512987125
51.5127850198122 -0.150357124772375
51.5129616965004 -0.150467013418785
51.5129759868067 -0.15044397628658
51.5129787362809 -0.15020787401118
6 4
51.5146352076169 -0.148583245734008
51.5146270625944 -0.148864612628688
51.5147016381466 -0.148924689037212
51.5147396728717 -0.148657439145054
51.5147356617299 -0.148653917985858
51.5146352076169 -0.148583245734008
7 4
51.5183524838093 -0.150061229891038
51.5183602145074 -0.14995288994176
51.5183457235267 -0.149792209578556
51.5183375946857 -0.14978980564763
51.5182705707004 -0.149917780209369
51.5183066050496 -0.150099216533734
51.5183524838093 -0.150061229891038
4 4
51.5166714690602 -0.149275377148263
51.5167526579964 -0.149498233262039
51.5167857336581 -0.149218576082803
51.5166714690602 -0.149275377148263
6 4
51.5185508905487 -0.150289210422573
51.5185844011759 -0.150253626323632
51.5186116278863 -0.150161609172166
51.5185919121924 -0.150068641752885
51.518538198729 -0.150128575233924
51.5185508905487 -0.150289210422573
5 4
51.5188650892619 -0.151133216999967
51.518778388225 -0.151142194769701
51.5188491593794 -0.151217646072637
51.5188900897433 -0.151190794000604
51.5188650892619 -0.151133216999967
