334 8
51.5186190729177 -0.138279006078986
51.518618533871 -0.138279028059838
51.5185905417815 -0.138288250758882
51.5185234846007 -0.138356704699679
51.5184087456585 -0.138887494825979
51.5185943379132 -0.138907025359237
51.5185937322467 -0.138914180570913
51.518486040938 -0.139079006789394
51.5184815738903 -0.139103432580875
51.518390270596 -0.139139597733826
51.5183651844418 -0.139303670656692
51.518355588275 -0.139322125638328
51.5184396885999 -0.1394609516411
51.5184375801779 -0.139730451528575
51.5184954247494 -0.139783950270959
51.5185399879942 -0.139935321774555
51.518542588298 -0.139940563721236
51.5186116613839 -0.140016185396373
51.5184909160912 -0.140287666503416
51.5184632267064 -0.140293310359472
51.5183934552344 -0.140213319820421
51.5183899780355 -0.140198130909866
51.5183380414278 -0.140171368087212
51.5183272906109 -0.140173707486894
51.5182881929729 -0.140157236272581
51.5182372980343 -0.140082775839575
51.5182048768711 -0.139971435303684
51.5182159970911 -0.139918692211329
51.5182321651465 -0.139883807279613
51.518253795243 -0.139796528524342
51.5182852095082 -0.13973665987224
51.5182474856651 -0.139608422407923
51.5182295633971 -0.139453352033474
51.5180403051972 -0.139276386158771
51.5180482549595 -0.139103149069775
51.5179257039496 -0.138999999356736
51.5178330358902 -0.13919380179299
51.5178465369166 -0.139415839035185
51.5175582112712 -0.139363652993282
51.5175316361928 -0.139320527769711
51.5175253255282 -0.139291075133515
51.5174571021162 -0.139201042149625
51.5174142969301 -0.139081214423667
51.5174771944414 -0.138773234270155
51.5174757004481 -0.138769729998424
51.5174288525073 -0.138706753643879
51.517375622084 -0.138609812018408
51.5173928301882 -0.138487538258412
51.5174358176067 -0.138488518918256
51.5174798202698 -0.138411856221965
51.5173657697333 -0.138374199721791
51.5173651552532 -0.138335483310457
51.5174020371073 -0.138251980606228
51.517191269798 -0.13826057481799
51.5171760490038 -0.138292806458361
51.5171647158507 -0.138309430578821
51.5171266740181 -0.138263208743475
51.5170767781518 -0.13821212263395
51.5170620856311 -0.138000120442102
51.5169363354623 -0.137950345617432
51.5169358490492 -0.13791970531736
51.5169220994216 -0.137886040804762
51.5168882197262 -0.137564065370188
51.5168609807665 -0.137547113149741
51.5167986835667 -0.137518994247407
51.5166953487413 -0.137805209873572
51.5166552309412 -0.137871731077458
51.5166302974064 -0.137915053901457
51.5166252763844 -0.137921557027786
51.5164865458965 -0.137790315007063
51.5166146101721 -0.137572492677242
51.5166844789528 -0.137228223766465
51.5166741199524 -0.137204284788075
51.5164718665324 -0.137777366337668
51.5163368576406 -0.13773331798147
51.5162889712637 -0.138035332109123
51.5162546837134 -0.138152001211324
51.5162303940364 -0.13819624792812
51.5162301328876 -0.138321392776546
51.5162305425283 -0.138335874053809
51.5161666302658 -0.13857983527859
51.5161298749943 -0.138693989859827
51.5161550725227 -0.138735268201249
51.5162835673631 -0.138935378918403
51.5163348160315 -0.139020753460478
51.5163435638595 -0.139033825407845
51.5163448102462 -0.139050055165611
51.5163417878087 -0.139142870568044
51.5163321106929 -0.139246890080466
51.5163201223583 -0.139318561470915
51.5162892125576 -0.139404551171141
51.5162837654318 -0.139418201607234
51.5162530685686 -0.139500617415015
51.51603679407 -0.139541753123702
51.5159706965296 -0.139744445958822
51.515622564899 -0.139639794845475
51.5155329379325 -0.13957761244193
51.5154766098702 -0.139925833003451
51.515772333989 -0.139860667013482
51.5157787559065 -0.139766763652356
51.5159590456024 -0.139786394105993
51.5159499167829 -0.139856997587052
51.5159337938255 -0.139951415310588
51.5159716318769 -0.140103884328354
51.5159990215044 -0.140232417931011
51.5159627089784 -0.14029521590877
51.515934854689 -0.140318810223611
51.515734241319 -0.140054968536257
51.5156249693981 -0.140091861379005
51.5155056886161 -0.140041818743063
51.5155247864963 -0.140588628015463
51.5157087389868 -0.140385654280515
51.5158370970733 -0.14045255939227
51.51569722322 -0.140906855943277
51.5155959438425 -0.140909197046842
51.5155735331099 -0.14094160055232
51.5157058831417 -0.141396576780807
51.5157193838569 -0.141420269480535
51.5157413333662 -0.141421158562227
51.5159743671272 -0.141393728938564
51.5159460866995 -0.141560655072649
51.5159363312084 -0.141625817254392
51.5159158582211 -0.14168975190352
51.5159927143877 -0.141785732541411
51.5160531689809 -0.141907574053445
51.5161183305495 -0.14200308053011
51.5162204280984 -0.141933209761139
51.5162206694035 -0.141931417404294
51.5162534159926 -0.141853435666009
51.5162710004643 -0.141828477523967
51.516369891502 -0.141987496315473
51.516373533098 -0.142001727311082
51.5163850807305 -0.142015636595887
51.5165855507332 -0.14196422242301
51.5166120437684 -0.142070335152958
51.5166532212013 -0.142070560982099
51.5167247855519 -0.142116253316657
51.5167795464009 -0.142241893974874
51.5168158364504 -0.142285456774814
51.5168427828768 -0.142255601751472
51.5168406291148 -0.142119620527772
51.5168738643915 -0.142089509488561
51.5170060152071 -0.142129171644058
51.5170086673732 -0.142200128769835
51.5170167806688 -0.142241273070502
51.5170460112987 -0.142463499097054
51.5171596933636 -0.142324705736961
51.5172304173895 -0.142203821649188
51.5172344819273 -0.142193673836299
51.5172849949714 -0.142164642127689
51.5173061105257 -0.142271807255876
51.5173129312791 -0.142299456818517
51.517312190862 -0.142309469390985
51.5173116013561 -0.142334687170527
51.5173456171276 -0.142376560489824
51.517487698236 -0.142356400281539
51.5174890583333 -0.142396869082107
51.5174889816577 -0.142397704075473
51.5174675795983 -0.14255627425241
51.5174074628264 -0.142762290938232
51.5173660620427 -0.142855837387005
51.5174849986945 -0.143241980226078
51.5176165842649 -0.143314112349972
51.5177809080213 -0.143228163836255
51.5176388189205 -0.14269702538962
51.5174403999182 -0.142747403503962
51.5176324685049 -0.142625266991328
51.5176348582314 -0.142594509187523
51.5176778326846 -0.142498164608078
51.5178736639171 -0.14238656890284
51.5179147207144 -0.142424591092733
51.5179400533843 -0.142463134238931
51.5179749688254 -0.142522084630288
51.5179782317943 -0.142654340070401
51.5179811019853 -0.142716376834144
51.5183967102412 -0.142830195697161
51.5183514170214 -0.142604100376548
51.5183509607645 -0.142461746993178
51.5183948721857 -0.142430250078748
51.5185473819379 -0.142625838541144
51.5185734199902 -0.142737322574638
51.5185739124484 -0.142740035906177
51.5185741087483 -0.143019306461651
51.5186183873167 -0.143147281017123
51.5187700713615 -0.143194234487254
51.5189596733912 -0.143364906618998
51.5190231066547 -0.143521695607936
51.5190598594071 -0.143605887069757
51.5190603056365 -0.143645443706961
51.5194698030257 -0.144037855146857
51.5195672875798 -0.14407976614524
51.5196040045244 -0.144076490876219
51.5196377760252 -0.144142740634181
51.5197020916877 -0.144207630059272
51.5198655888187 -0.144273955051344
51.5198977388135 -0.144362733009378
51.5199890229748 -0.144353674632867
51.5201402987866 -0.144312347421055
51.5201405683108 -0.144312336465642
51.5201694202639 -0.14436880405456
51.5202757064272 -0.144489747974002
51.520411365932 -0.144467120346423
51.5204952315086 -0.144409636340945
51.5205056886462 -0.144439873814641
51.5205725377835 -0.14455695461872
51.5206494407505 -0.144627633264089
51.5207151969344 -0.144652890016477
51.5207539802444 -0.14464953112389
51.5207893797506 -0.144682320591153
51.5208248117426 -0.144694429276726
51.5208478999925 -0.144676376885849
51.5211400255078 -0.14480415181346
51.5211496550387 -0.144765015841738
51.5213100928106 -0.144689087982152
51.5215790829169 -0.14476372776396
51.5215823788709 -0.144761811072143
51.5216192181667 -0.144737851321654
51.5216720002408 -0.14493751350476
51.5218624703038 -0.145214420430037
51.5220481121664 -0.145060928803054
51.5221442136765 -0.145112051946594
51.5221551674235 -0.145156651481857
51.5221730663627 -0.145293672841905
51.5223704816508 -0.145464048600542
51.5224501771214 -0.14539865135467
51.5225139064177 -0.145466303858009
51.5225690136014 -0.145477614265451
51.5226241700715 -0.145537533345277
51.5227492461049 -0.145567632658048
51.5227431240166 -0.145180421378406
51.5228402942493 -0.145094464568617
51.5228514808508 -0.144983238976603
51.5229722316081 -0.144881942000097
51.5231280894336 -0.144840427369844
51.5230555936517 -0.145019990006535
51.5230313472008 -0.145357093005768
51.52321187296 -0.14565331151799
51.5233292823287 -0.145755748619187
51.5231964111097 -0.144823269443162
51.523403975927 -0.144612186956897
51.5234905461464 -0.144339224624606
51.5235431910663 -0.144302854326296
51.5239761106371 -0.144630293795087
51.5240063234847 -0.144596618063122
51.5240982629589 -0.144498271408918
51.5241415842247 -0.144327140055149
51.5240209463379 -0.143753690497694
51.5239784990234 -0.143491437446358
51.5237179368951 -0.143585827648299
51.5235679195403 -0.143439675418014
51.5234436076266 -0.143315892938727
51.5233577596011 -0.143174263496353
51.5233591440088 -0.143165174249095
51.523296868852 -0.142831706498794
51.5232734891903 -0.142802944139655
51.5232029778247 -0.142449013190818
51.5230470027034 -0.142318440851428
51.5230493490459 -0.142284947505242
51.5228771352027 -0.142088360423632
51.5228167857347 -0.142154759553799
51.5227398139531 -0.14213091259422
51.5226843725893 -0.142087173014713
51.522648647937 -0.1419544424576
51.5226065843831 -0.141920974225677
51.5225844142663 -0.141764278345909
51.5225895158757 -0.141711775616168
51.5227261220421 -0.141493587053122
51.5227135945187 -0.141468900303432
51.5226540788764 -0.141389315097523
51.5226361373816 -0.141374713607732
51.5225552692801 -0.141621296874794
51.522356291108 -0.141318599709124
51.5223526824031 -0.141317795827126
51.5223166311122 -0.141312013740163
51.5221469801987 -0.141549611543261
51.5220655912835 -0.141638497691529
51.5217757603189 -0.141179173657199
51.5216900884346 -0.141173629457352
51.5215281947772 -0.140930637186898
51.5214483083959 -0.14080232408354
51.521461111143 -0.14076495933733
51.5215510864436 -0.140491862592157
51.5216078965926 -0.140258979784228
51.5215424755575 -0.140050805539062
51.5214776265509 -0.139895734319314
51.5214232373889 -0.139788014762502
51.5212149870163 -0.139717228370471
51.5212105333685 -0.139708496190977
51.5210202240961 -0.139572920085607
51.5210002323729 -0.139480082333735
51.5209112349417 -0.138890895160597
51.5208600569738 -0.138872301997871
51.5206888740113 -0.139160355008653
51.5206575194562 -0.139161633049917
51.5206422765227 -0.139181151098162
51.5205833790198 -0.139191633394285
51.5205803677565 -0.139194489619713
51.5205533903243 -0.139188339545209
51.5203481753277 -0.139240915031943
51.5203461988226 -0.139240995591747
51.5203068615912 -0.139243430850269
51.5203003314491 -0.139245479706926
51.5203001385783 -0.139244655642679
51.5202822215094 -0.139197609648638
51.5201753335675 -0.138976752867387
51.5204323175864 -0.138543776529332
51.5202910645571 -0.13834416927103
51.5201975883757 -0.138362361453508
51.5201374715119 -0.138380975945937
51.520065084201 -0.138589412226686
51.5194400247105 -0.1382671587663
51.519434151749 -0.138270963585453
51.5193411402024 -0.13801258659149
51.519300648428 -0.13791963826922
51.5192245452553 -0.137775019495159
51.5191540412651 -0.137671649183369
51.5189896906965 -0.13754049524641
51.5189609163611 -0.137534419641488
51.5189096766551 -0.137596882102244
51.5186811850488 -0.137899030218203
51.5186190729177 -0.138279006078986
51.5187521217533 -0.139514058248556
51.5186818384067 -0.139707901832006
51.5185360210715 -0.139719191170053
51.5185906675477 -0.139610719794888
51.5186629624931 -0.139487030222299
51.5187521217533 -0.139514058248556
51.5187757166554 -0.139516662021709
51.5188724980147 -0.139735191779203
51.5188543303486 -0.139819716143329
51.5187490468649 -0.140006072390507
51.5186918757839 -0.139739936792841
51.5187730214201 -0.13951677185353
51.5187757166554 -0.139516662021709
4 4
51.5237354207344 -0.146271722866063
51.5238991977804 -0.145104683122772
51.5234322582349 -0.144723592678685
51.5237354207344 -0.146271722866063
18 4
51.5160133846035 -0.139103135123861
51.5157707892881 -0.138675235116413
51.5157189939657 -0.138799033107314
51.515694418036 -0.138881911827242
51.5156941767774 -0.13888370417827
51.5156667078162 -0.139169551071257
51.5158236015522 -0.139318117695978
51.5160106597211 -0.13912404235723
51.5160120073391 -0.13912398743516
51.5160310868935 -0.139136638245246
51.5160365088983 -0.139115739917049
51.5160600590945 -0.139138190706736
51.5160501196372 -0.139095339694801
51.5160367068258 -0.139111216106018
51.516036314143 -0.13911479717129
51.5160214903448 -0.139115401317336
51.5160141931743 -0.139103102170245
51.5160133846035 -0.139103135123861
5 4
51.5158050478758 -0.147671052601291
51.5156487043663 -0.147380190560214
51.5153950824125 -0.147709311295547
51.5158569268769 -0.147887841676252
51.5158050478758 -0.147671052601291
13 4
51.5157121909997 -0.141465600535315
51.5157205796327 -0.14146169405572
51.5157203336081 -0.141451840804453
51.5157107323122 -0.141435951284403
51.5157085145052 -0.141437824074944
51.5157105174042 -0.141462103621062
51.5156372068819 -0.141465087589951
51.5154608625528 -0.141529899721852
51.5154540986708 -0.141715793456482
51.5154706828761 -0.141911432070069
51.5156172949172 -0.141955970510711
51.5156776696762 -0.141970625874364
51.5157121909997 -0.141465600535315
8 4
51.5171098729873 -0.138008985893945
51.5171764987008 -0.13801530054288
51.5172912470689 -0.137983644604631
51.5173045195509 -0.137953274815069
51.5171567576499 -0.13778544042942
51.5171497287404 -0.137795709527232
51.5170785296057 -0.137976989435423
51.5171098729873 -0.138008985893945
5 4
51.5161847175938 -0.138167450777884
51.516030198605 -0.138043983204771
51.5160408419085 -0.138284072046759
51.5160510121725 -0.138279141624247
51.5161847175938 -0.138167450777884
