308 8
51.5224070468239 -0.188489203155165
51.5224383132708 -0.188348312141238
51.5223852398552 -0.187188172585279
51.5222184939287 -0.187090324291471
51.5220981196808 -0.186456402273763
51.521993719477 -0.185820897935481
51.5220171888065 -0.185635271961689
51.521881834853 -0.185515383642081
51.5215579812164 -0.185216514437733
51.5215487881042 -0.184088051552583
51.5210519302296 -0.1836591645618
51.5210513488692 -0.183656454192945
51.5211291460834 -0.183281364767677
51.5211271392787 -0.182136344277874
51.5211227378921 -0.181765357277693
51.5215187375704 -0.181776682974407
51.5219536401295 -0.181079063204294
51.5223393026063 -0.181148437660139
51.5229192358281 -0.17992527551165
51.52291628298 -0.17991457764842
51.5236543849452 -0.178781464372839
51.523925547229 -0.178702185160546
51.5239593914563 -0.17858911071789
51.5239619375214 -0.17848096953772
51.5240515789311 -0.178047610404204
51.5241506842241 -0.177789540789582
51.5242367502219 -0.177693278445055
51.5242878724242 -0.177430942286817
51.5244889459523 -0.177006677347598
51.5245644190346 -0.176928783267438
51.5247386676209 -0.176965088122833
51.5248508702616 -0.176682242052063
51.5246075283203 -0.176127984956183
51.5243176985788 -0.17612245001893
51.5242726720249 -0.176053886173729
51.5244553518028 -0.175533957540729
51.524341328835 -0.175202507667243
51.5241836755493 -0.175048354312436
51.5241545061768 -0.175051422175821
51.5239620247845 -0.174883330102026
51.5238245999794 -0.175023962950706
51.5236484151526 -0.174782362678316
51.5233031735885 -0.174982648341675
51.5232573281348 -0.174925054387035
51.5232381953031 -0.174614066325764
51.523294316613 -0.174500099650195
51.5233443553164 -0.174151282959592
51.5230394771472 -0.173554473987857
51.5227656432713 -0.173952770014192
51.522515623127 -0.173570916872325
51.5226229618855 -0.173149451723202
51.5225774239238 -0.172869238507593
51.5222512456617 -0.173340939795226
51.5221468462093 -0.173275708351886
51.5220917357798 -0.173142780422561
51.5224034171035 -0.172617701116553
51.5223829727497 -0.172396029664057
51.5221622112915 -0.172092171188082
51.5220209482219 -0.172142039872153
51.521761216166 -0.171604660696103
51.5217045874596 -0.171605145996981
51.5215058274158 -0.171968940827636
51.5214565736427 -0.171675454458125
51.5212749399511 -0.171396184887898
51.5213767988799 -0.171183049855658
51.5213388219554 -0.171059423515026
51.5211537907913 -0.170965934153719
51.5208257936453 -0.171147481754227
51.5207351259952 -0.171080875224148
51.5206837717111 -0.170946852716341
51.520665038202 -0.170921575773436
51.5206220213249 -0.170861023479116
51.520563681117 -0.170809404528227
51.5205756217229 -0.170180108049785
51.5204704989646 -0.169884234114333
51.5200987379627 -0.169847795515479
51.5199109973723 -0.169477037823766
51.5198501822703 -0.169485774991182
51.5193663030254 -0.16956364687351
51.5193347023491 -0.169249621977868
51.5193249030558 -0.169168963661326
51.5194955203999 -0.16854056786325
51.5192540978792 -0.168359271279928
51.5191722512416 -0.16836255485835
51.5191528004329 -0.168245324040383
51.5191004047351 -0.168159957820098
51.5189745101861 -0.168117353177077
51.5187720374344 -0.168225423257879
51.5187042974132 -0.16815338950079
51.5187537202905 -0.167979323281606
51.5187197909616 -0.16775821263638
51.5186377821337 -0.167417338097828
51.5183959253062 -0.167783806779148
51.5180790159068 -0.167667701430424
51.5180399184903 -0.167403543873909
51.5179152236082 -0.167207590669896
51.5178801515148 -0.167137813519175
51.5178650880903 -0.167123087894373
51.5179883007555 -0.166453350419804
51.5179877787456 -0.166437209136115
51.5179301559597 -0.166322347066724
51.5178764169481 -0.166398423635298
51.5178694541832 -0.166413082867193
51.5177811439478 -0.167009400817273
51.517581610012 -0.166712945822496
51.5174528239048 -0.166491135048373
51.5176427667499 -0.166346485905492
51.5177238968816 -0.166251364836005
51.5177619259314 -0.166165223782396
51.5177658663012 -0.166147001918002
51.5177800721019 -0.165986116833424
51.5175805358522 -0.1657644161068
51.5176042003364 -0.165576056223984
51.5175104223332 -0.165276309616074
51.5170656432772 -0.165503098928562
51.5170622689849 -0.165327592446073
51.5170605915412 -0.164996221628317
51.5170185064865 -0.164960954518528
51.5168564075817 -0.164793610530666
51.5164328885505 -0.164856503727122
51.5164129932732 -0.164716839225491
51.5160383877566 -0.164464279724197
51.5159946867413 -0.164383208562542
51.5158746005162 -0.164171876057668
51.5157476673744 -0.16413194129084
51.5157337219699 -0.164091028843489
51.5157282861893 -0.164076868462808
51.5157269063301 -0.164063376844945
51.5156912482823 -0.163749543688149
51.5159062271753 -0.163372510842337
51.515631995454 -0.163077187286166
51.5154584618349 -0.1635174353717
51.5153210735467 -0.16352747668699
51.5151458663815 -0.162919326431695
51.515088201345 -0.162876608874737
51.5150518053245 -0.16282578691007
51.5150350575897 -0.162726522676073
51.5146812673111 -0.16239127425212
51.5146706925302 -0.162347494504619
51.5146394473437 -0.162235267952008
51.5148357574088 -0.161975205838154
51.5148482191366 -0.161955809945719
51.5147690524012 -0.161694120675566
51.5147543816882 -0.161675817054059
51.5146182173827 -0.161689379371512
51.5144615417712 -0.161965908383142
51.5143242497444 -0.161844404750163
51.5140827319008 -0.161611832578929
51.5140755609029 -0.161595960406335
51.5140834742481 -0.161555952613293
51.5141100655448 -0.16111889465932
51.5140449388873 -0.160783802831113
51.5139984470377 -0.160719843714654
51.5140508476591 -0.160237660340336
51.5138665146426 -0.160109027267184
51.5138507350712 -0.160123209603036
51.5139346664002 -0.160699953915638
51.5135909657726 -0.160612912130617
51.5128881445792 -0.161049272880391
51.511210643039 -0.160780792266639
51.510981507624 -0.160971104795177
51.5101300223236 -0.161805167370293
51.5098850802262 -0.161956420668878
51.5097604636427 -0.161811961997104
51.5062775356803 -0.159905040536301
51.5059824526593 -0.160464518105773
51.5055837872559 -0.16136129572902
51.5053670514759 -0.16195276943582
51.5052132679131 -0.162580317371129
51.5046808734368 -0.165468270399645
51.5048940319418 -0.168235373198038
51.5053830201721 -0.169832254813462
51.5051882142153 -0.170097632830904
51.5036031646453 -0.172534089346409
51.5032417399107 -0.176349840844567
51.5032483507565 -0.17641075972392
51.5035074893458 -0.177836852350051
51.5038753212149 -0.178772248627287
51.5059023735942 -0.181548176015287
51.5065149419682 -0.181536382767749
51.5068584300763 -0.182602579543503
51.5076079817049 -0.184046152362042
51.5078563071687 -0.184855022478943
51.5080700528278 -0.185765078621685
51.5082155856049 -0.188201050580695
51.5090347064962 -0.190009498231193
51.5090537065904 -0.190792339643494
51.5090518997225 -0.190949130078399
51.5093399169584 -0.191338492207326
51.5096173086397 -0.192665871725623
51.5095902563853 -0.193150649478891
51.5095647592173 -0.193246237092878
51.5100223073316 -0.19369913467449
51.5098353263257 -0.194155069281733
51.5095953541354 -0.194176320650296
51.5095702084565 -0.194265596453933
51.509695657839 -0.194840587403295
51.5096784834576 -0.195009750129261
51.5097358782412 -0.195164202957192
51.5096722294398 -0.195281021092229
51.5095671523621 -0.195673469427086
51.5096877996002 -0.195989274068403
51.5091431033797 -0.196047740906093
51.5090886955837 -0.196210173248857
51.5091048412379 -0.196277973888375
51.5093883391327 -0.196509046109074
51.5093459752523 -0.196916954628147
51.5093487276188 -0.196967343238162
51.5097650331755 -0.196726579565063
51.509843137984 -0.196900891574641
51.5102524378842 -0.196707334881213
51.5103369843688 -0.197271479372264
51.5107848179558 -0.197450094142833
51.5108933484622 -0.196890084143059
51.5108949656574 -0.196890020293835
51.5114403033558 -0.197569304604943
51.5115847238764 -0.19753116603013
51.5117537988783 -0.197757743128481
51.5123849070012 -0.197250050855745
51.512396586744 -0.197249589789775
51.5125992238191 -0.196676812578887
51.5130438720028 -0.196425996967875
51.5133231778982 -0.196799610262372
51.513855150784 -0.195831894561936
51.5138325274256 -0.195722871748028
51.5141017095624 -0.195105136027011
51.5146917110335 -0.195829500634542
51.5147784577156 -0.195834985600993
51.5149531574051 -0.195591251557141
51.5151363197845 -0.195751567123379
51.515319686327 -0.196082994926204
51.5152811297541 -0.196393482777409
51.5154173963271 -0.19677811003562
51.5155076149858 -0.196822318185105
51.5155642885358 -0.196953411122184
51.5155087271541 -0.197672644209126
51.5153083602077 -0.197703012180952
51.5152487195337 -0.197788311241843
51.5151303005973 -0.198067724894313
51.5152973711002 -0.198585302462666
51.5153096395562 -0.198605614170318
51.5152705845374 -0.198854801817875
51.5154089937835 -0.199303402627559
51.5153982884267 -0.199420043291231
51.5158398989409 -0.199603458714579
51.5159061911261 -0.199248620477543
51.516435891436 -0.199197070867947
51.5164415303044 -0.199564406793594
51.5167065135933 -0.199960259275249
51.5167067206196 -0.199962033657057
51.5167456778995 -0.200022649262358
51.517164426566 -0.200227773297618
51.5173264823364 -0.199598912910481
51.5174301143748 -0.199538972650601
51.5175766709252 -0.199107038670574
51.5177934584588 -0.199045366947368
51.5180698627943 -0.198083151850276
51.518423801911 -0.198294386485735
51.5185093745629 -0.198258566087908
51.5189501883031 -0.198858317291361
51.5190030660734 -0.199076089369869
51.5191846616767 -0.199064410263188
51.519439417099 -0.199274102568961
51.5195922334635 -0.199718493040996
51.5196221586191 -0.19970019952777
51.5199578237536 -0.199728440166993
51.520178984231 -0.199992706860679
51.5201879612339 -0.200032879169931
51.5207207212641 -0.20033894041846
51.5210124757947 -0.199942730282667
51.5206307844596 -0.198801879232943
51.5205751005949 -0.198471663005918
51.5205802217452 -0.198424635468655
51.5206349006583 -0.198180149788512
51.5208596845019 -0.197585718691688
51.5208040799938 -0.197331085763529
51.5207886119236 -0.19720203457628
51.5208968958339 -0.196871641926678
51.5209839586659 -0.196722258664973
51.5213074183555 -0.196430188671648
51.5216165595892 -0.195972885790975
51.5215939934182 -0.195423387763175
51.5215706507788 -0.195349435627584
51.5216788369754 -0.19510650970014
51.5217063457009 -0.194995486503284
51.5217477647748 -0.194666775244221
51.5217377953771 -0.194556401847743
51.5217020636038 -0.19434341081012
51.5219386220104 -0.194176340381931
51.52223230012 -0.193550265243813
51.5221934488084 -0.193304117955705
51.5224362539759 -0.192620622041786
51.5225467601471 -0.192481944689462
51.5226049974756 -0.192194988991954
51.5228579930731 -0.19165976145994
51.5227917841217 -0.191458671540039
51.5228027016729 -0.190726703554211
51.5228250535173 -0.190083539865047
51.522781760551 -0.189986965566114
51.5229227385859 -0.189120170138413
51.5226764545358 -0.188808207707374
51.5225415160742 -0.188645148728299
51.5224070468239 -0.188489203155165
51.5168678166579 -0.165172361325007
51.5166529633787 -0.165327877218007
51.5166495816203 -0.165324329167939
51.5169057512268 -0.165103218519044
51.5168678166579 -0.165172361325007
8 4
51.5155201463134 -0.16269167475667
51.5156135131707 -0.16237360215255
51.5156055746222 -0.162360374571624
51.5153709426425 -0.162440998415307
51.5153565305873 -0.162479367373858
51.5153971316649 -0.162810110412834
51.51548918516 -0.162781213922684
51.5155201463134 -0.16269167475667
5 4
51.5159583386731 -0.164071183598559
51.5161501771198 -0.16414546647127
51.5164806870801 -0.164182564175797
51.5160342300684 -0.163957377930466
51.5159583386731 -0.164071183598559
5 4
51.5196721677915 -0.168839743623192
51.5196794560071 -0.168828636458912
51.5196709234894 -0.168811865096822
51.5196650469642 -0.168832779723809
51.5196721677915 -0.168839743623192
