51.508256976415 -0.244200122529189
51.5080697778904 -0.244083990606432
51.5078118151788 -0.244020956651016
51.5076175163302 -0.244229218442919
51.5071955906729 -0.245338377500831
51.5068827977952 -0.245251780928378
51.5066874071247 -0.246469242689859
51.5063183545171 -0.246425788035227
51.5062260483116 -0.246661601774382
51.5054789096643 -0.246439479423064
51.5054640382203 -0.246400844237761
51.505314598364 -0.246266627714936
51.5052847425694 -0.246296049712787
51.5043507676157 -0.245987969193113
51.5043454794453 -0.246007061976785
51.5043678027943 -0.246195339910242
51.5045245307078 -0.246576504489458
51.5049271372642 -0.246910099459867
51.5049584258827 -0.247475835927405
51.5048256138899 -0.247539858285942
51.5043362622849 -0.247453252529747
51.5041364611673 -0.247600511027758
51.5041915262765 -0.248331888068223
51.504373444719 -0.248377661100931
51.504491932514 -0.24840186827126
51.5046832018197 -0.248592224459047
51.5048784128137 -0.249197178383017
51.5049032546026 -0.249494307462819
51.5047469294516 -0.249657476061153
51.5046882806038 -0.249721382670915
51.5046313676092 -0.249751007036526
51.5045409871171 -0.250827506027323
51.5040061610511 -0.250789890198948
51.5039445141786 -0.251297873119316
51.5039609276943 -0.25139181144549
51.5039465244937 -0.251625690399469
51.5032750097536 -0.25201337553109
51.5031509435195 -0.251807846337284
51.5026753650754 -0.251867030838861
51.5026412253141 -0.251952921993774
51.5025518335056 -0.25215580530876
51.5026625355698 -0.25280995348009
51.5023079707107 -0.25385990704539
51.5022914041269 -0.253906515034171
51.5024037372965 -0.254187693720536
51.5026407444275 -0.254431678117121
51.5026419460137 -0.254433889383159
51.5033534528292 -0.255041573566469
51.5034177714177 -0.255322337979105
51.5033869465237 -0.255921439345231
51.503601500268 -0.256650885387699
51.5038705610728 -0.257080065991525
51.5039214627783 -0.257105567233673
51.5040140066168 -0.257156566742165
51.5047617060767 -0.259203788861717
51.5044139963882 -0.259804640502683
51.504111668114 -0.261089601908595
51.5036766661022 -0.261587899928061
51.5038485768032 -0.262202335344197
51.5046378877023 -0.263362011058482
51.5050543944564 -0.263453695347942
51.5051963417351 -0.264194515545432
51.5046583160741 -0.264803038972538
51.5042114425753 -0.264609257009678
51.5041602698675 -0.264613933433041
51.503808687775 -0.265179717205078
51.503788212306 -0.265272328443485
51.5033402726366 -0.265717613677912
51.5031433938376 -0.266246500758025
51.502741897683 -0.266300466210087
51.5025717592993 -0.266558537966061
51.50237708723 -0.267419606551213
51.5022623284784 -0.267428472988421
51.5017806685386 -0.267070392167417
51.5014961835644 -0.267091518128815
51.5014300340853 -0.268163780510198
51.5012092451921 -0.268474364049567
51.500928309988 -0.268254906983997
51.500746998384 -0.26831666206867
51.5003609009369 -0.268865744221419
51.5004589347716 -0.269477971089651
51.4998098289176 -0.26965793546582
51.4997900324102 -0.269638371900377
51.4994558672535 -0.269606956117692
51.499200797988 -0.269739088256896
51.4990580281863 -0.270469703336734
51.4991225583485 -0.270730735649378
51.4989414244808 -0.271530388553504
51.4983063878828 -0.271707528082723
51.4982887395531 -0.271736110631249
51.4981285205975 -0.272247252358996
51.4976452457069 -0.272523053161663
51.4970031414529 -0.274198780488371
51.4969180811798 -0.274234302229374
51.4966979075309 -0.278062205448018
51.496709843215 -0.278195505391795
51.4958905392696 -0.278920057030853
51.4956132982134 -0.278987750881532
51.4953359260582 -0.279683792179115
51.4937198086812 -0.281491338558017
51.4937262746494 -0.281601318840855
51.4941311338442 -0.282439265317741
51.4940123636597 -0.285565636473558
51.4960697380297 -0.287409498084686
51.4965222772089 -0.288012463191177
51.4965549075074 -0.289910216556006
51.496829062054 -0.291746203704089
51.4971809042367 -0.292183242034187
51.4977113241124 -0.292431753754453
51.498808431681 -0.291597960199204
51.5003216295915 -0.288979505169146
51.5001448537669 -0.286181568224828
51.4999743841788 -0.285583314119467
51.5007602500001 -0.285495735292975
51.5013747909411 -0.286006182286474
51.5018056177503 -0.285325948494627
51.5023000377737 -0.285908982550059
51.5023542833918 -0.285899225452641
51.5026064942503 -0.288321681988971
51.5029464129366 -0.287836125651297
51.5035418292861 -0.287437449773542
51.5045800574657 -0.288823218498579
51.5045859223252 -0.288978750063667
51.5050155848894 -0.290442723377501
51.5051783237011 -0.290302502346616
51.5061444232997 -0.288007576140917
51.5061366047464 -0.287281123998303
51.5061558891034 -0.28724119446895
51.5066275792301 -0.285868613240453
51.5064977916579 -0.285169187302526
51.5075799362545 -0.284606623447671
51.508104258451 -0.283884036895184
51.5081808533857 -0.284000922439844
51.5083509011096 -0.285073952337076
51.5085063953089 -0.285385584265384
51.5085306393297 -0.285340594282129
51.5094339971485 -0.284656401014344
51.5094357901886 -0.284649917606374
51.5097175862495 -0.284389462533265
51.5098028670347 -0.284442578447538
51.5103356749171 -0.285486702875393
51.5108079934668 -0.284281369795455
51.510956090793 -0.284382150243486
51.5114121355054 -0.285371553585851
51.5114706311497 -0.285381952533466
51.5120625056562 -0.284698600708682
51.512439562242 -0.284743375406849
51.5126352772039 -0.284891446955885
51.5127721502433 -0.284925518789081
51.5130190929789 -0.284605397578785
51.5138405191419 -0.284730444048958
51.5139701671887 -0.283385671090018
51.5142181137896 -0.283214268531336
51.5143476684385 -0.282938705797472
51.5153541508767 -0.28279046600602
51.5157451729507 -0.283697307642196
51.5157769575299 -0.284173938864921
51.5156930866936 -0.284567573506384
51.5156729799553 -0.285719576256319
51.5157793544125 -0.28618889295146
51.5157488182072 -0.28718181492894
51.5157983553528 -0.287927176218995
51.5159553696862 -0.288121760515462
51.5160182558091 -0.288137346778232
51.5169017678637 -0.289123119366242
51.5170676173919 -0.289103833276023
51.5180315615276 -0.288368587908757
51.5180662878915 -0.28821018164625
51.5186809395396 -0.287749687554647
51.5186842606745 -0.287718545739285
51.5187446294833 -0.287463152027519
51.5189760117169 -0.287258980212224
51.5195595683062 -0.285765582712229
51.5196972541105 -0.285867609388743
51.5204706932819 -0.284720954610171
51.5206238925773 -0.284752635176143
51.5209946560446 -0.284004474049125
51.5216696215372 -0.283808795132216
51.521705767663 -0.283760134831392
51.522960617808 -0.28420666859519
51.5233015821583 -0.283498805917332
51.5234684435485 -0.283407433361744
51.5239125377224 -0.282952876697883
51.5249651912208 -0.284172329195337
51.5249730832227 -0.284183323924203
51.5258934918113 -0.283577490995269
51.5260948220306 -0.283095552333921
51.5261455067698 -0.282867099501287
51.5283616082241 -0.284276678073447
51.5288535798999 -0.281731197961827
51.5284564290543 -0.281443873788433
51.5277226996516 -0.280083052278018
51.5276708599081 -0.279171776328039
51.5271765428252 -0.278089390275397
51.5264135766476 -0.277715472898075
51.526556241661 -0.275035365822806
51.5258985628832 -0.274363823800665
51.5266918572476 -0.271423160720137
51.5258558057941 -0.270355612605767
51.5257655885707 -0.27006568756701
51.5256794659412 -0.269955916933207
51.5253757922033 -0.268932174751518
51.5253811657373 -0.267944143553788
51.5253748057007 -0.267921326462774
51.5253872741127 -0.267578542730893
51.5252025079728 -0.266578714075759
51.5251740985402 -0.266548176843666
51.5241551706093 -0.264005226442992
51.5243082481502 -0.263032281080371
51.5242642429409 -0.2627803189273
51.5242640445544 -0.262748711047291
51.5244190820569 -0.262187874936954
51.5241059532302 -0.261143415628361
51.5241005479904 -0.258603341853384
51.5240675749808 -0.258538041133154
51.5238242592359 -0.258455805699581
51.5230907121176 -0.257409843180813
51.5230316828109 -0.257133745369517
51.5231024153932 -0.256636501534288
51.5223847069838 -0.254414312781699
51.5221837592827 -0.254261549210751
51.5220484810346 -0.252904114307366
51.52208597556 -0.252765764831645
51.5231894048787 -0.24727735996271
51.523216323485 -0.247195744454326
51.5232027445316 -0.247087159277326
51.5194193152959 -0.249086840780418
51.5194152893586 -0.249082122627422
51.5181266614464 -0.249146393864725
51.5179808035858 -0.249480813971689
51.5178206875728 -0.250209371218576
51.5171907262129 -0.250290672981875
51.5171897113256 -0.250288929321007
51.5170173215243 -0.248905625764512
51.5168651223468 -0.248628514239866
51.5167259362388 -0.248765403794493
51.5165318004855 -0.249689899474151
51.5161961936084 -0.249929737148914
51.5159783493592 -0.249862032786326
51.515622694428 -0.248927141588036
51.5154752232639 -0.248828224304052
51.51528016451 -0.249004208172682
51.5143639295983 -0.248221913146031
51.5140310966578 -0.24846069284937
51.5139612472863 -0.248358446511622
51.5135980801916 -0.248161220318463
51.513377618581 -0.2479183587294
51.5131794743876 -0.247953885002378
51.5126589183009 -0.246831710303352
51.5123862434032 -0.247023266281199
51.5118754572642 -0.246074108818761
51.5116012692067 -0.245971995420333
51.5115260818401 -0.245975833699747
51.5114118862353 -0.245739724295829
51.5110015754987 -0.245588422919798
51.5104810287827 -0.246030821893648
51.5104196511365 -0.246032347302584
51.5100317982877 -0.246264679447048
51.5098533139561 -0.24581135191217
51.5097873492245 -0.245211718159713
51.5088087975468 -0.244946692210938
51.5085417982756 -0.245054735876349
51.5084697706501 -0.244927283089051
51.508256976415 -0.244200122529189
51.5230955180386 -0.259350275465045
51.523812512664 -0.260893827781594
51.5231166980977 -0.260505422922915
51.5229351052522 -0.260123578831926
51.5227923640709 -0.259797424134951
51.5229958146514 -0.259410412812761
51.5230955180386 -0.259350275465045
