51.4931772706457 -0.244940251110646
51.4930965987948 -0.24498610791134
51.4928265537289 -0.245395319489199
51.4921608330941 -0.245291654785167
51.4920864011953 -0.245412096363983
51.4916985077936 -0.245034808118239
51.4910362706353 -0.24513993131188
51.4910265892984 -0.246169434120709
51.4900257943138 -0.246028144491882
51.490111997949 -0.24501199684976
51.4896434586374 -0.244742457250994
51.4896238595277 -0.2443519976777
51.4894697519985 -0.244092359344565
51.4894738816513 -0.243905858848082
51.4891436835045 -0.243401566340225
51.4886304357238 -0.244517113095625
51.4885552273436 -0.244663704028398
51.4878862833905 -0.245966900932966
51.4874964230577 -0.246726364943168
51.4871974070472 -0.247308826330242
51.4868960035562 -0.247827954765119
51.4868467490583 -0.247912854518053
51.4865435061254 -0.248327064150207
51.4860007169932 -0.24906871051953
51.4859844002612 -0.249071710622211
51.4858034821902 -0.249105004037666
51.4850786264658 -0.24958046698059
51.4850059808213 -0.249628137310233
51.4848123470725 -0.249755135312289
51.484164230099 -0.250180258389804
51.48376164904 -0.250444329787283
51.4836523241281 -0.250516082157321
51.4835414841576 -0.250588723398224
51.4832903023296 -0.250684784262138
51.4829189799898 -0.25082664626551
51.4826891616613 -0.250914524775944
51.4826205112264 -0.250940781864952
51.4820015391932 -0.251011722710879
51.4818991402874 -0.251023477204016
51.4814894547829 -0.251070498031453
51.4809714931525 -0.251102898382731
51.4808964972208 -0.251107548275521
51.4795233552645 -0.250948716711479
51.4792120398403 -0.250912774161567
51.4785948406131 -0.250945882991055
51.4782775724735 -0.250962887314392
51.4775061185719 -0.251093200775337
51.476863111506 -0.251360956677989
51.4766302822319 -0.251457958810342
51.4757827746187 -0.251907935448489
51.4756231099827 -0.25202220076522
51.4746432345842 -0.252723215174385
51.4745282216594 -0.252805493680037
51.4741850384684 -0.253104494718523
51.4739259888707 -0.253330349402538
51.4738124807756 -0.253429188910555
51.4732320753722 -0.253934911327664
51.4729248463273 -0.254517573141643
51.4726198867716 -0.255095866495556
51.472246885275 -0.256164685489369
51.4722132545244 -0.256260824845717
51.4719730313098 -0.256949175612971
51.4717392495002 -0.257744595131829
51.4716477731486 -0.258055916135086
51.4714648534009 -0.259056312855812
51.4714597635083 -0.259222117785862
51.4714508956969 -0.259514975640405
51.4714397187219 -0.25988247590438
51.4714103814335 -0.260843898347103
51.4714227044795 -0.26142027842051
51.4714396346361 -0.262210650241313
51.4714551940605 -0.262338511527574
51.4716035194416 -0.263557808592683
51.4716302990862 -0.263654259391898
51.4719775660281 -0.264904601309521
51.4721733666357 -0.265609608493819
51.472321700452 -0.265998726711705
51.4726224789403 -0.266787737139051
51.4731161267663 -0.26784737967443
51.4736005776789 -0.268887566202944
51.4736038257181 -0.26889444791955
51.4738483692538 -0.269419566832111
51.4755330191634 -0.271458251313774
51.4755338382933 -0.271458932719855
51.4764903913024 -0.272235960463562
51.4775912458355 -0.273130340557014
51.4779722060845 -0.273439741988578
51.4780085682625 -0.273467102728964
51.4787627774139 -0.273873674550058
51.4795213345854 -0.274282588870487
51.4795313933317 -0.274288027408188
51.4806574038443 -0.274846358586909
51.4817202917219 -0.275373374313734
51.482004374949 -0.275514295223675
51.4822036034072 -0.275613057533377
51.4824958769256 -0.275950316048015
51.4828805117433 -0.276394056308568
51.4831547628545 -0.276869276513899
51.4834929384834 -0.277455261115774
51.4834987488602 -0.277465254577122
51.4841145507505 -0.277758996187081
51.4841931008038 -0.277892243803935
51.4843850519095 -0.278217990761056
51.4847773401899 -0.278883664805181
51.48498929252 -0.279243224097572
51.4852439448531 -0.279792728653551
51.4852564783098 -0.279819807773543
51.4854446573795 -0.280225870915191
51.4857549166225 -0.280895612139349
51.4857738529427 -0.280936345357782
51.486082435272 -0.281602358988804
51.486264386724 -0.281994895021527
51.4864691784533 -0.282437047381443
51.486689375241 -0.282912233190853
51.4867279802085 -0.283111363672599
51.4868974678262 -0.283985584401244
51.4869429746812 -0.284220322385074
51.4869898756528 -0.284630294861234
51.4870151349061 -0.284851423971952
51.4871826386629 -0.28605825373714
51.4873016067474 -0.286915741973611
51.4873130544796 -0.286997850105142
51.4873134572179 -0.287000803974976
51.4874460256953 -0.288076066327603
51.4874560486553 -0.288762829659429
51.488233981035 -0.288568746989775
51.4884292568339 -0.288181874072501
51.4885164772365 -0.287912225306142
51.4884511016531 -0.28721516911894
51.4885021875517 -0.286859820343284
51.4886106176728 -0.286651485976663
51.4885974628455 -0.285751289218619
51.4895264884214 -0.286330813560242
51.4897332173204 -0.286955960289813
51.4898771210426 -0.287169807354582
51.4902495870186 -0.287035657802869
51.490465217184 -0.285655108305531
51.4904714007539 -0.285647631597227
51.4906753072672 -0.284566802227574
51.4908650531589 -0.284355874995584
51.4921881898267 -0.285106961032882
51.4922177486306 -0.28513649488466
51.4925057174982 -0.285261208377743
51.4925980499702 -0.285458469167387
51.4940123636597 -0.285565636473558
51.4941311338442 -0.282439265317741
51.4937262746494 -0.281601318840855
51.4937198086812 -0.281491338558017
51.4953359260582 -0.279683792179115
51.4956132982134 -0.278987750881532
51.4958905392696 -0.278920057030853
51.496709843215 -0.278195505391795
51.4966979075309 -0.278062205448018
51.4969180811798 -0.274234302229374
51.4970031414529 -0.274198780488371
51.4976452457069 -0.272523053161663
51.4981285205975 -0.272247252358996
51.4982887395531 -0.271736110631249
51.4983063878828 -0.271707528082723
51.4989414244808 -0.271530388553504
51.4991225583485 -0.270730735649378
51.4990580281863 -0.270469703336734
51.499200797988 -0.269739088256896
51.4994558672535 -0.269606956117692
51.4997900324102 -0.269638371900377
51.4998098289176 -0.26965793546582
51.5004589347716 -0.269477971089651
51.5003609009369 -0.268865744221419
51.500746998384 -0.26831666206867
51.500928309988 -0.268254906983997
51.5012092451921 -0.268474364049567
51.5014300340853 -0.268163780510198
51.5014961835644 -0.267091518128815
51.5017806685386 -0.267070392167417
51.5022623284784 -0.267428472988421
51.50237708723 -0.267419606551213
51.5025717592993 -0.266558537966061
51.502741897683 -0.266300466210087
51.5031433938376 -0.266246500758025
51.5033402726366 -0.265717613677912
51.503788212306 -0.265272328443485
51.503808687775 -0.265179717205078
51.5041602698675 -0.264613933433041
51.5042114425753 -0.264609257009678
51.5046583160741 -0.264803038972538
51.5051963417351 -0.264194515545432
51.5050543944564 -0.263453695347942
51.5046378877023 -0.263362011058482
51.5038485768032 -0.262202335344197
51.5036766661022 -0.261587899928061
51.504111668114 -0.261089601908595
51.5044139963882 -0.259804640502683
51.5047617060767 -0.259203788861717
51.5040140066168 -0.257156566742165
51.5039214627783 -0.257105567233673
51.5038705610728 -0.257080065991525
51.503601500268 -0.256650885387699
51.5033869465237 -0.255921439345231
51.5034177714177 -0.255322337979105
51.5033534528292 -0.255041573566469
51.5026419460137 -0.254433889383159
51.5026407444275 -0.254431678117121
51.5024037372965 -0.254187693720536
51.5022914041269 -0.253906515034171
51.5021318558182 -0.253750929567432
51.5020639504856 -0.253712540054048
51.5018240856522 -0.253294872040678
51.5016070214573 -0.25309836643102
51.5013613693231 -0.253113105146292
51.5012778775251 -0.25303622952682
51.5011525245301 -0.252551112281368
51.5007269036816 -0.252373282174146
51.5004961228685 -0.252426776120692
51.5004312797404 -0.252400864822661
51.5003068768499 -0.252208902451897
51.5002308832697 -0.251929439583398
51.5002279674661 -0.251926818914653
51.4996789530565 -0.250455332137081
51.499156052532 -0.250566347827015
51.4989420802377 -0.250818533684606
51.4988776153094 -0.250860202000414
51.498873399583 -0.250860838543975
51.4983931576722 -0.250227671789219
51.4980904569925 -0.249142502916028
51.4973392837743 -0.249806192649405
51.4970332147024 -0.249230290029954
51.4966138707241 -0.24910595539444
51.4964472982153 -0.248149365938934
51.4964494545463 -0.248131228283187
51.4956108694345 -0.247859536881172
51.4952724837791 -0.247564159400073
51.4952723797417 -0.247563213151864
51.4952928473648 -0.247290541259594
51.4948782086428 -0.246657200180803
51.4948213414099 -0.246425269502136
51.4948155536788 -0.245803804508601
51.4948091813079 -0.245786469898894
51.4941566796006 -0.24564095389523
51.4939875522588 -0.245392671210292
51.4939844508817 -0.245371648083893
51.49373600468 -0.244959295681807
51.4931832452198 -0.244930994812251
51.4931772706457 -0.244940251110646
