51.5050155848894 -0.290442723377501
51.5045859223252 -0.288978750063667
51.5045800574657 -0.288823218498579
51.5035418292861 -0.287437449773542
51.5029464129366 -0.287836125651297
51.5026064942503 -0.288321681988971
51.5023542833918 -0.285899225452641
51.5023000377737 -0.285908982550059
51.5018056177503 -0.285325948494627
51.5013747909411 -0.286006182286474
51.5007602500001 -0.285495735292975
51.4999743841788 -0.285583314119467
51.5001448537669 -0.286181568224828
51.5003216295915 -0.288979505169146
51.498808431681 -0.291597960199204
51.4977113241124 -0.292431753754453
51.498591009317 -0.293966164460987
51.4989509560933 -0.298155110360434
51.4991060243321 -0.298520312678112
51.4991455694547 -0.298959666444223
51.4984431259549 -0.301175185188624
51.4978055006396 -0.301474473931409
51.497522041167 -0.301293648254513
51.4975130115207 -0.301290895532671
51.497407987513 -0.301227211460025
51.4970847431253 -0.299913839865513
51.4966120891022 -0.299568544345808
51.4961033990474 -0.297123951538954
51.4956234791759 -0.297994081797121
51.4947439071249 -0.298210114961101
51.4948934633768 -0.29974497796915
51.4952561575639 -0.299909414284046
51.4955359931868 -0.300491357820733
51.4955393639203 -0.30055026597259
51.4957210798831 -0.301297168206408
51.4945665554176 -0.301796069698964
51.4945368475768 -0.301917376065117
51.4945878649199 -0.302224776199015
51.4940390202802 -0.303086930112784
51.4941965141507 -0.303552504676041
51.4947924418793 -0.303732423269665
51.4948851759682 -0.304693339264458
51.4942910961342 -0.305082753301459
51.4940849474079 -0.305604460878875
51.4943353619353 -0.306111972797016
51.4940926023135 -0.306893964124825
51.4936848086748 -0.306998628282422
51.4935208162095 -0.307171700216631
51.4940609712056 -0.307785597903232
51.4937849606934 -0.308687581142968
51.4938441855483 -0.309228785731975
51.4934786712831 -0.309291837386745
51.4930276851163 -0.30916302449588
51.4927669981448 -0.309937563209974
51.4930135849308 -0.310929581933785
51.4929807759394 -0.311198271087294
51.4922955803566 -0.311223590458427
51.4920989948668 -0.311574695409386
51.4919612033536 -0.31226948465253
51.4914776040068 -0.313229061909551
51.4923762313276 -0.314317690907325
51.4925025418595 -0.314386789268509
51.4926808839025 -0.314285668993529
51.4937878396377 -0.314745474321556
51.4940968967582 -0.315739751640006
51.4935996439219 -0.316983948520095
51.4938284531119 -0.317987960399298
51.4936728360018 -0.318921911404577
51.4941841952543 -0.319494248766081
51.4963090450649 -0.3197222072909
51.4964271192281 -0.319379812769423
51.4965825927172 -0.319112892748366
51.4966913156899 -0.318619984898259
51.4969673646643 -0.318147879801586
51.4981734512376 -0.317704246398514
51.4988716482886 -0.316110417946997
51.498929479092 -0.315329748116044
51.4995788532444 -0.315457975120939
51.5003084451709 -0.314780927686251
51.5003090229437 -0.314777342618295
51.5012198172526 -0.314304803014411
51.5014761369328 -0.3145127406245
51.501573143736 -0.314632114928758
51.5015935652664 -0.314633143528048
51.5028260899147 -0.313415609623837
51.5028344363352 -0.312802063611581
51.5032567084502 -0.311897728688374
51.5047602573744 -0.311530071601762
51.5047819903666 -0.311453590434804
51.50584905679 -0.309997975316996
51.5063220790757 -0.310040354111455
51.506938025191 -0.310687175021041
51.5072665481321 -0.310677282694452
51.5088877616664 -0.310078261818592
51.5089639129721 -0.310097543829281
51.5091091757219 -0.310271461003604
51.5093476619872 -0.310314323001531
51.5096688307771 -0.311822815231098
51.5102029428555 -0.313487314196273
51.5105422175279 -0.313593723565674
51.5108577429702 -0.313255082182009
51.5111092326645 -0.313677229784309
51.5112962423861 -0.314116614733942
51.5118037676913 -0.314232980523457
51.512004798505 -0.314046732527435
51.5122649008469 -0.314255170882704
51.512436311029 -0.314272252086112
51.512603655908 -0.31353744686927
51.5131095448616 -0.313171082674311
51.5132629035817 -0.313364451103444
51.513035257975 -0.314444660403962
51.5133479744959 -0.314911392506847
51.5139588676056 -0.315164530736281
51.5140622296503 -0.315056743075964
51.5143332644288 -0.314499419176899
51.5143576018305 -0.314391337624173
51.5144442765416 -0.313785557963492
51.5149663444733 -0.313406463060117
51.5152192605713 -0.313358858395157
51.5156628464691 -0.312754731794069
51.516013937596 -0.312782637755547
51.5163275978514 -0.312726961049416
51.5163720866565 -0.312676238835193
51.5168757540218 -0.311605936974227
51.5168740820702 -0.311489778096243
51.5172646049979 -0.311096963010232
51.5176336303962 -0.311040532286643
51.5178167376011 -0.310583840390294
51.5177972149138 -0.309939988155208
51.5181893045017 -0.309749832119569
51.5183139816046 -0.310329428548065
51.5184377148376 -0.310444164239795
51.5184069894279 -0.311219656572092
51.5184765143777 -0.31145309985502
51.5189002538428 -0.311138308163176
51.5191461245932 -0.310620217711628
51.5192057576396 -0.310566196528502
51.5196729031339 -0.31054391984348
51.520073118918 -0.310262544868016
51.5201909254486 -0.310402698888088
51.5202310078909 -0.310857575871744
51.5207831425297 -0.312305600443306
51.5212386613016 -0.312100033638644
51.521438367712 -0.312915546583834
51.5209553393407 -0.313371223131639
51.5209006929286 -0.314247588430272
51.5213528908178 -0.314724105478446
51.5213842613871 -0.31489907840589
51.5221723163914 -0.315613747018485
51.5222020570833 -0.315875662333659
51.5222761843192 -0.315948159310685
51.523119282801 -0.316057540896559
51.5234275392586 -0.316452050189834
51.523629317922 -0.31625503904531
51.5245088937297 -0.317227634043856
51.5245156757037 -0.317355747329956
51.5245921499009 -0.317497931721086
51.5249337972017 -0.317845354373479
51.5249568357986 -0.317916056745659
51.525235074034 -0.317966658803863
51.5261025241161 -0.318589726885728
51.526103588692 -0.318588736800236
51.5264328597498 -0.318530728152065
51.5269616990707 -0.31941352298773
51.527450206591 -0.319144142736944
51.5276391443618 -0.318264136350844
51.5277039274119 -0.318205408333776
51.5304087301478 -0.317081674130087
51.5304062384904 -0.317064648690785
51.5304608963901 -0.315060499048477
51.5306338345575 -0.314126446206088
51.5305349585861 -0.31342044089368
51.5305073482312 -0.313363333500867
51.5297415200695 -0.310059153337944
51.530456471004 -0.3075957166497
51.5304565634885 -0.306817111358827
51.5306564783331 -0.305732485315881
51.530729153594 -0.305529727102214
51.5307285991923 -0.305510015058879
51.5313188174813 -0.303435405770712
51.5321852302084 -0.302265919094073
51.532190726571 -0.302217094708705
51.5322343193687 -0.30208613673913
51.5339734370252 -0.299538863812403
51.5337015597483 -0.298532459640293
51.5340746567767 -0.297121351193153
51.5341521472629 -0.297009802961975
51.5351252187935 -0.296745114304552
51.5352424133697 -0.296476700471133
51.5352495852087 -0.29641960658528
51.5351347065168 -0.295572337408421
51.5342718512858 -0.294574940452859
51.5343189681536 -0.294161376642942
51.5349323976941 -0.293114749343837
51.5349317099808 -0.293110733067175
51.5337629738708 -0.292068129074344
51.533528029765 -0.292133151791603
51.5334519624755 -0.292119831106303
51.5331885033101 -0.292578930335071
51.5324846082152 -0.29231960667324
51.5323817864418 -0.293735935569995
51.5316049074832 -0.294107812652028
51.5315660912598 -0.294078237551347
51.5318749796632 -0.292490179029225
51.5317194634874 -0.291842190525115
51.5312554064927 -0.291952874504216
51.5311559770639 -0.292187327317661
51.5300496151717 -0.291730781465903
51.5300495652959 -0.291647099086597
51.5300138609831 -0.291559639951204
51.5295134347377 -0.289809611871814
51.5296229461851 -0.289372945648167
51.5293241846615 -0.28744826177887
51.5294151812172 -0.286507691466293
51.5289790681812 -0.286007824891651
51.5283634960378 -0.284331998376108
51.5283616082241 -0.284276678073447
51.5261455067698 -0.282867099501287
51.5260948220306 -0.283095552333921
51.5258934918113 -0.283577490995269
51.5249730832227 -0.284183323924203
51.5249651912208 -0.284172329195337
51.5239125377224 -0.282952876697883
51.5234684435485 -0.283407433361744
51.5233015821583 -0.283498805917332
51.522960617808 -0.28420666859519
51.521705767663 -0.283760134831392
51.5216696215372 -0.283808795132216
51.5209946560446 -0.284004474049125
51.5206238925773 -0.284752635176143
51.5204706932819 -0.284720954610171
51.5196972541105 -0.285867609388743
51.5195595683062 -0.285765582712229
51.5189760117169 -0.287258980212224
51.5187446294833 -0.287463152027519
51.5186842606745 -0.287718545739285
51.5186809395396 -0.287749687554647
51.5180662878915 -0.28821018164625
51.5180315615276 -0.288368587908757
51.5170676173919 -0.289103833276023
51.5169017678637 -0.289123119366242
51.5160182558091 -0.288137346778232
51.5159553696862 -0.288121760515462
51.5157983553528 -0.287927176218995
51.5157488182072 -0.28718181492894
51.5157793544125 -0.28618889295146
51.5156729799553 -0.285719576256319
51.5156930866936 -0.284567573506384
51.5157769575299 -0.284173938864921
51.5157451729507 -0.283697307642196
51.5153541508767 -0.28279046600602
51.5143476684385 -0.282938705797472
51.5142181137896 -0.283214268531336
51.5139701671887 -0.283385671090018
51.5138405191419 -0.284730444048958
51.5130190929789 -0.284605397578785
51.5127721502433 -0.284925518789081
51.5126352772039 -0.284891446955885
51.512439562242 -0.284743375406849
51.5120625056562 -0.284698600708682
51.5114706311497 -0.285381952533466
51.5114121355054 -0.285371553585851
51.510956090793 -0.284382150243486
51.5108079934668 -0.284281369795455
51.5103356749171 -0.285486702875393
51.5098028670347 -0.284442578447538
51.5097175862495 -0.284389462533265
51.5094357901886 -0.284649917606374
51.5094339971485 -0.284656401014344
51.5085306393297 -0.285340594282129
51.5085063953089 -0.285385584265384
51.5083509011096 -0.285073952337076
51.5081808533857 -0.284000922439844
51.508104258451 -0.283884036895184
51.5075799362545 -0.284606623447671
51.5064977916579 -0.285169187302526
51.5066275792301 -0.285868613240453
51.5061558891034 -0.28724119446895
51.5061366047464 -0.287281123998303
51.5061444232997 -0.288007576140917
51.5051783237011 -0.290302502346616
51.5050155848894 -0.290442723377501
