51.4932409738796 -0.216418809944458
51.4928224665415 -0.216535151109681
51.4927318379292 -0.216859614156406
51.4926590239104 -0.217114136045807
51.4923919327807 -0.217977581341512
51.4918199282685 -0.216896619683015
51.4917105574688 -0.216898986574388
51.4915189360694 -0.216653481832933
51.4908642235395 -0.215780068451603
51.4909331777472 -0.215537938372873
51.4900833203039 -0.214218010782116
51.4898217971138 -0.214152575089647
51.4890019920233 -0.214700517478751
51.4889760652606 -0.214521009139977
51.4884818126838 -0.212957686422158
51.4883977605343 -0.212834015699016
51.4881690093435 -0.212370763078704
51.4878080683374 -0.212076101224672
51.4874089048826 -0.212853796456429
51.4866017793071 -0.21256387609894
51.4864637313449 -0.212147566935664
51.486467324687 -0.212041257309258
51.4858504438063 -0.211605326394707
51.4858426256503 -0.21155836748376
51.4857209640153 -0.211350198962712
51.4856949410879 -0.211317965714836
51.485604535565 -0.21126117565092
51.4855297624598 -0.210761768191109
51.4852476939781 -0.210610828014023
51.4850673521808 -0.210763716992528
51.4849766084655 -0.210767268789049
51.484813734716 -0.210815919874927
51.4847318172178 -0.210879452539603
51.484726612746 -0.210874193601233
51.4847002473958 -0.21028929922808
51.4845119562008 -0.209779979672438
51.4845287896619 -0.209722556816937
51.4845268210162 -0.209140272363966
51.4844938472379 -0.209000248931286
51.4842229130578 -0.208883918311851
51.4839416030724 -0.209159517110299
51.4839226334325 -0.209300742420129
51.4836560896181 -0.209748658591274
51.4832766196357 -0.209595132740697
51.4830270367536 -0.209676037690983
51.4830999779919 -0.210355510835186
51.4834132586422 -0.210501658414319
51.4833202749145 -0.211289399159006
51.4828141024103 -0.211404558475984
51.4828377498564 -0.211617023335124
51.4830528912872 -0.21210723201766
51.4828221145453 -0.212785045428421
51.483119861563 -0.213227618882282
51.4830969515479 -0.213328856858369
51.482725613068 -0.213708755813888
51.4828987083153 -0.214030093265873
51.4828406188656 -0.214542741098397
51.4829469917408 -0.214768601883572
51.4829984359042 -0.214793667578671
51.4832188614958 -0.215123969211283
51.4831702042351 -0.215417872097932
51.4832410796321 -0.215697846554524
51.4837471777376 -0.215872962154252
51.4838041827427 -0.215991744036508
51.4837732712496 -0.216205394638562
51.4836300277275 -0.216404071371695
51.483709426846 -0.216955061651473
51.483629320099 -0.217208867160691
51.4838881008258 -0.217590770834607
51.4837782365629 -0.217826854988342
51.4837212851599 -0.21805458172674
51.4839756024631 -0.21845649623637
51.4839789730297 -0.218589603279271
51.4840749432602 -0.218894616202053
51.4841072778905 -0.218951900696022
51.4838061898428 -0.219773745930685
51.4836658669938 -0.21991648532793
51.4836623670719 -0.219928734105985
51.4835881398778 -0.219972118060427
51.4831770598111 -0.220039067444028
51.4829404095849 -0.220895667685321
51.4827115228791 -0.221055384328927
51.4826267311347 -0.22157582802746
51.4825977163808 -0.221654379879388
51.4826072559505 -0.221880340938252
51.4825479314786 -0.222183315794541
51.4822670817557 -0.222823473864264
51.4819121274041 -0.222578050767142
51.4815606431667 -0.223148864599681
51.4822536851445 -0.223422594476216
51.4821659184852 -0.224133137580213
51.4825189132084 -0.223839776592912
51.4825336125271 -0.223623204770719
51.4828492559329 -0.224003638957683
51.4830469571997 -0.224242005067507
51.4833609599946 -0.224407338017993
51.4838433373492 -0.224661371813201
51.4843881515821 -0.224948255673574
51.4848607592674 -0.225275594248103
51.4851112383899 -0.225360160207089
51.4855034041073 -0.225492666352936
51.4857783714033 -0.225585546945777
51.4858549971719 -0.225611430119213
51.4862030554782 -0.225900629633196
51.4862192617287 -0.225914132673702
51.4868140044844 -0.226512629414021
51.4870306317482 -0.226730697187127
51.4870466060564 -0.226746703687802
51.4883751128476 -0.228083848995681
51.4884655777682 -0.228174876791749
51.4889075775976 -0.228642891401792
51.4889773763361 -0.228716788901204
51.4890191832774 -0.228871818128888
51.4892086945136 -0.229574684671626
51.4894942830398 -0.230633694706203
51.4896745442542 -0.231302135350652
51.4898714125086 -0.231587631259591
51.4899841874247 -0.231673886405853
51.4900325824509 -0.23190242070803
51.4900899634479 -0.232130726673938
51.4901383593815 -0.232359380705514
51.49017776846 -0.232588263972195
51.4902173953052 -0.232831628757781
51.490247692295 -0.233046494294059
51.4902666591914 -0.233189587785881
51.4902781172027 -0.233275844734184
51.4903087580018 -0.233519557940588
51.4903103899716 -0.233538378824792
51.4903304136673 -0.233763618695266
51.4903518507617 -0.233993198527671
51.490364520813 -0.234237606877422
51.4903653875812 -0.234295175471047
51.4903672371877 -0.234418028046445
51.490367918025 -0.234463252041267
51.490368856158 -0.234525568572472
51.4903723224959 -0.234755843021781
51.4903755722238 -0.234971755034348
51.4903700548351 -0.235202495198208
51.4903555523537 -0.235433582199026
51.4903542208723 -0.235452636346194
51.4903408315548 -0.235650187888957
51.4902030511613 -0.236058838498196
51.4902248660984 -0.237509801627087
51.4902279413032 -0.237714436953381
51.490218722755 -0.238082137941506
51.4901992924041 -0.238859383568902
51.4901914281737 -0.239173824408511
51.490160547834 -0.240410661453658
51.4900781094362 -0.241057786326446
51.4900720812552 -0.241105406079864
51.4899877386927 -0.241373975342354
51.489818026912 -0.241914713314777
51.4897974352356 -0.241980351398338
51.4894246356156 -0.24279076987976
51.4891436835045 -0.243401566340225
51.4894738816513 -0.243905858848082
51.4894697519985 -0.244092359344565
51.4896238595277 -0.2443519976777
51.4896434586374 -0.244742457250994
51.490111997949 -0.24501199684976
51.4900257943138 -0.246028144491882
51.4910265892984 -0.246169434120709
51.4910362706353 -0.24513993131188
51.4916985077936 -0.245034808118239
51.4920864011953 -0.245412096363983
51.4921608330941 -0.245291654785167
51.4928265537289 -0.245395319489199
51.4930965987948 -0.24498610791134
51.4931772706457 -0.244940251110646
51.4931832452198 -0.244930994812251
51.49373600468 -0.244959295681807
51.4939844508817 -0.245371648083893
51.4939875522588 -0.245392671210292
51.4941566796006 -0.24564095389523
51.4948091813079 -0.245786469898894
51.4948155536788 -0.245803804508601
51.4948213414099 -0.246425269502136
51.4948782086428 -0.246657200180803
51.4952928473648 -0.247290541259594
51.4952723797417 -0.247563213151864
51.4952724837791 -0.247564159400073
51.4956108694345 -0.247859536881172
51.4964494545463 -0.248131228283187
51.4964472982153 -0.248149365938934
51.4966138707241 -0.24910595539444
51.4970332147024 -0.249230290029954
51.4973392837743 -0.249806192649405
51.4980904569925 -0.249142502916028
51.4981308924966 -0.248954576418803
51.497984045779 -0.248301531260312
51.4985891654531 -0.247207336398808
51.4983639432342 -0.246213288443236
51.4988071461208 -0.245931020886571
51.4991829995638 -0.245094921605459
51.4994195277976 -0.244921074227942
51.4995242241361 -0.244558304148959
51.4987736825627 -0.243670921364165
51.4987931059826 -0.243533211062824
51.4986793751795 -0.242938413093924
51.4986985431768 -0.242393742386057
51.4984963553107 -0.241709578646361
51.4983299742666 -0.241525089338263
51.4979886049501 -0.24079806592234
51.4980851800881 -0.239553496861329
51.4991284498772 -0.239152178460687
51.4991704397203 -0.237943534857802
51.4989224114229 -0.237279564326326
51.4988897219131 -0.236707667066579
51.4989901105775 -0.236436753868347
51.4995716201293 -0.236386035933054
51.499746930644 -0.235944254219109
51.5000618134479 -0.235870443199252
51.5002464993522 -0.235436489298821
51.5002722356727 -0.235061772754214
51.4998064142336 -0.234144163643348
51.499828909212 -0.233852967074556
51.5005295177861 -0.233305805277057
51.5006171188674 -0.233135393658981
51.5007026181433 -0.233082074840419
51.5008894541159 -0.232445475438718
51.5009594041936 -0.232195557284481
51.5009560605753 -0.232188440182313
51.5008201694865 -0.230771848058572
51.5011104015144 -0.23037523719294
51.5010730656086 -0.230170811479556
51.5011778892166 -0.229700360170982
51.5017835760494 -0.229464837516432
51.5018181727945 -0.228904200262117
51.5021346407709 -0.228667759984205
51.5021442184193 -0.228373363836626
51.5020196326619 -0.227927952349457
51.5018162998614 -0.227756574605716
51.5017327871947 -0.227048933947584
51.5016069684286 -0.226879066991276
51.5015510579707 -0.2266178653734
51.5014313765584 -0.226330747872936
51.5017482406611 -0.225544365497402
51.5016802704777 -0.225056731374966
51.5019058461684 -0.224862049584336
51.5020565883055 -0.223869220806134
51.5021421956424 -0.223740204325907
51.5022313426385 -0.223773684446875
51.5025120027165 -0.223619144338272
51.5027130433171 -0.22321144808289
51.5026574036908 -0.22287372725343
51.5027014880858 -0.22271579109586
51.5027684943929 -0.22259331547262
51.5028657885668 -0.222434733836629
51.5030911911457 -0.222418716441642
51.5031583062289 -0.222273781767187
51.5031782963226 -0.221813364030616
51.5029811729164 -0.221542212905789
51.5027982756792 -0.221657916007672
51.5027880691287 -0.221654749331386
51.5026292004403 -0.221588347302068
51.5024176869286 -0.221690313364783
51.5023742042246 -0.221923425632269
51.5021553538918 -0.222347974097189
51.5017795023275 -0.222254018331525
51.5018128061231 -0.221420667279853
51.5015865533338 -0.221362830644014
51.5011699769112 -0.221612719327568
51.5010194814876 -0.221292247432922
51.5007086043906 -0.221398435720015
51.5006431586128 -0.22197951074338
51.5001603831069 -0.222102717691518
51.4999760928669 -0.222672252064989
51.4999068567365 -0.2227128401258
51.4995661126749 -0.222153402260645
51.499499114793 -0.221523327817636
51.4993341870415 -0.221282663080604
51.4989134142536 -0.221712312861527
51.4986915761609 -0.221447613383966
51.4981320993287 -0.222043966753318
51.497993472526 -0.221812499365833
51.4972249138424 -0.22200716394871
51.4971405932584 -0.220970007369277
51.4965896168249 -0.220715999952584
51.4964903946617 -0.219994929067586
51.4966604535744 -0.219756082157491
51.4967106191839 -0.219300254435654
51.4965894239386 -0.218879138315098
51.496038110565 -0.218094334630924
51.4958233034558 -0.218180513134525
51.4954536285786 -0.217458012866738
51.4958084758624 -0.216743596711361
51.4959036626018 -0.216701159141712
51.4959949628892 -0.216231732731149
51.4959313918126 -0.215728559718341
51.4959967942952 -0.215188041805188
51.4953182819664 -0.215409462186778
51.4953704612575 -0.21612105738558
51.4953568564897 -0.216190006012178
51.4949437160371 -0.216546911385743
51.4947386287619 -0.215995348580006
51.4945955499225 -0.215879780358267
51.4942353874197 -0.215233913984461
51.494178120729 -0.214938494508691
51.4938576014473 -0.214552638150292
51.493836645537 -0.214569729285479
51.49334423366 -0.215642384804815
51.4932409738796 -0.216418809944458
