51.4973103559553 -0.32368235092965
51.4972436847075 -0.324294870430313
51.4965893935854 -0.324318863877384
51.4963141530658 -0.323974632028774
51.4960054207856 -0.324256062483974
51.4959969138551 -0.325038781997957
51.495327038993 -0.325387957381243
51.4950876485126 -0.325281396196855
51.4949210656035 -0.325287500956644
51.4925315955618 -0.327959529658716
51.4921855577235 -0.331612982739996
51.4923073563788 -0.331820661277977
51.4940717189636 -0.333163509747301
51.4956662163356 -0.335086593915648
51.4958656165655 -0.340555089014916
51.4986431052321 -0.342043949422224
51.5005294084808 -0.344340533671659
51.501584383487 -0.344228056753817
51.5035921837364 -0.348094222218619
51.5050592250872 -0.347239723159502
51.5051462051529 -0.346866858041735
51.505805759999 -0.344717197855056
51.5060042582342 -0.344545577179414
51.5061936019316 -0.344445095646259
51.5074219132423 -0.344531149878053
51.5078558356909 -0.344823382094208
51.5088501863109 -0.343950663613419
51.5090769719109 -0.343891588631533
51.5092373721857 -0.343956942873243
51.5108204876906 -0.344067076449154
51.5109475279231 -0.344131860840487
51.5114939622026 -0.345039206804375
51.5119705417688 -0.345513265639423
51.5119881858732 -0.345763578287398
51.512057261231 -0.34956967915805
51.512208925976 -0.350222118032275
51.5149302619384 -0.351326361248918
51.5155712233464 -0.351114991963068
51.5169398489913 -0.349244548457645
51.5171945809794 -0.349318643243529
51.5187120113142 -0.35040927889525
51.5187406408621 -0.350444252918473
51.5199028834232 -0.351394597627367
51.5216382166385 -0.350771572620443
51.5224221844348 -0.349274278784452
51.5227962946432 -0.348900874091957
51.5245018200389 -0.349245909016994
51.5250517536684 -0.348916165561952
51.5254025829639 -0.348836797808463
51.5259881411985 -0.348093909749882
51.5264158661649 -0.346798077309903
51.5270268981197 -0.345886272440874
51.5271147342566 -0.345708244529193
51.5274015775816 -0.344961260788992
51.5279861424786 -0.344582880108583
51.5299196409481 -0.341769027791967
51.530107988215 -0.340314120913059
51.5301109810078 -0.340239718858699
51.5303487233953 -0.339227217862534
51.5303595477136 -0.339198057491694
51.5305497655768 -0.338442252671346
51.5298951844953 -0.33606707558231
51.5298726023781 -0.335939045288273
51.529661043915 -0.335740403587379
51.5290643684289 -0.335332814239679
51.5279190492981 -0.333969023241386
51.5272504171648 -0.333805982762622
51.5270420124297 -0.333494209853507
51.526499819999 -0.333157187305837
51.5263520996907 -0.332731953577067
51.525632288452 -0.331751401420358
51.5253551840006 -0.330585677041407
51.5252875057064 -0.33039084991898
51.5251312647228 -0.330346644743937
51.5248511517426 -0.330233399031917
51.5247996042051 -0.330205570661226
51.5245285225868 -0.330025794119395
51.5244578380029 -0.329967169789978
51.5237130915799 -0.330425492847479
51.5229210515624 -0.330599099893608
51.5226800735266 -0.330551101472949
51.5224668155355 -0.330739075496831
51.5220041163963 -0.330840256568653
51.5213158264305 -0.329934377934516
51.5211486403895 -0.32989176668445
51.5206449659407 -0.329078753906988
51.5206050135389 -0.329063458986111
51.5205231613705 -0.328952958254908
51.5199392754141 -0.32907890991167
51.5198516176494 -0.329179331119897
51.5197290843848 -0.329494706488541
51.5189836961615 -0.329958359266862
51.5188026372758 -0.329875851784933
51.5184226186748 -0.328763278282316
51.5182603423504 -0.328762444034658
51.5177543103412 -0.329721798729129
51.5176994438171 -0.329776569342454
51.517145899607 -0.329880595844598
51.5167554704365 -0.330593860363497
51.5164465932898 -0.330765102743246
51.5162758199112 -0.330489354045425
51.5162381951332 -0.330353358511223
51.515386609135 -0.32920497902767
51.5149600756195 -0.329276434834905
51.5147942988507 -0.329421173803926
51.5145100853892 -0.329259982325734
51.5143009399515 -0.329237926949655
51.513442183374 -0.330471387089389
51.5131286537097 -0.330536795456958
51.512864523301 -0.33090232985831
51.5116603741255 -0.331289492563123
51.5115192830372 -0.331469789580681
51.5107052685625 -0.328634926009479
51.5106920085921 -0.328612835686858
51.510465247524 -0.328445995930985
51.5103526567563 -0.328569409655148
51.5095544207687 -0.328509984029752
51.5094082863428 -0.328323444988169
51.5094054945142 -0.328310477473529
51.5089971144793 -0.327675152982645
51.5084296086967 -0.328395263253786
51.508141802528 -0.327799260034774
51.5079492144376 -0.327784686774998
51.5079063174688 -0.327663762538106
51.5078128266433 -0.326674279629694
51.5075896741085 -0.326269111997891
51.506992276104 -0.326241814482004
51.5068679316527 -0.326454880149684
51.5061742947563 -0.326033578007042
51.5059938577513 -0.326114563037248
51.5055445331406 -0.326674086918957
51.5052419230344 -0.326736019918976
51.5050656584594 -0.326202155043961
51.5050162724564 -0.32528038217514
51.5050052581004 -0.325226730149474
51.5042476345312 -0.325323410263361
51.5041736601921 -0.325632749531746
51.5040057341424 -0.325847044250072
51.5032855983113 -0.326139069855109
51.5031682322415 -0.326041083926779
51.5029024498317 -0.32624577077277
51.5028032152925 -0.326933446618859
51.5024614296377 -0.327343458983007
51.5022523229593 -0.32748808739259
51.5022391590681 -0.327485361786939
51.501567390363 -0.326636929025617
51.5014337559865 -0.326602146076786
51.5013329447427 -0.326511396876973
51.5012567113112 -0.326467265466125
51.5011032590724 -0.326417053194653
51.5010945826605 -0.326407511128101
51.5010337199575 -0.326218363994548
51.4997504443725 -0.325771919429078
51.4996143504431 -0.325571162033167
51.499521643574 -0.325500315857874
51.4992358385699 -0.325744447919055
51.4985050601506 -0.325058027286519
51.4984724038342 -0.324326308566101
51.4986496880762 -0.323490076583608
51.4986537684928 -0.323479948719737
51.4979992865896 -0.322453182943013
51.4971421504883 -0.322449490204187
51.4973103559553 -0.32368235092965
