51.499419935987 -0.183456685677568
51.4993717200799 -0.184290736002597
51.4993665789855 -0.184295454385267
51.4987997453917 -0.183974796695369
51.4987775798908 -0.184122501885912
51.4984237033952 -0.184689409538885
51.4982713846735 -0.184466793504018
51.4982283619649 -0.184457693298485
51.4980371721975 -0.184505796995374
51.4978574352263 -0.184567818486234
51.4976731754949 -0.185301877862824
51.4977709750467 -0.185498743870523
51.4977713569226 -0.185517615861523
51.4977244198326 -0.185731989804541
51.4977007737037 -0.18647582233207
51.4977483853879 -0.186682879037773
51.4974898597469 -0.18701006100848
51.4974923224139 -0.18716937463707
51.4972862917052 -0.187711491352713
51.4975985913133 -0.188036696132495
51.4974822480631 -0.188326753494946
51.4975288845276 -0.18880848407649
51.4975619030093 -0.188856709230905
51.4975984582167 -0.188965137883212
51.4975933552776 -0.189374084934482
51.497135516209 -0.189561496824853
51.4970614581885 -0.189137635802606
51.4968066961004 -0.188981196380119
51.4966192983959 -0.189286653087929
51.4962116052048 -0.189187589316418
51.4963327256416 -0.188723572935153
51.4962689726033 -0.188193001103808
51.496042345187 -0.188048044831732
51.4959548266148 -0.18817302966603
51.4957887202881 -0.188430839766562
51.4956518329217 -0.188508367111072
51.4955956400881 -0.188542903335366
51.4953904510494 -0.188540347227559
51.4952030767875 -0.188538747829574
51.4950715670002 -0.188725813433114
51.4950633541992 -0.188869268934959
51.4947318266409 -0.189446966264085
51.4947253797209 -0.189466107588154
51.4947295573138 -0.18959113531715
51.4952120235321 -0.190078975372539
51.4949303919568 -0.190325076474466
51.4952285847738 -0.190919285052307
51.4951930926615 -0.191095297310636
51.4953286914245 -0.191476204322977
51.4951392019691 -0.191920458710967
51.4953549939856 -0.19230175867569
51.495345688621 -0.192526266041325
51.4953394399279 -0.192785811508823
51.4953391950987 -0.193009128927831
51.4953488169093 -0.193026803110672
51.495356891954 -0.193072451942911
51.4953191133214 -0.193351179868947
51.4953109823096 -0.193593695046
51.4953181375091 -0.193620494177039
51.4953697813357 -0.193909227987079
51.4950878723888 -0.194517358737205
51.4954689688533 -0.195073162654701
51.4954719502629 -0.195202634987246
51.4953508863938 -0.195327266306497
51.4950707580158 -0.195356265280445
51.4948990921798 -0.195832223906524
51.4946040074552 -0.195859078002532
51.4948129874593 -0.196575737257414
51.4944618697019 -0.197209023364092
51.4943720515587 -0.197179190129296
51.494205210547 -0.198279714786146
51.4943158161474 -0.198410404438434
51.4943644369802 -0.198620150139266
51.4945783706075 -0.198706264603036
51.4946491189653 -0.198741247469291
51.4946659748661 -0.199839050000083
51.4944056205177 -0.199709741917387
51.4939583571325 -0.200054236565582
51.4938286085713 -0.200023357766093
51.4935961154824 -0.200245005678123
51.4936147359905 -0.200526959494479
51.4933517714238 -0.201335009996143
51.4936242153429 -0.202088729849766
51.4940638437084 -0.201896711937583
51.494076677429 -0.201907015691012
51.4943774076371 -0.202119316770464
51.4945021131618 -0.20328770334093
51.4948042616287 -0.203387356977529
51.495128133031 -0.202651728260515
51.4946252106086 -0.201963706997939
51.49482367809 -0.201692089112559
51.4948611076441 -0.201500687962923
51.49454465838 -0.200638813852623
51.4948091031934 -0.199980222729536
51.4950364991371 -0.199959506125398
51.4951836488369 -0.200058117417338
51.4952631718903 -0.200372009918376
51.4952613519707 -0.200827604409571
51.4955873809557 -0.201335266917459
51.4954344734512 -0.202021899850351
51.4955960053173 -0.202560393561343
51.4956040753932 -0.20257076643361
51.4957935714448 -0.202587662760258
51.496084442967 -0.202907624353507
51.4966138722279 -0.202597682331853
51.4966968885945 -0.202641336497057
51.4969085416012 -0.203341561412976
51.4968146977653 -0.203776557501377
51.4968971133144 -0.204092135557071
51.497156268983 -0.204442938105871
51.4971610307556 -0.204442750984726
51.4977162433248 -0.203843747983166
51.4976393113181 -0.203627967409455
51.4976855611488 -0.202938255530634
51.4979224866237 -0.202413043942788
51.4977985749389 -0.20201808192058
51.4981438526953 -0.201553338561108
51.498319672808 -0.200848536521251
51.4987246443062 -0.201181117906187
51.4991501709802 -0.200720444509969
51.4993449277849 -0.200664189245393
51.4996960775719 -0.199961485548207
51.5001876704796 -0.200051050738259
51.5009581154306 -0.201235496696262
51.5011484770632 -0.20143779491215
51.5008017021758 -0.202303324046022
51.5011598720703 -0.204780970189376
51.5015749819575 -0.205136492192411
51.5028210926615 -0.204867872562722
51.5031973560654 -0.20507001763521
51.5036131530378 -0.204765585228026
51.5038491630677 -0.204133071436337
51.5040536531034 -0.203409124091252
51.5052921850604 -0.202693076347101
51.505799676898 -0.203022521782328
51.5060122917945 -0.203515766254091
51.5062332289853 -0.203795307268348
51.5071004966804 -0.203115463731194
51.5071387967244 -0.203139145006388
51.5076670389587 -0.202341091750708
51.5077066463037 -0.202350344865977
51.5077744675306 -0.201150754071684
51.5077266794088 -0.201030140120586
51.5077455580591 -0.200848444554248
51.5075118414662 -0.200568461584792
51.5077276002277 -0.199935837654115
51.507890757636 -0.199870832613484
51.5079519339216 -0.200535796527072
51.508341507899 -0.200433119547561
51.5082935621519 -0.200190964025225
51.5084428807609 -0.199768990945498
51.5084125264649 -0.199747612576564
51.5082725449771 -0.199126265893778
51.5082644394418 -0.199119456629637
51.5083098029404 -0.198912237948859
51.50871685256 -0.198548532416884
51.5086921385264 -0.198227161075161
51.508717679935 -0.198134190336502
51.5085577286407 -0.197822670354173
51.5086470374065 -0.197094016825516
51.5087927016689 -0.197019829061653
51.508632842991 -0.196311109404622
51.5087085903678 -0.196109933893204
51.5086118748115 -0.195766100425775
51.5086960306983 -0.195486292525074
51.5087140585773 -0.195413459266049
51.5090569937628 -0.195364858687204
51.5090199836338 -0.194916839067621
51.5089630658357 -0.194787559112925
51.5089394194582 -0.194658865395291
51.508925292175 -0.194617125303149
51.5090696282153 -0.194369153226818
51.509373243869 -0.194522781132408
51.5095702084565 -0.194265596453933
51.5095953541354 -0.194176320650296
51.5093607510917 -0.193582955831224
51.5095647592173 -0.193246237092878
51.5095902563853 -0.193150649478891
51.5096173086397 -0.192665871725623
51.5093399169584 -0.191338492207326
51.5090518997225 -0.190949130078399
51.5090537065904 -0.190792339643494
51.5090347064962 -0.190009498231193
51.5082155856049 -0.188201050580695
51.5080700528278 -0.185765078621685
51.5078563071687 -0.184855022478943
51.5076079817049 -0.184046152362042
51.5068584300763 -0.182602579543503
51.5065149419682 -0.181536382767749
51.5059023735942 -0.181548176015287
51.5053587800255 -0.182158742433774
51.5043016141614 -0.183920027702578
51.5033025848201 -0.184165033328761
51.5021128053268 -0.184945430076638
51.5015811099788 -0.185454572699558
51.5012866176052 -0.185054759106965
51.5014293880035 -0.184538499126683
51.5013140733098 -0.184116246163595
51.5016190633779 -0.183922244921772
51.5017837009609 -0.183825651565792
51.5014193666211 -0.183217878493503
51.5013358454533 -0.183269787665621
51.5011608868167 -0.183396491448438
51.501082488488 -0.18344831508819
51.5010526558078 -0.183855545031271
51.5004541996436 -0.183327417433706
51.5003616698657 -0.183621904258691
51.4996754036954 -0.18312424529378
51.4997969802056 -0.182488147423805
51.4996370748157 -0.182217129195226
51.4991542179452 -0.182465962906435
51.4990227138577 -0.182710794546223
51.4991464663906 -0.183143497409437
51.4993575064617 -0.183436716280172
51.499419935987 -0.183456685677568
