51.5215187375704 -0.181776682974407
51.5211227378921 -0.181765357277693
51.5211271392787 -0.182136344277874
51.5211291460834 -0.183281364767677
51.5210513488692 -0.183656454192945
51.5210519302296 -0.1836591645618
51.5215487881042 -0.184088051552583
51.5215579812164 -0.185216514437733
51.521881834853 -0.185515383642081
51.5220171888065 -0.185635271961689
51.521993719477 -0.185820897935481
51.5220981196808 -0.186456402273763
51.5222184939287 -0.187090324291471
51.5223852398552 -0.187188172585279
51.5224383132708 -0.188348312141238
51.5224070468239 -0.188489203155165
51.5225415160742 -0.188645148728299
51.5226764545358 -0.188808207707374
51.5229227385859 -0.189120170138413
51.522781760551 -0.189986965566114
51.5228250535173 -0.190083539865047
51.5228027016729 -0.190726703554211
51.5227917841217 -0.191458671540039
51.5228579930731 -0.19165976145994
51.5226049974756 -0.192194988991954
51.5225467601471 -0.192481944689462
51.5224362539759 -0.192620622041786
51.5221934488084 -0.193304117955705
51.52223230012 -0.193550265243813
51.5219386220104 -0.194176340381931
51.5217020636038 -0.19434341081012
51.5217377953771 -0.194556401847743
51.5217477647748 -0.194666775244221
51.5217063457009 -0.194995486503284
51.5216788369754 -0.19510650970014
51.5215706507788 -0.195349435627584
51.5215939934182 -0.195423387763175
51.5216165595892 -0.195972885790975
51.5213074183555 -0.196430188671648
51.5209839586659 -0.196722258664973
51.5208968958339 -0.196871641926678
51.5207886119236 -0.19720203457628
51.5208040799938 -0.197331085763529
51.5208596845019 -0.197585718691688
51.5206349006583 -0.198180149788512
51.5205802217452 -0.198424635468655
51.5205751005949 -0.198471663005918
51.5206307844596 -0.198801879232943
51.5210124757947 -0.199942730282667
51.5217399560756 -0.200219488704443
51.5217437965583 -0.20030574076373
51.5212748760687 -0.201858555262647
51.5213239458014 -0.202074590164484
51.5218239663597 -0.202462076203276
51.5224160698444 -0.202106335435043
51.5228114209726 -0.202808869252436
51.5228114801294 -0.203117882321134
51.5236441289753 -0.203846368338691
51.523618709347 -0.204376269546872
51.5236308217181 -0.204433437383784
51.5237401435319 -0.20454537696409
51.5242075598068 -0.205011685858279
51.5243028041105 -0.205102549944767
51.5243162700436 -0.205154198226766
51.5247191409912 -0.205503248456628
51.5247498534416 -0.205512857075595
51.5248514181902 -0.205546779839318
51.5250481604782 -0.205843559413245
51.5253417142053 -0.20612215501743
51.5256977640472 -0.205267468637745
51.5258769050211 -0.205189346697801
51.526210861744 -0.20571132689676
51.526507552617 -0.205771812974466
51.5265387240672 -0.205829067637579
51.5269203581239 -0.20591236581468
51.5270121452103 -0.205888907870227
51.5270295906704 -0.205842222150708
51.5270777095282 -0.205532237399731
51.5276072605668 -0.204906753909987
51.5277850893998 -0.205353943150386
51.5278933567316 -0.205514552227186
51.5282175010236 -0.205242323143489
51.5284469319324 -0.204725977991074
51.5284681566848 -0.204403489586981
51.5284730912668 -0.204385227697734
51.5290385640987 -0.204403633421401
51.5292036623401 -0.20455927494024
51.5292212798442 -0.204553232786136
51.5295221794056 -0.204724216813884
51.5296562778394 -0.204681141259427
51.529768401349 -0.204735333613278
51.5299326891038 -0.205231693771316
51.5300401882677 -0.205271567389322
51.5303037341359 -0.205169315691946
51.5303432472039 -0.2051136751322
51.5309233195053 -0.205028690569289
51.5311362580099 -0.204697692013597
51.5312427151377 -0.204869199887284
51.5314618764301 -0.205503096174098
51.5314696740833 -0.205719022451511
51.5317046955884 -0.206167570457774
51.5317200591225 -0.206178735203847
51.532029086102 -0.206081829450842
51.5321943772601 -0.205856361363831
51.5326457687569 -0.206221638463938
51.5326548207044 -0.206249218907239
51.5328544105088 -0.206408991825806
51.5333729933001 -0.207235625948032
51.5337518274077 -0.206859345928738
51.5337744430678 -0.205351764527124
51.5337185873209 -0.205232346522279
51.5336530873552 -0.204999658581674
51.5332896222015 -0.204981620479672
51.5325028631887 -0.20419064986521
51.5324875755876 -0.203861485901949
51.5325195367025 -0.203524042752809
51.532523511951 -0.203507718937336
51.5324992063424 -0.203088801096022
51.5321924875644 -0.202749360528391
51.532279883955 -0.201682684826657
51.5321893105547 -0.201450997357118
51.5318539494488 -0.201559790399486
51.5316461506927 -0.20078304700907
51.5318895504037 -0.200334680318454
51.5316228959608 -0.199407984800407
51.5311448142801 -0.199700732900452
51.5309693150146 -0.19967615461427
51.5307877123321 -0.199412050614473
51.5307542874074 -0.198382623042152
51.5307728635511 -0.198327802548289
51.5297776560197 -0.19780483385524
51.5297320107198 -0.198046278591872
51.5292952068205 -0.198392435268509
51.5289861423271 -0.198252365161774
51.5288648797623 -0.197691222083493
51.5288337037376 -0.197669036239509
51.52832288982 -0.197990177910828
51.5281053119513 -0.197292347957945
51.5280601281474 -0.197288783620953
51.5278475453666 -0.196424946492292
51.5275831833127 -0.196421010253552
51.5277157761247 -0.195613788910985
51.5280546457793 -0.195341858917421
51.5280827043997 -0.195161380806327
51.5283684212999 -0.194946463782453
51.5288533720351 -0.195165138989681
51.5288546170548 -0.195164257680093
51.5290862017564 -0.194516181218661
51.5294578355423 -0.194469028093583
51.5294991378863 -0.194512445721822
51.5301517145986 -0.194016255437001
51.5300931234056 -0.192785998621581
51.5306345232141 -0.192566280030218
51.5310932209655 -0.191845212516454
51.5311476854118 -0.19089967077347
51.5309672856005 -0.189992209268544
51.5310096533875 -0.189958908522355
51.531318513832 -0.189840384637104
51.5318665557247 -0.189771809084997
51.5319931509287 -0.189673945060789
51.5326773184112 -0.189501772682929
51.532663448959 -0.189115731851494
51.5324259588725 -0.188610536081538
51.5327089833766 -0.187989219397577
51.5333087187835 -0.188421427235108
51.5332938054431 -0.188497745588803
51.5333755425033 -0.189040515825566
51.5340299206835 -0.189238994282377
51.5341254538146 -0.18934778434281
51.534131328471 -0.189343984783887
51.5345705666998 -0.190345738826037
51.5345865589223 -0.190333454067411
51.5348119083461 -0.19033176879247
51.5350414390791 -0.189499868576553
51.535247846124 -0.189610563425276
51.535412442957 -0.189639222891346
51.5355477435392 -0.189511283862552
51.5356529048673 -0.188991622638969
51.5357280442073 -0.188571350688433
51.5356895810336 -0.188455775080587
51.535681815586 -0.188412808939036
51.5355696902924 -0.188341530501163
51.5353711272174 -0.188028662406641
51.535156265888 -0.187655932126217
51.5349471500111 -0.187847200197172
51.5348812460974 -0.187904860674855
51.5347923672845 -0.188384162109461
51.5347605292962 -0.18854045013063
51.5345836043531 -0.188895325300268
51.5345505621192 -0.188892119210818
51.5344673567552 -0.188702593988339
51.5343941731425 -0.187619507526789
51.534284628285 -0.187505808406734
51.5340695882701 -0.186749346446578
51.5335454613197 -0.187900130296521
51.5331857302164 -0.187239537358569
51.533559033774 -0.186311825806132
51.533281149063 -0.185782205966443
51.5332486631691 -0.185634779212042
51.5327637682711 -0.185444119369678
51.5325249912203 -0.184874204257147
51.5320961585491 -0.184756930678404
51.532067699485 -0.184649052993727
51.5319290047755 -0.184295921029679
51.5316713861656 -0.184274668970907
51.5311283359097 -0.183910529100348
51.5311093338332 -0.183925787909952
51.5308859173023 -0.183442661593556
51.5308300147319 -0.183304259712519
51.5306688759752 -0.182895332533507
51.530665681455 -0.182886425392256
51.5305692811222 -0.182849728166419
51.5303959958677 -0.182295194767678
51.5303292508494 -0.181932916208608
51.5298735421314 -0.181972704550689
51.529583671041 -0.1815004505834
51.5294758723201 -0.181453394126601
51.5292993726961 -0.181063046884604
51.5290120855443 -0.181151879952169
51.5287199713011 -0.180541010626509
51.528670343344 -0.180546555086464
51.5285610023791 -0.180672515296621
51.5281291889284 -0.180044640885053
51.5282079671911 -0.179663979636091
51.527939602405 -0.179326881673126
51.5278823174112 -0.179012865347155
51.5278733303175 -0.178960923038343
51.527740143505 -0.178158904034968
51.5274628285016 -0.178374539190692
51.5270990826622 -0.178321423100076
51.5270052074408 -0.178302704627009
51.5267215228984 -0.177662540840286
51.5264361140741 -0.17790108092111
51.5263488415768 -0.178643290016614
51.5262900950192 -0.178623169382655
51.5259320681753 -0.178353616851446
51.5258002052948 -0.177926465867694
51.525621574941 -0.17796687720848
51.5255807229189 -0.177958642556669
51.5252695032125 -0.177878236767613
51.5251031094655 -0.177560514337076
51.525087070388 -0.17749447515311
51.524928289578 -0.177348557689346
51.5247386676209 -0.176965088122833
51.5245644190346 -0.176928783267438
51.5244889459523 -0.177006677347598
51.5242878724242 -0.177430942286817
51.5242367502219 -0.177693278445055
51.5241506842241 -0.177789540789582
51.5240515789311 -0.178047610404204
51.5239619375214 -0.17848096953772
51.5239593914563 -0.17858911071789
51.523925547229 -0.178702185160546
51.5236543849452 -0.178781464372839
51.52291628298 -0.17991457764842
51.5229192358281 -0.17992527551165
51.5223393026063 -0.181148437660139
51.5219536401295 -0.181079063204294
51.5215187375704 -0.181776682974407
