173 8
51.5181511222129 -0.125542883383878
51.5181443032615 -0.125346837880907
51.5181467124239 -0.125255706688528
51.518170569451 -0.125224066052311
51.518291656552 -0.125156107882339
51.5183561572963 -0.124883213308094
51.518355366427 -0.124878729807361
51.5184067992355 -0.124716299876004
51.5185176330712 -0.124591835800198
51.5185953872287 -0.124478831617506
51.5185929164122 -0.124453619716451
51.5186837413195 -0.124247262128987
51.5187157042397 -0.124182843519447
51.5187383947587 -0.124078280459703
51.5187753387212 -0.124072365294973
51.518796727194 -0.124083133058842
51.5190749246993 -0.124108662517117
51.5191801082054 -0.123805210821178
51.5193585091358 -0.123998844976134
51.5193946747623 -0.124034200628168
51.5196615913851 -0.123669193336808
51.51967840673 -0.123669453001851
51.5197455841419 -0.123373025382442
51.5198428886641 -0.123189687687069
51.5200367751595 -0.123165553931323
51.5200407110598 -0.122978922665535
51.5201110654927 -0.122746300269915
51.5201830837063 -0.122628889762949
51.5201051394369 -0.122140190478111
51.5200969991467 -0.122131493002479
51.5200945734594 -0.122131592779355
51.5196506222874 -0.122135473533814
51.5196460993744 -0.122161805482191
51.5195514994594 -0.122474693022489
51.5195459621042 -0.122493817065887
51.5194306594743 -0.122726502531541
51.5193020768263 -0.12285966604366
51.5192054488281 -0.122967270882867
51.5191968502488 -0.122974873878394
51.5191342743361 -0.122907091129407
51.518745268371 -0.122490735250686
51.5187418350722 -0.122450351086478
51.5187923718954 -0.122108620021509
51.5188206157796 -0.121907445705631
51.5185799303736 -0.121608356687064
51.5185724101097 -0.121542946325473
51.5187013201676 -0.121261927608143
51.5187260196585 -0.121271725894049
51.5186304964458 -0.120875751976743
51.518528113667 -0.120870933914377
51.5185169449392 -0.120869610973487
51.5184152236336 -0.120760184873135
51.518109548029 -0.120888161349966
51.5180968655962 -0.121011208424912
51.5177730840187 -0.121456874104078
51.5175827759247 -0.121339566069957
51.517558854565 -0.121327834524788
51.5175080265659 -0.121443536502547
51.5176925400491 -0.121827760055465
51.5176650200607 -0.121900077222537
51.5177956217955 -0.122224367683212
51.5177867537117 -0.122254442458603
51.5177270730946 -0.122277693966158
51.5174460430121 -0.122614396060891
51.5174733695767 -0.122636683777082
51.5177441591577 -0.122822823757728
51.5177652237247 -0.122948165908884
51.5176739355502 -0.123063628443724
51.5176119033171 -0.12313094620012
51.5173694781838 -0.123436464532788
51.5173596378005 -0.123417022856568
51.5172019008129 -0.123104661894442
51.5171322156205 -0.123103842503232
51.5170208222629 -0.123614672279686
51.5170226475681 -0.123616379839
51.517026080753 -0.123634302152945
51.5168783765587 -0.124308834814982
51.5168031349669 -0.1242866133958
51.5170131396851 -0.123617721283476
51.5168969480796 -0.123098183672022
51.516762316947 -0.123089338664033
51.5166694754184 -0.12366963472572
51.5167425652678 -0.124271157221435
51.5165676171356 -0.124462066314377
51.5165161208812 -0.124468697430532
51.5162032566936 -0.124495927971888
51.5159718966875 -0.124841497819979
51.5162623666387 -0.125291722627857
51.5163660818108 -0.125363044206268
51.5164227692519 -0.125411222333673
51.5165561501219 -0.125386851137581
51.5166113139803 -0.125519704045061
51.5166527050868 -0.125555794998507
51.5166669099365 -0.125814633507018
51.5167242360797 -0.125891544928015
51.5169157376719 -0.125622478857905
51.5170220813982 -0.125706409945197
51.5170230327679 -0.125923488193976
51.5170264991777 -0.125932258774394
51.5170474404894 -0.126511567361651
51.5170039976651 -0.126498970536368
51.5169595257467 -0.126523255733603
51.5168294983697 -0.126616887430143
51.5167031733302 -0.126818508629211
51.5166376135933 -0.126783289211925
51.5163914255713 -0.127214070508047
51.5163905859464 -0.127217788877544
51.516675731358 -0.127419524776934
51.5165748471003 -0.127705662378038
51.51619529609 -0.127368045593247
51.5161704137452 -0.12738617846004
51.5160700026473 -0.127949774752927
51.5160262771736 -0.128020848602727
51.5161066848884 -0.128417553074884
51.5161821889821 -0.128580234283444
51.5163116012205 -0.128712780191383
51.5162519919917 -0.129264721290847
51.5160373639953 -0.129380704494213
51.5159949793305 -0.129440076108273
51.5159426052962 -0.129741211286275
51.5159044190094 -0.129945508225659
51.5159125229463 -0.129963239270892
51.5161846976305 -0.130056548869425
51.5162708432144 -0.130091761437092
51.516525080919 -0.129640821496553
51.5166365222132 -0.129948797982046
51.5166899264366 -0.130388922827961
51.5167187425516 -0.130312994226605
51.5166527308325 -0.129916642287853
51.5166946703176 -0.129654552157149
51.5167555570812 -0.129667388041689
51.5168554900905 -0.129969657915478
51.5169971102101 -0.12996017360139
51.5169140849276 -0.129370811088416
51.516977686583 -0.129288940388159
51.5168924395593 -0.12863941960491
51.5168607799401 -0.128582130227007
51.5171919448298 -0.128107344131806
51.5173010682 -0.128106435426213
51.517352400175 -0.128100765728381
51.5174828737773 -0.128080086210146
51.517285061644 -0.127548549292186
51.5171547354745 -0.127640408422983
51.5169844597667 -0.127127593580912
51.5169699892812 -0.127116541026847
51.5169648923349 -0.12707884078542
51.5170818204561 -0.126620913939088
51.5173338776455 -0.126664643533675
51.5173689805826 -0.126723573491024
51.5174430520274 -0.126790768411443
51.5175037533954 -0.126927082393557
51.5175523678083 -0.126931386503632
51.5176780912975 -0.127074897385534
51.5177300947624 -0.127049352647107
51.5177812379163 -0.126919263845468
51.5177846739915 -0.126819178339944
51.5177792185779 -0.126804071786951
51.5178395072762 -0.126633082787776
51.5178358789982 -0.126619802712218
51.51791701748 -0.12643714318556
51.5179260773126 -0.126300817881164
51.517925045433 -0.126298126896951
51.518074472154 -0.126028880843686
51.5181082141431 -0.126041994500669
51.5182172795083 -0.125604222681191
51.5181511222129 -0.125542883383878
51.5181302405748 -0.121180966069487
51.5183821833379 -0.121340898445837
51.5183828408965 -0.121365115107805
51.5182333025998 -0.121469550054227
51.5181696872829 -0.121336926222733
51.5181412449118 -0.121256215028255
51.5181302405748 -0.121180966069487
6 4
51.5185222186432 -0.124912402191775
51.5184922951266 -0.124991948026654
51.5184975185486 -0.12499815097745
51.5185768084352 -0.124846223066466
51.5185625130203 -0.124840511567691
51.5185222186432 -0.124912402191775
5 4
51.5192304283697 -0.122146458304969
51.5192627076477 -0.122101871366519
51.5192119060616 -0.122123807911079
51.5192187054016 -0.122144207081737
51.5192304283697 -0.122146458304969
