253 8
51.5186304964458 -0.120875751976743
51.5187260196585 -0.121271725894049
51.5187013201676 -0.121261927608143
51.5185724101097 -0.121542946325473
51.5185799303736 -0.121608356687064
51.5188206157796 -0.121907445705631
51.5187923718954 -0.122108620021509
51.5187418350722 -0.122450351086478
51.518745268371 -0.122490735250686
51.5191342743361 -0.122907091129407
51.5191968502488 -0.122974873878394
51.5192054488281 -0.122967270882867
51.5193020768263 -0.12285966604366
51.5194306594743 -0.122726502531541
51.5195459621042 -0.122493817065887
51.5195514994594 -0.122474693022489
51.5196460993744 -0.122161805482191
51.5196506222874 -0.122135473533814
51.5200945734594 -0.122131592779355
51.5200969991467 -0.122131493002479
51.5201051394369 -0.122140190478111
51.5201830837063 -0.122628889762949
51.5201110654927 -0.122746300269915
51.5200407110598 -0.122978922665535
51.5200367751595 -0.123165553931323
51.5198428886641 -0.123189687687069
51.5197455841419 -0.123373025382442
51.51967840673 -0.123669453001851
51.5196615913851 -0.123669193336808
51.5193946747623 -0.124034200628168
51.5193585091358 -0.123998844976134
51.5191801082054 -0.123805210821178
51.5190749246993 -0.124108662517117
51.518796727194 -0.124083133058842
51.5187753387212 -0.124072365294973
51.5187383947587 -0.124078280459703
51.5187157042397 -0.124182843519447
51.5186837413195 -0.124247262128987
51.5185929164122 -0.124453619716451
51.5185953872287 -0.124478831617506
51.5185176330712 -0.124591835800198
51.5184067992355 -0.124716299876004
51.518355366427 -0.124878729807361
51.5183561572963 -0.124883213308094
51.518291656552 -0.125156107882339
51.518170569451 -0.125224066052311
51.5181467124239 -0.125255706688528
51.5181443032615 -0.125346837880907
51.5181511222129 -0.125542883383878
51.5182172795083 -0.125604222681191
51.5181082141431 -0.126041994500669
51.518074472154 -0.126028880843686
51.517925045433 -0.126298126896951
51.5179260773126 -0.126300817881164
51.51791701748 -0.12643714318556
51.5178358789982 -0.126619802712218
51.5178395072762 -0.126633082787776
51.5177792185779 -0.126804071786951
51.5177846739915 -0.126819178339944
51.5177812379163 -0.126919263845468
51.5177300947624 -0.127049352647107
51.5176780912975 -0.127074897385534
51.5175523678083 -0.126931386503632
51.5175037533954 -0.126927082393557
51.5174430520274 -0.126790768411443
51.5173689805826 -0.126723573491024
51.5173338776455 -0.126664643533675
51.5170818204561 -0.126620913939088
51.5169648923349 -0.12707884078542
51.5169699892812 -0.127116541026847
51.5169844597667 -0.127127593580912
51.5171547354745 -0.127640408422983
51.517285061644 -0.127548549292186
51.5174828737773 -0.128080086210146
51.517352400175 -0.128100765728381
51.5173010682 -0.128106435426213
51.5171919448298 -0.128107344131806
51.5168607799401 -0.128582130227007
51.5168924395593 -0.12863941960491
51.516977686583 -0.129288940388159
51.5171154188961 -0.129407720946521
51.5170889465171 -0.129754624860433
51.5170261723102 -0.129961716572914
51.5169971102101 -0.12996017360139
51.5168554900905 -0.129969657915478
51.5167187425516 -0.130312994226605
51.5166899264366 -0.130388922827961
51.5166877807444 -0.130395309060532
51.5167052536815 -0.130419905926447
51.5171300744788 -0.130129538965998
51.5171333806876 -0.130133919422578
51.5169412864084 -0.130507450465131
51.5171955997934 -0.130405175299494
51.517249132759 -0.130938113754866
51.517271829404 -0.130940749801884
51.5172897002435 -0.130950832565864
51.5172973055321 -0.130954205238391
51.5174505695596 -0.130456887673656
51.5174225469651 -0.130469800187723
51.5174714606716 -0.129996599694715
51.5174950004513 -0.129973174940799
51.5175487104303 -0.129992603881491
51.5176978619965 -0.130156673659137
51.5177141130138 -0.130172289179362
51.5177158007579 -0.130565817764284
51.5173543915569 -0.130982409973239
51.517390106279 -0.131062946906007
51.5177883614655 -0.130995305769728
51.517823932246 -0.130937044056561
51.5178976421674 -0.131026840897209
51.5179824771387 -0.131115231913765
51.5180648402184 -0.131099263383366
51.5182524331236 -0.131340200381349
51.5182563728732 -0.13133920724297
51.5182926864872 -0.131333204993895
51.5183873156613 -0.131398735406689
51.5184039704465 -0.131710607331508
51.5184528772523 -0.132021159906625
51.5184495133506 -0.132120411575579
51.5184783163024 -0.132128265167625
51.5185757963924 -0.132141390322912
51.5186007881535 -0.132180893043352
51.5186554017546 -0.132257094668513
51.5189381281961 -0.132036483509301
51.5189640297738 -0.131975051454761
51.5191084067644 -0.132008837830189
51.51913810529 -0.131976961060572
51.5191841517952 -0.131780529893069
51.5192629114362 -0.131606052942568
51.5193503525936 -0.131502526537561
51.5194133969262 -0.131447654835405
51.5194139227271 -0.13144680140527
51.5194662433728 -0.131311316560207
51.5195110006699 -0.131242812793263
51.5194479980802 -0.13065711193489
51.5197546629514 -0.13054543836092
51.5197497138428 -0.130449257576479
51.5195719319198 -0.12978625356316
51.5196470502691 -0.129744432898329
51.5198715137404 -0.129828055838291
51.5203729877417 -0.129022886247582
51.5198473646429 -0.129057856947364
51.5197104464278 -0.128911227424833
51.5195461100608 -0.12868015439381
51.5194615957827 -0.12791338756672
51.5194632007683 -0.127529572932567
51.5196628901148 -0.127311383672314
51.5199958318253 -0.127398626667745
51.5203210074895 -0.127815989037995
51.5204505038361 -0.127711560043232
51.5208544600052 -0.127398585772904
51.5210314238352 -0.12760394692641
51.5211072193548 -0.127711605223855
51.5212688600757 -0.127903216319932
51.5211722221868 -0.12910363135764
51.5211439760478 -0.129288529242613
51.5212442305499 -0.129362861395152
51.5214939274943 -0.129591279870657
51.5221005267807 -0.128737556719592
51.522796209136 -0.128441500596277
51.5228004969101 -0.128411611511051
51.5229578677941 -0.128048360884023
51.522888000594 -0.12747288534608
51.5227443566262 -0.127304895678973
51.5225919862716 -0.127108383884117
51.5228737026235 -0.126656236062393
51.5230198385033 -0.126974590766753
51.5231403143775 -0.126879556049036
51.5231679861286 -0.126855957136872
51.523371225129 -0.126702495740679
51.5232690751186 -0.126436412837324
51.5231860823444 -0.126227189003447
51.523166339272 -0.12617308880418
51.523163791171 -0.126109249873238
51.5231261476126 -0.126065749485207
51.5230061467255 -0.125914739604768
51.5226988601815 -0.125677763912768
51.5228131163727 -0.125452362127281
51.5229029899659 -0.125236993449767
51.5229320799422 -0.12505466592084
51.5226215207664 -0.124551244078249
51.5224863792573 -0.12454419787285
51.522074034393 -0.12501241695984
51.5220434590947 -0.124151525832075
51.5222401376301 -0.124116464513181
51.5224655147524 -0.124273834008429
51.522440948015 -0.123704590154943
51.522414684529 -0.123681304940194
51.522316137826 -0.123719584851365
51.5220166741416 -0.123820199708853
51.5219411551841 -0.123741296289927
51.5218851355881 -0.123678706177511
51.521864846527 -0.123466916023849
51.5216299805502 -0.123300909963896
51.5215664985271 -0.123154006377197
51.5213740444949 -0.123211478986952
51.5213639497459 -0.123192996928411
51.5212741955105 -0.123011044345197
51.5212738252607 -0.123004760557206
51.521036595934 -0.122882117025531
51.5210005085938 -0.122716856349988
51.5209654029535 -0.122708435538105
51.5208426523834 -0.122520711580655
51.5207845464334 -0.122417683066511
51.5207657546074 -0.122417505156284
51.5207172936946 -0.122383487370613
51.5205892973893 -0.122418463564094
51.5205571061001 -0.122395542651074
51.5204309021469 -0.122171833711099
51.5204154063479 -0.122096765533347
51.5204435529137 -0.122029885275869
51.5204828251831 -0.121720217758763
51.5204673401912 -0.121578475928309
51.5204352475303 -0.121539269552938
51.520425698283 -0.121532412803187
51.5203237405199 -0.12144747294263
51.5201715335428 -0.121531223911511
51.5201400698737 -0.121514453893997
51.5199541180401 -0.121590560430805
51.5198279339923 -0.121626414411342
51.5198224978513 -0.121286977609151
51.5195537505429 -0.121234098384281
51.5195012652368 -0.120825412215409
51.5191990255549 -0.120522559794356
51.5191950338264 -0.120340774126001
51.5189866806251 -0.119877306462306
51.5186378158469 -0.120064588756396
51.5184693578735 -0.120430071575037
51.5184654091059 -0.120424886249653
51.5181421987431 -0.120131819707275
51.5181374158368 -0.119996062374083
51.5179791653554 -0.119971917773485
51.5179485390215 -0.12000740500067
51.517928280101 -0.120106401531876
51.517784931798 -0.12059705307684
51.5180293313173 -0.120774285806197
51.5180301684202 -0.120776033963695
51.518109548029 -0.120888161349966
51.5184152236336 -0.120760184873135
51.5185169449392 -0.120869610973487
51.518528113667 -0.120870933914377
51.5186304964458 -0.120875751976743
51.5192119060616 -0.122123807911079
51.5192627076477 -0.122101871366519
51.5192304283697 -0.122146458304969
51.5192187054016 -0.122144207081737
51.5192119060616 -0.122123807911079
51.5185768084352 -0.124846223066466
51.5184975185486 -0.12499815097745
51.5184922951266 -0.124991948026654
51.5185222186432 -0.124912402191775
51.5185625130203 -0.124840511567691
51.5185768084352 -0.124846223066466
7 4
51.5181412449118 -0.121256215028255
51.5181696872829 -0.121336926222733
51.5182333025998 -0.121469550054227
51.5183828408965 -0.121365115107805
51.5183821833379 -0.121340898445837
51.5181302405748 -0.121180966069487
51.5181412449118 -0.121256215028255
