129 8
51.5203729877417 -0.129022886247582
51.5198715137404 -0.129828055838291
51.5196470502691 -0.129744432898329
51.5195719319198 -0.12978625356316
51.5197497138428 -0.130449257576479
51.5197546629514 -0.13054543836092
51.5194479980802 -0.13065711193489
51.5195110006699 -0.131242812793263
51.5194662433728 -0.131311316560207
51.5194139227271 -0.13144680140527
51.5194133969262 -0.131447654835405
51.5193503525936 -0.131502526537561
51.5192629114362 -0.131606052942568
51.5191841517952 -0.131780529893069
51.51913810529 -0.131976961060572
51.5191084067644 -0.132008837830189
51.5191084918763 -0.132014182304806
51.5191165784538 -0.132098586861962
51.5191473548319 -0.132258598440338
51.5192258912196 -0.132442683319779
51.519521125266 -0.132618024205777
51.519548194965 -0.132579124390293
51.5195881050298 -0.132590089464795
51.5197238656139 -0.132630410574296
51.5196914217758 -0.133320087812653
51.5196956575262 -0.133320746538139
51.5199392718066 -0.132772058402806
51.5200908924078 -0.132831697806705
51.5201914016709 -0.132814870527506
51.5203030498015 -0.133096843294474
51.5203495490206 -0.133149017033801
51.5205002053012 -0.133255404529027
51.5206079895489 -0.133724009742655
51.5206004635707 -0.133799072387354
51.5206961798112 -0.133870865569871
51.5210628547259 -0.134468422268194
51.5210636632939 -0.134468389226551
51.5210748392203 -0.134481481266302
51.5213567953706 -0.134833994703128
51.521555096663 -0.134629433943655
51.5219230258531 -0.13492162887559
51.5220016673852 -0.134937313217627
51.5220361765524 -0.134902625027116
51.5221310119429 -0.134681609030309
51.5224347020024 -0.134733142189995
51.5223918070058 -0.135241204410006
51.52239717876 -0.135268083234557
51.5225455256436 -0.13537635941422
51.5225653672682 -0.135374716982406
51.5226675531176 -0.135666961663672
51.5227841363652 -0.135784737783416
51.5228959139894 -0.135798119834871
51.5229930843416 -0.135723909138193
51.5230094558048 -0.135735839013199
51.5231687275214 -0.136056420639057
51.5231714940746 -0.136100402511595
51.5231508569961 -0.136187770838903
51.5231504361001 -0.136189570833312
51.5232424104731 -0.136399396519945
51.5233128084772 -0.136484712442992
51.5233318698552 -0.136484885125926
51.5234379843867 -0.136503967520094
51.5235685729001 -0.136332001684354
51.5238600951483 -0.136274102346529
51.5238900533523 -0.136258497622951
51.5239896467324 -0.136348089921457
51.5240000798569 -0.136393661299367
51.524177552288 -0.136598099336231
51.5244106183784 -0.13688406405793
51.5244827763108 -0.136961347583883
51.5250845077417 -0.136143047304756
51.5252574733484 -0.136188282619616
51.5254700877692 -0.135622741798288
51.5253859501699 -0.135261278878618
51.5253921393882 -0.134638438318622
51.5257039809886 -0.134371570128009
51.5256024258672 -0.133864859119701
51.5252940351764 -0.13362524732191
51.525181952556 -0.133637912696249
51.5249150483396 -0.132751443551089
51.524551163674 -0.132640221106139
51.5240461499176 -0.133105878852714
51.5238256001977 -0.132703182615607
51.5236983912408 -0.132511086328082
51.5236942038684 -0.132462645768345
51.5236150159127 -0.132096483478711
51.5235332502539 -0.131901579167225
51.5235296433404 -0.131878312340984
51.5234272127123 -0.131153686972845
51.5230477598708 -0.131075446189895
51.5229666815214 -0.130839156899474
51.5232500327537 -0.130167199989978
51.5225075506835 -0.130014699025224
51.5223064940222 -0.130316618012548
51.5222065331959 -0.1303621913247
51.5219159322509 -0.13028031980468
51.52165701253 -0.130009011852522
51.5214939274943 -0.129591279870657
51.5212442305499 -0.129362861395152
51.5211439760478 -0.129288529242613
51.5211722221868 -0.12910363135764
51.5212688600757 -0.127903216319932
51.5211072193548 -0.127711605223855
51.5210314238352 -0.12760394692641
51.5208544600052 -0.127398585772904
51.5204505038361 -0.127711560043232
51.5203210074895 -0.127815989037995
51.5199958318253 -0.127398626667745
51.5196628901148 -0.127311383672314
51.5194632007683 -0.127529572932567
51.5194615957827 -0.12791338756672
51.5195461100608 -0.12868015439381
51.5197104464278 -0.128911227424833
51.5198473646429 -0.129057856947364
51.5203729877417 -0.129022886247582
51.5213553112831 -0.13411323430697
51.5213537707633 -0.134112465326897
51.5211200362358 -0.134056176428328
51.5211371135798 -0.133880770763647
51.5212054159924 -0.133636477718604
51.5213698682909 -0.133694646156312
51.5213581704268 -0.134095171199346
51.5213686924917 -0.134078458770428
51.5214345949543 -0.133717196106866
51.5215327063409 -0.133747413899398
51.5215723358174 -0.133859414294358
51.5216180001688 -0.13421516723797
51.5213654066214 -0.134109256203903
51.5213553112831 -0.13411323430697
7 4
51.5228949420968 -0.136161256333821
51.5228282571783 -0.136032408671295
51.5226762495209 -0.136378296598749
51.5228996470986 -0.136621501907474
51.5229272162288 -0.136613958455978
51.5229386460604 -0.136609094313356
51.5228949420968 -0.136161256333821
6 4
51.519987582974 -0.133180932283429
51.520053270959 -0.132947566270136
51.5198200971608 -0.133259801186285
51.5198253694186 -0.133257802928485
51.5199722024913 -0.133248233656358
51.519987582974 -0.133180932283429
