51.5260768716333 -0.121639552588159
51.5261774484356 -0.12233456016144
51.5261447393607 -0.122683695857214
51.5262646946508 -0.12298328718914
51.5261944639685 -0.123116923637894
51.5261872219927 -0.123130652847654
51.526144477406 -0.123150477543426
51.5259599729574 -0.12363743264559
51.5261229072287 -0.123920757543324
51.5260891149433 -0.123988827979499
51.5257943341298 -0.123977528211132
51.5256688340958 -0.124067434099581
51.5257037861233 -0.124364219319839
51.5255484820935 -0.124580508600021
51.5256092381523 -0.124821319780977
51.5255233668498 -0.125101435529059
51.5255748171045 -0.125373176588365
51.5256809060717 -0.125480548521296
51.5257769029592 -0.125428942838596
51.5257788794469 -0.125428861665147
51.5258687000693 -0.125362057464952
51.5261458583153 -0.125187595604468
51.5262084770265 -0.125185023512515
51.5263696532912 -0.125566726894962
51.526418056147 -0.125850366010348
51.5263526923674 -0.126181942333504
51.5262363387556 -0.126225468144777
51.5260728517872 -0.12637992482151
51.525793340886 -0.126440963439578
51.5256441493287 -0.126280325909828
51.5255865448382 -0.125921473682908
51.5252154475288 -0.125747485890357
51.5252318148039 -0.126181126558461
51.5252653876781 -0.126425668861342
51.5252433227374 -0.126462589004495
51.5250376884404 -0.126432281397037
51.5249550476613 -0.126757305420699
51.5248076055323 -0.126830035873268
51.5248113438297 -0.127064152415646
51.5245287966424 -0.12723347001709
51.5244364299802 -0.127230960194005
51.5243853711978 -0.127253736204898
51.5243069226937 -0.127171377626061
51.5243051837156 -0.127152550695787
51.5242374364869 -0.126895865659261
51.5241064184921 -0.126809246976755
51.5236985962477 -0.126609784298468
51.5237763752953 -0.126368761870914
51.523738756646 -0.126197371009209
51.5236972891636 -0.126162109163648
51.5234691100486 -0.125941729346303
51.5233560823156 -0.125822047710739
51.5233834460127 -0.125531631834963
51.5232979141604 -0.12551802903716
51.5231555310237 -0.125620385377595
51.5228131163727 -0.125452362127281
51.5226988601815 -0.125677763912768
51.5230061467255 -0.125914739604768
51.5231261476126 -0.126065749485207
51.523163791171 -0.126109249873238
51.523166339272 -0.12617308880418
51.5231860823444 -0.126227189003447
51.5232690751186 -0.126436412837324
51.523371225129 -0.126702495740679
51.5231679861286 -0.126855957136872
51.5231403143775 -0.126879556049036
51.5230198385033 -0.126974590766753
51.5228737026235 -0.126656236062393
51.5225919862716 -0.127108383884117
51.5227443566262 -0.127304895678973
51.522888000594 -0.12747288534608
51.5229578677941 -0.128048360884023
51.5228004969101 -0.128411611511051
51.522796209136 -0.128441500596277
51.5221005267807 -0.128737556719592
51.5214939274943 -0.129591279870657
51.52165701253 -0.130009011852522
51.5219159322509 -0.13028031980468
51.5222065331959 -0.1303621913247
51.5223064940222 -0.130316618012548
51.5225075506835 -0.130014699025224
51.5232500327537 -0.130167199989978
51.5229666815214 -0.130839156899474
51.5230477598708 -0.131075446189895
51.5234272127123 -0.131153686972845
51.5235296433404 -0.131878312340984
51.5235332502539 -0.131901579167225
51.5236150159127 -0.132096483478711
51.5236942038684 -0.132462645768345
51.5236983912408 -0.132511086328082
51.5238256001977 -0.132703182615607
51.5240461499176 -0.133105878852714
51.524551163674 -0.132640221106139
51.5249150483396 -0.132751443551089
51.525181952556 -0.133637912696249
51.5252940351764 -0.13362524732191
51.5256024258672 -0.133864859119701
51.5259514688284 -0.133461436728419
51.5260475708304 -0.133557469313837
51.5263293272917 -0.133857723469839
51.5265164555229 -0.133759023716643
51.5267106126107 -0.133254593094799
51.5266514290346 -0.133060651778291
51.5264931320452 -0.13299949376248
51.5260908643351 -0.132815071949089
51.5261841858038 -0.132358033860075
51.5262553661725 -0.132063195949742
51.5263050404913 -0.132049395675303
51.5263853351675 -0.131931763921634
51.5266671624769 -0.13190311294559
51.5267759149574 -0.131449952212874
51.5270780941156 -0.131265465744933
51.5273175584082 -0.131286328318417
51.5273314579519 -0.131148707965367
51.5273292059462 -0.131114567079776
51.5267759245681 -0.130683163511634
51.5269248143156 -0.130424717579185
51.5268719822398 -0.130240384456668
51.5270942161501 -0.129755585411073
51.5273665536064 -0.129678693491382
51.5274779760299 -0.129731777216316
51.5275067240824 -0.129358431595874
51.5277545007689 -0.129066207010373
51.5277662057635 -0.12907297802245
51.5276746363222 -0.128579396937723
51.527627840515 -0.12854256548496
51.5277351046253 -0.128256098148717
51.5278262865254 -0.128128024620657
51.5279918694343 -0.128268152705494
51.528335520216 -0.128592831873894
51.5283421710779 -0.128587091252769
51.5280476852768 -0.128137844079297
51.5279347541676 -0.127810006031481
51.5280958022219 -0.127609646564986
51.528089277022 -0.127516247101005
51.5283178053595 -0.127274366229709
51.528428054636 -0.127180691493296
51.5284387197967 -0.127173002907644
51.5284495496603 -0.126871584971182
51.5284435078712 -0.126633978286682
51.528483936038 -0.126632318827654
51.5287221014944 -0.125823270109145
51.5287202541314 -0.125763911657899
51.5287389371331 -0.125746027321779
51.528810188112 -0.12570981797296
51.5288735109671 -0.12575131784326
51.5289790378467 -0.125823535983391
51.5291860043682 -0.125970993954324
51.5293420655184 -0.126088923910642
51.5293728044005 -0.126020975509015
51.5293891326549 -0.125985119411325
51.5296740256704 -0.125383225759221
51.5302748210883 -0.125051260979155
51.5301144814917 -0.12485695427252
51.5301029166601 -0.124842094934187
51.529825966244 -0.124484021699468
51.529518662392 -0.12420113798585
51.5294366314574 -0.12411975493256
51.5295643577626 -0.123781191015879
51.529669326141 -0.123790308057102
51.5297127260038 -0.123755239884666
51.5298270985751 -0.123385602130376
51.5299695455298 -0.123394128141918
51.5297407985673 -0.122756517594966
51.5300092166469 -0.12276081089079
51.5300696850456 -0.122820493716248
51.5304188783979 -0.122181689749199
51.5302849293339 -0.122063811485885
51.5301681205054 -0.121584688361724
51.5301597845111 -0.12131114935897
51.5302031178209 -0.121210225767281
51.5299047269719 -0.120956712680799
51.5296302621133 -0.121119336204755
51.5296229347692 -0.121127721101097
51.529530048383 -0.121019806620294
51.5294181159598 -0.120963196745077
51.5294010198372 -0.120934183022015
51.5292509682361 -0.120748385950774
51.5290683604312 -0.120718936761981
51.5289536814405 -0.120575072319977
51.5289945123148 -0.120301179893513
51.528718993538 -0.119881866184968
51.528715321164 -0.119888317511736
51.5284880714824 -0.11987247904962
51.5284716978466 -0.11981003462227
51.5283313910347 -0.119626577393642
51.5284196524304 -0.119333735265796
51.527949905082 -0.119461260648381
51.5279685614358 -0.119032452705128
51.5276725790681 -0.118800500169429
51.5276588580092 -0.118808197677807
51.5274743744647 -0.119317770526386
51.5272777890081 -0.119100621877344
51.5274872189002 -0.118689155861293
51.5271797927763 -0.118438780180348
51.5271193214183 -0.118962018755521
51.5267127403528 -0.119648214324603
51.5266692427023 -0.119677107174799
51.5265024703518 -0.119631677966495
51.5262582101723 -0.120759046452104
51.5260304015499 -0.12106748189389
51.5259490708275 -0.121479000214517
51.5260768716333 -0.121639552588159
