51.5215975874079 -0.114084103109457
51.5215040523264 -0.114109597931031
51.5214955397342 -0.11447481903101
51.5215579895874 -0.114584790715612
51.5214350734111 -0.115019628190262
51.5214036460919 -0.115044339261985
51.5214043963324 -0.1153092243257
51.5212043393085 -0.115553518139329
51.5213403746393 -0.115912770797049
51.5213404032552 -0.115914552359257
51.5212503456038 -0.116089412183221
51.5212460060694 -0.116216641166634
51.5212280146165 -0.116232715133948
51.5211462032102 -0.116282917549669
51.5208812886613 -0.116278517258845
51.5208766793406 -0.11629938706325
51.5208331540193 -0.116533650141323
51.5209651704763 -0.11674355707378
51.5208989599757 -0.117132783383732
51.5206516988503 -0.117152845767462
51.5206188762735 -0.11720827516234
51.5205466713341 -0.117604994673434
51.5207836824862 -0.117803324814578
51.5208441004876 -0.117848491953819
51.5208881715904 -0.118045864785433
51.5208109524337 -0.118432808700878
51.520767305323 -0.118508412258786
51.5207492411509 -0.118519971918109
51.5205106716564 -0.118706411312814
51.520603705279 -0.11904759200349
51.5205351488447 -0.119717150550513
51.5203271635007 -0.119809503827024
51.5202907251059 -0.120121788787372
51.5200620804535 -0.120428438034293
51.5199323512301 -0.120433779061709
51.5198122149958 -0.12076852135643
51.5195012652368 -0.120825412215409
51.5195537505429 -0.121234098384281
51.5198224978513 -0.121286977609151
51.5198279339923 -0.121626414411342
51.5199541180401 -0.121590560430805
51.5201400698737 -0.121514453893997
51.5201715335428 -0.121531223911511
51.5203237405199 -0.12144747294263
51.520425698283 -0.121532412803187
51.5204352475303 -0.121539269552938
51.5204673401912 -0.121578475928309
51.5204828251831 -0.121720217758763
51.5204435529137 -0.122029885275869
51.5204154063479 -0.122096765533347
51.5204309021469 -0.122171833711099
51.5205571061001 -0.122395542651074
51.5205892973893 -0.122418463564094
51.5207172936946 -0.122383487370613
51.5207657546074 -0.122417505156284
51.5207845464334 -0.122417683066511
51.5208426523834 -0.122520711580655
51.5209654029535 -0.122708435538105
51.5210005085938 -0.122716856349988
51.521036595934 -0.122882117025531
51.5212738252607 -0.123004760557206
51.5212741955105 -0.123011044345197
51.5213639497459 -0.123192996928411
51.5213740444949 -0.123211478986952
51.5215664985271 -0.123154006377197
51.5216299805502 -0.123300909963896
51.521864846527 -0.123466916023849
51.5218851355881 -0.123678706177511
51.5219411551841 -0.123741296289927
51.5220166741416 -0.123820199708853
51.522316137826 -0.123719584851365
51.522414684529 -0.123681304940194
51.522440948015 -0.123704590154943
51.5224655147524 -0.124273834008429
51.5222401376301 -0.124116464513181
51.5220434590947 -0.124151525832075
51.522074034393 -0.12501241695984
51.5224863792573 -0.12454419787285
51.5226215207664 -0.124551244078249
51.5229320799422 -0.12505466592084
51.5229029899659 -0.125236993449767
51.5228131163727 -0.125452362127281
51.5231555310237 -0.125620385377595
51.5232979141604 -0.12551802903716
51.5233834460127 -0.125531631834963
51.5233560823156 -0.125822047710739
51.5234691100486 -0.125941729346303
51.5236972891636 -0.126162109163648
51.523738756646 -0.126197371009209
51.5237763752953 -0.126368761870914
51.5236985962477 -0.126609784298468
51.5241064184921 -0.126809246976755
51.5242374364869 -0.126895865659261
51.5243051837156 -0.127152550695787
51.5243069226937 -0.127171377626061
51.5243853711978 -0.127253736204898
51.5244364299802 -0.127230960194005
51.5245287966424 -0.12723347001709
51.5248113438297 -0.127064152415646
51.5248076055323 -0.126830035873268
51.5249550476613 -0.126757305420699
51.5250376884404 -0.126432281397037
51.5252433227374 -0.126462589004495
51.5252653876781 -0.126425668861342
51.5252318148039 -0.126181126558461
51.5252154475288 -0.125747485890357
51.5255865448382 -0.125921473682908
51.5256441493287 -0.126280325909828
51.525793340886 -0.126440963439578
51.5260728517872 -0.12637992482151
51.5262363387556 -0.126225468144777
51.5263526923674 -0.126181942333504
51.526418056147 -0.125850366010348
51.5263696532912 -0.125566726894962
51.5262084770265 -0.125185023512515
51.5261458583153 -0.125187595604468
51.5258687000693 -0.125362057464952
51.5257788794469 -0.125428861665147
51.5257769029592 -0.125428942838596
51.5256809060717 -0.125480548521296
51.5255748171045 -0.125373176588365
51.5255233668498 -0.125101435529059
51.5256092381523 -0.124821319780977
51.5255484820935 -0.124580508600021
51.5257037861233 -0.124364219319839
51.5256688340958 -0.124067434099581
51.5257943341298 -0.123977528211132
51.5260891149433 -0.123988827979499
51.5261229072287 -0.123920757543324
51.5259599729574 -0.12363743264559
51.526144477406 -0.123150477543426
51.5261872219927 -0.123130652847654
51.5261944639685 -0.123116923637894
51.5262646946508 -0.12298328718914
51.5261447393607 -0.122683695857214
51.5261774484356 -0.12233456016144
51.5260768716333 -0.121639552588159
51.5259490708275 -0.121479000214517
51.5260304015499 -0.12106748189389
51.5262582101723 -0.120759046452104
51.5265024703518 -0.119631677966495
51.5264234372002 -0.1194907534463
51.5267231005687 -0.118696403861813
51.526425954323 -0.118223810502218
51.5265093609824 -0.117931178122867
51.5264195978244 -0.117289811318669
51.5263726635044 -0.117328594726716
51.5259100401197 -0.11823616594723
51.5258512908729 -0.117919564379942
51.5257849587779 -0.117410602487859
51.5255351032202 -0.117358624922798
51.525525986242 -0.117384318234996
51.5254062864187 -0.117700906534037
51.5248814723527 -0.117052304222112
51.5248444357347 -0.117091629105443
51.5245345073784 -0.116758418623168
51.5245085169031 -0.116337902339482
51.5244171851754 -0.116198329099902
51.5243877049188 -0.116064404786642
51.5243941575101 -0.1159623964467
51.5239520528325 -0.115879735073665
51.5239486888637 -0.115871791694139
51.5236832562181 -0.115935876191396
51.5236752951567 -0.115927171752941
51.5236719105708 -0.115716461572545
51.5235828115553 -0.115548036903925
51.5235897136696 -0.115418080705473
51.5234353126727 -0.115230721572352
51.5233085291472 -0.115324265438391
51.5232560807125 -0.115293983605659
51.5232303712432 -0.115294094262692
51.5230408964834 -0.115016429967995
51.523097307476 -0.114705911747933
51.5227726441705 -0.114686873493717
51.5227564344683 -0.114701924208523
51.522700464517 -0.114597981097692
51.5226367479609 -0.114554616654124
51.5224922953752 -0.114544419053128
51.5224640964548 -0.114579813281128
51.5224094889358 -0.114392855754998
51.5222734678913 -0.114163385026353
51.52226707663 -0.113995116934226
51.5222603884639 -0.113987311321791
51.5219916957243 -0.114290311060306
51.521984195102 -0.11428788731846
51.5218919123076 -0.114296215684166
51.5218542767892 -0.114203164999478
51.5218554745018 -0.114014855666958
51.5217206591392 -0.113905140355852
51.5216353834731 -0.113941109759951
51.5215975874079 -0.114084103109457
