122 4
51.5188356916112 -0.114805362852
51.5187307626439 -0.114882665045402
51.5186224575949 -0.115051971508709
51.5185835826979 -0.115167070987194
51.5185956648331 -0.115594523698469
51.5189550247344 -0.115232787412182
51.5189748658238 -0.11530945420671
51.5187063902505 -0.115883613831233
51.5187631800616 -0.116072250639936
51.5188371964905 -0.116297969217888
51.5188386257059 -0.116314191743775
51.5187916548389 -0.116417859242566
51.5187672050721 -0.116468425423866
51.5187541638881 -0.116496059605124
51.5187037564668 -0.116536881871584
51.5186506019077 -0.116535390589929
51.5184998370325 -0.116540778320845
51.5182882025817 -0.116551291584934
51.5182897298608 -0.116601617414999
51.518227525755 -0.117133978530062
51.5182485944813 -0.117259200455674
51.5184450523209 -0.117367326435674
51.5185248818648 -0.117736961412323
51.5185076271782 -0.117849384391541
51.5184332849867 -0.117978540444097
51.518396735842 -0.118233180207541
51.5185177133414 -0.11849487573753
51.5184887137726 -0.118844753490965
51.5183857009632 -0.118991251569999
51.5183124005793 -0.119381695174336
51.5185343961184 -0.119395012050038
51.5185834185145 -0.118942580376301
51.5190303282447 -0.119325026021895
51.5189949139299 -0.119482407378323
51.5189866806251 -0.119877306462306
51.5191950338264 -0.120340774126001
51.5196720642712 -0.119983257128819
51.5195392279717 -0.119531174823231
51.5197500794774 -0.119202677028377
51.5200127738835 -0.119287288055985
51.5201300589392 -0.11883107797272
51.5200096651576 -0.118672982118924
51.5198989177605 -0.118051466465158
51.5201765570026 -0.118058917951237
51.5203364186074 -0.118093805537474
51.5203890799634 -0.117784415112817
51.5204422107448 -0.117722800980025
51.5205194966789 -0.117625843840554
51.520256037265 -0.117179979068916
51.5203486805449 -0.117014882934473
51.5206188762735 -0.11720827516234
51.5206516988503 -0.117152845767462
51.5206189427225 -0.11665242194404
51.5208331540193 -0.116533650141323
51.5208766793406 -0.11629938706325
51.5208812886613 -0.116278517258845
51.5208479433707 -0.116150229728662
51.5206490395989 -0.116102579143996
51.5206246643037 -0.116045825051607
51.5205966961064 -0.115966875943266
51.5207065468064 -0.115608294569134
51.5209211244437 -0.115607519009442
51.520943721829 -0.11554799391989
51.5209945730313 -0.114796316332094
51.5208736031096 -0.114507637561182
51.5208013572694 -0.114269240804755
51.5208919454546 -0.11421142285587
51.5211998216411 -0.113907643191459
51.5212099566763 -0.113883811158109
51.5214584054904 -0.11360779783819
51.5215354899172 -0.113437033889181
51.5214914636794 -0.113119978819499
51.5211985474085 -0.113174396174321
51.5211511391547 -0.11312774634277
51.5211103348709 -0.113106019628751
51.5210991048975 -0.113106483795173
51.5209441894029 -0.113004734667701
51.5208881810803 -0.112993501037531
51.5207515607336 -0.112816359894371
51.5207247945524 -0.112750792646909
51.5204507349857 -0.112848524163706
51.520405484846 -0.112768390147408
51.5202659972583 -0.112491301041818
51.5202189804654 -0.112496929197999
51.5200186343959 -0.112259200878553
51.5199398506451 -0.112279572379061
51.5198604782134 -0.112224263404014
51.5198128765295 -0.112204720686961
51.5197317741586 -0.112108957238604
51.5195740403948 -0.112122610616777
51.5195160650814 -0.11215115388211
51.5194380000225 -0.112059781631036
51.5193116278778 -0.111977656936724
51.519092080588 -0.112032728766091
51.5190469695764 -0.112056223796996
51.5189454447925 -0.111959524095189
51.5189030327009 -0.111916117595233
51.5188390801294 -0.111897251789444
51.5186785042082 -0.112158810066102
51.518661245232 -0.112343254424308
51.5186588227912 -0.112561430784292
51.5186766910702 -0.112632710741826
51.5187307628092 -0.112707960941041
51.5188644164393 -0.112918611627422
51.5188589226473 -0.112945934939388
51.5189515246462 -0.11317539694658
51.5189812552887 -0.113240839407262
51.5189923456528 -0.113248462435049
51.5190439476712 -0.113293154279338
51.5190835076597 -0.113483452024552
51.5190846544384 -0.113493268665829
51.5189634125278 -0.113668581107185
51.5192034744637 -0.113910849325869
51.5189342779402 -0.114042715184393
51.5188584948693 -0.11394221451021
51.5187463683777 -0.113985589329485
51.5186462045247 -0.113733027154962
51.5185517243639 -0.113817149196348
51.5185318073251 -0.113903538467572
51.5185092253414 -0.114232356999263
51.5186540106127 -0.114347120781385
51.5188356916112 -0.114805362852
12 4
51.5182825804225 -0.119669331581406
51.5182804961367 -0.119651472352526
51.5181418506254 -0.11964458530023
51.5179595999031 -0.119643059378564
51.5179471099572 -0.119794857924292
51.5179791653554 -0.119971917773485
51.5181374158368 -0.119996062374083
51.5181421987431 -0.120131819707275
51.5184654091059 -0.120424886249653
51.5184693578735 -0.120430071575037
51.5186378158469 -0.120064588756396
51.5182825804225 -0.119669331581406
7 4
51.5183843741882 -0.112852887061948
51.5185344425864 -0.112530444726858
51.518470302832 -0.112494353830581
51.5182754175724 -0.112433958021165
51.5182746203881 -0.112468217364889
51.518304230903 -0.112922869909263
51.5183843741882 -0.112852887061948
