183 8
51.5182551465649 -0.112291592004068
51.518215611307 -0.112304041217715
51.5180286927948 -0.112381172659879
51.5179484600259 -0.112423231897222
51.5179455190629 -0.112709759710535
51.5178936049685 -0.113020059391374
51.5179976963679 -0.1130751777306
51.5180255648553 -0.113695564140982
51.5180522280459 -0.113704445187331
51.5181020595298 -0.114024802414658
51.5179224232236 -0.114062883725616
51.5178864458451 -0.114140071295087
51.5179072778774 -0.114211228243278
51.5179149117555 -0.114244307157914
51.517913540426 -0.114287621793898
51.5179183174736 -0.11447293475928
51.5176128365484 -0.114853122117699
51.5175609756095 -0.114870593741944
51.5176856884222 -0.115185243026744
51.5176283305698 -0.115839804171907
51.5176393361191 -0.115864544058537
51.5177161442172 -0.116185689047493
51.5176168976697 -0.116247421300269
51.5173816860094 -0.116693146908341
51.5174713432868 -0.117137235724871
51.5174381973917 -0.117413359237244
51.5172677777051 -0.117560853707755
51.5172501942367 -0.118285901539979
51.5172462371664 -0.118291412373004
51.5171618776559 -0.118395783102705
51.517152568764 -0.11846556847487
51.5173771413499 -0.11898146424713
51.5172380146574 -0.119252919620348
51.5173440279491 -0.119495381454942
51.5173483274428 -0.119516833086301
51.5173373476815 -0.119549728371409
51.5173856341236 -0.119926123622421
51.5175307564508 -0.119894003077145
51.517676790545 -0.119890722875685
51.5176850433514 -0.119934472660757
51.5176392194853 -0.120564309318171
51.517604545657 -0.120582849559578
51.5174924899014 -0.120849622007106
51.5172104748291 -0.120872043326868
51.517161475546 -0.121298313723664
51.5171925010209 -0.121321399031409
51.5172236888829 -0.121393914605008
51.5171953623823 -0.121657238205506
51.5170953957727 -0.121814533476075
51.5170064277166 -0.121810944124604
51.5169425415401 -0.121998246390129
51.5169740582391 -0.122265405276837
51.5169175346343 -0.122384785218093
51.516787375566 -0.122621633376889
51.516711132014 -0.122935646938729
51.5167144818523 -0.122987678839041
51.5162952749187 -0.123049119195521
51.5162162286913 -0.123053200450315
51.516153615579 -0.123117925505394
51.5161411770681 -0.123183321201564
51.516224972987 -0.123481720522402
51.5162512006496 -0.123558955654123
51.5162357097693 -0.123619010341896
51.5162354089983 -0.123645166651522
51.5162219250338 -0.124010547582169
51.5161892057112 -0.124438037815579
51.5162032566936 -0.124495927971888
51.5165161208812 -0.124468697430532
51.5165676171356 -0.124462066314377
51.5167425652678 -0.124271157221435
51.5166694754184 -0.12366963472572
51.516762316947 -0.123089338664033
51.5168969480796 -0.123098183672022
51.5170131396851 -0.123617721283476
51.5168031349669 -0.1242866133958
51.5168783765587 -0.124308834814982
51.517026080753 -0.123634302152945
51.5170226475681 -0.123616379839
51.5170208222629 -0.123614672279686
51.5171322156205 -0.123103842503232
51.5172019008129 -0.123104661894442
51.5173596378005 -0.123417022856568
51.5173694781838 -0.123436464532788
51.5176119033171 -0.12313094620012
51.5176739355502 -0.123063628443724
51.5177652237247 -0.122948165908884
51.5177441591577 -0.122822823757728
51.5174733695767 -0.122636683777082
51.5174460430121 -0.122614396060891
51.5177270730946 -0.122277693966158
51.5177867537117 -0.122254442458603
51.5177956217955 -0.122224367683212
51.5176650200607 -0.121900077222537
51.5176925400491 -0.121827760055465
51.5175080265659 -0.121443536502547
51.517558854565 -0.121327834524788
51.5175827759247 -0.121339566069957
51.5177730840187 -0.121456874104078
51.5180968655962 -0.121011208424912
51.518109548029 -0.120888161349966
51.5180301684202 -0.120776033963695
51.5180293313173 -0.120774285806197
51.517784931798 -0.12059705307684
51.517928280101 -0.120106401531876
51.5179485390215 -0.12000740500067
51.5179791653554 -0.119971917773485
51.5179471099572 -0.119794857924292
51.5179595999031 -0.119643059378564
51.5181418506254 -0.11964458530023
51.5182804961367 -0.119651472352526
51.5182825804225 -0.119669331581406
51.5186378158469 -0.120064588756396
51.5189866806251 -0.119877306462306
51.5189949139299 -0.119482407378323
51.5190303282447 -0.119325026021895
51.5185834185145 -0.118942580376301
51.5185343961184 -0.119395012050038
51.5183124005793 -0.119381695174336
51.5183857009632 -0.118991251569999
51.5184887137726 -0.118844753490965
51.5185177133414 -0.11849487573753
51.518396735842 -0.118233180207541
51.5184332849867 -0.117978540444097
51.5185076271782 -0.117849384391541
51.5185248818648 -0.117736961412323
51.5184450523209 -0.117367326435674
51.5182485944813 -0.117259200455674
51.518227525755 -0.117133978530062
51.5182897298608 -0.116601617414999
51.5182882025817 -0.116551291584934
51.5184998370325 -0.116540778320845
51.5186506019077 -0.116535390589929
51.5187037564668 -0.116536881871584
51.5187541638881 -0.116496059605124
51.5187672050721 -0.116468425423866
51.5187916548389 -0.116417859242566
51.5188386257059 -0.116314191743775
51.5188371964905 -0.116297969217888
51.5187631800616 -0.116072250639936
51.5187063902505 -0.115883613831233
51.5189748658238 -0.11530945420671
51.5189550247344 -0.115232787412182
51.5185956648331 -0.115594523698469
51.5185835826979 -0.115167070987194
51.5186224575949 -0.115051971508709
51.5187307626439 -0.114882665045402
51.5188356916112 -0.114805362852
51.5186540106127 -0.114347120781385
51.5185092253414 -0.114232356999263
51.5185318073251 -0.113903538467572
51.5185517243639 -0.113817149196348
51.5186462045247 -0.113733027154962
51.5187463683777 -0.113985589329485
51.5188584948693 -0.11394221451021
51.5189342779402 -0.114042715184393
51.5192034744637 -0.113910849325869
51.5189634125278 -0.113668581107185
51.5190846544384 -0.113493268665829
51.5190835076597 -0.113483452024552
51.5190439476712 -0.113293154279338
51.5189923456528 -0.113248462435049
51.5189812552887 -0.113240839407262
51.5189515246462 -0.11317539694658
51.5188589226473 -0.112945934939388
51.5188644164393 -0.112918611627422
51.5187307628092 -0.112707960941041
51.5186766910702 -0.112632710741826
51.5186588227912 -0.112561430784292
51.518661245232 -0.112343254424308
51.5186785042082 -0.112158810066102
51.5188390801294 -0.111897251789444
51.5186939460599 -0.111643701424339
51.5186236320087 -0.111620583183012
51.5184140713312 -0.112178776267763
51.5182694178001 -0.11220638671577
51.5182551465649 -0.112291592004068
51.518304230903 -0.112922869909263
51.5182746203881 -0.112468217364889
51.5182754175724 -0.112433958021165
51.518470302832 -0.112494353830581
51.5185344425864 -0.112530444726858
51.5183843741882 -0.112852887061948
51.518304230903 -0.112922869909263
36 8
51.5178184607848 -0.110998955963206
51.5177317118543 -0.110647569357455
51.5174667220396 -0.110588300835306
51.5172193045494 -0.111050721529114
51.5174215655245 -0.111463045038991
51.5174997164021 -0.112039987417489
51.5174978852043 -0.112049094948589
51.5178011708436 -0.112281483824334
51.5178744283888 -0.112347857808656
51.5179728356508 -0.112200585980479
51.5179754180751 -0.112187882073225
51.5179803038355 -0.112178648150438
51.517988311042 -0.112184615630663
51.5179983176699 -0.112175169964143
51.5179973772206 -0.11217259435065
51.5179984667751 -0.112150920254988
51.5180033467953 -0.112152501084017
51.5180122466711 -0.112141318556615
51.5182431081231 -0.1120407398968
51.5182063632111 -0.111790909708429
51.5183029437562 -0.111530217305781
51.5181942147634 -0.111237373430516
51.5182091220797 -0.11079537951187
51.5181868702045 -0.110770155164574
51.5178184607848 -0.110998955963206
51.5179828480325 -0.112152397962352
51.5179756226147 -0.112167076468589
51.5179675370338 -0.112167410797216
51.517967321041 -0.112153990715562
51.5179833622238 -0.11214524624928
51.5179828480325 -0.112152397962352
51.5179609650128 -0.111831719583017
51.5179843619334 -0.112123575874611
51.5179673057494 -0.112153040621291
51.5178333295367 -0.11187217484805
51.5179609650128 -0.111831719583017
13 4
51.5159257350038 -0.125716238876097
51.5159899410468 -0.125919901656834
51.5161876437038 -0.125830740901947
51.5162623666387 -0.125291722627857
51.5159718966875 -0.124841497819979
51.5159114373763 -0.124883552900551
51.5158610353753 -0.125003626045794
51.5157792233712 -0.125211500487098
51.5156073534974 -0.125296988103878
51.5154646062605 -0.125770342251486
51.515431362868 -0.125889708954301
51.5155116448738 -0.126007981238709
51.5159257350038 -0.125716238876097
5 4
51.5171104495786 -0.120806758375283
51.5169401499656 -0.120900281617037
51.5169351039129 -0.120921998968748
51.5170841361089 -0.121133933913988
51.5171104495786 -0.120806758375283
