295 4
51.5284969266247 -0.110598373338434
51.528473723118 -0.110474997778081
51.5284225128862 -0.110164494880208
51.528085229632 -0.109853240339415
51.5279383803949 -0.109956555075519
51.5277705798276 -0.109897770889634
51.5277397672559 -0.109921512665844
51.5271448267208 -0.10993355056244
51.5271104748644 -0.109330427355189
51.5269594535028 -0.109219483126905
51.5265535864967 -0.109505759630247
51.526550511165 -0.109515752657563
51.5265646179594 -0.109598966956362
51.5262513966155 -0.110128278220524
51.5263097267661 -0.110540336837355
51.5262536005817 -0.110583192368675
51.5259913529199 -0.110230925585332
51.5258236821167 -0.110755033222953
51.5257346011148 -0.11073887059979
51.5256910215338 -0.111521828642931
51.5260451450231 -0.111326982249827
51.5261174868595 -0.111961921482058
51.5260746338298 -0.112187154563967
51.5265029568725 -0.112200937460953
51.5265605212203 -0.112269755616712
51.5265611155148 -0.112558093174095
51.5262527908492 -0.113141144966516
51.5261003768045 -0.113150179515655
51.5255912552768 -0.112813574166846
51.5253478737332 -0.112834453188652
51.525321024773 -0.112892259464625
51.5246382130509 -0.11311422776303
51.5242875847705 -0.112990015414127
51.5240067979323 -0.11290427956675
51.5240045637981 -0.112826877467214
51.5241073817239 -0.112104493774725
51.5238715036081 -0.111731413612929
51.5238199867592 -0.111636201586227
51.5237286167313 -0.111449930985168
51.5236625462555 -0.111439114969808
51.5235508989511 -0.111512194854768
51.5235618440562 -0.111907292815678
51.5233021370174 -0.112103567151837
51.523298509034 -0.112112750156083
51.5231462250593 -0.11218572553642
51.5228445929361 -0.112106325960336
51.522948573386 -0.11259027697826
51.5230195551315 -0.112878415478212
51.5228580076613 -0.112940004265142
51.5226899829858 -0.11285602758439
51.5226871831988 -0.112743470585282
51.5226593090373 -0.112374395779878
51.5223413562091 -0.112599219166052
51.5223097991674 -0.112699646587081
51.5222750156596 -0.11275599429754
51.5222521462149 -0.112848812345347
51.5220552667309 -0.112932659708044
51.5220095493663 -0.112996708821119
51.5219402101108 -0.113022988739599
51.5218433443218 -0.113199088867905
51.5218289677611 -0.113233080170499
51.5215349796499 -0.112974965797195
51.521542585809 -0.1129168902274
51.521449034841 -0.11275139631303
51.5213491489775 -0.112588898523756
51.5213181659592 -0.112512689598778
51.5211734970518 -0.112567280384541
51.5211206197079 -0.112555085848571
51.5210557096771 -0.112504644103653
51.52074643113 -0.112637230236736
51.5207418876854 -0.112595108171941
51.520712776483 -0.112210650073333
51.5205311012638 -0.112004712535156
51.5206062250586 -0.111293511091443
51.5206046251128 -0.111289061071378
51.5203575463407 -0.111024508713301
51.5200724534151 -0.111380483942553
51.5200969146953 -0.111755145396412
51.5199419108998 -0.111871370145619
51.5197892101789 -0.111912863827483
51.5197324234723 -0.111395382460925
51.5197244392472 -0.111402011561221
51.5196345041949 -0.111444475523095
51.519399303792 -0.111454205006895
51.5192710151247 -0.111258665094546
51.5191904578028 -0.111062815211194
51.519032903168 -0.111506321919289
51.5189288943476 -0.111322376367085
51.5188916270612 -0.110978797285787
51.5187994389248 -0.111065564084997
51.5185807411532 -0.110955651179441
51.5183711817821 -0.11151931350887
51.5183029437562 -0.111530217305781
51.5182063632111 -0.111790909708429
51.5182431081231 -0.1120407398968
51.5182694178001 -0.11220638671577
51.5184140713312 -0.112178776267763
51.5186236320087 -0.111620583183012
51.5186939460599 -0.111643701424339
51.5188390801294 -0.111897251789444
51.5189030327009 -0.111916117595233
51.5189454447925 -0.111959524095189
51.5190469695764 -0.112056223796996
51.519092080588 -0.112032728766091
51.5193116278778 -0.111977656936724
51.5194380000225 -0.112059781631036
51.5195160650814 -0.11215115388211
51.5195740403948 -0.112122610616777
51.5197317741586 -0.112108957238604
51.5198128765295 -0.112204720686961
51.5198604782134 -0.112224263404014
51.5199398506451 -0.112279572379061
51.5200186343959 -0.112259200878553
51.5202189804654 -0.112496929197999
51.5202659972583 -0.112491301041818
51.520405484846 -0.112768390147408
51.5204507349857 -0.112848524163706
51.5207247945524 -0.112750792646909
51.5207515607336 -0.112816359894371
51.5208881810803 -0.112993501037531
51.5209441894029 -0.113004734667701
51.5210991048975 -0.113106483795173
51.5211103348709 -0.113106019628751
51.5211511391547 -0.11312774634277
51.5211985474085 -0.113174396174321
51.5214914636794 -0.113119978819499
51.5215354899172 -0.113437033889181
51.5214584054904 -0.11360779783819
51.5212099566763 -0.113883811158109
51.5211998216411 -0.113907643191459
51.5208919454546 -0.11421142285587
51.5208013572694 -0.114269240804755
51.5208736031096 -0.114507637561182
51.5209945730313 -0.114796316332094
51.520943721829 -0.11554799391989
51.5209211244437 -0.115607519009442
51.5207065468064 -0.115608294569134
51.5205966961064 -0.115966875943266
51.5206246643037 -0.116045825051607
51.5206490395989 -0.116102579143996
51.5208479433707 -0.116150229728662
51.5208812886613 -0.116278517258845
51.5211462032102 -0.116282917549669
51.5212280146165 -0.116232715133948
51.5212460060694 -0.116216641166634
51.5212503456038 -0.116089412183221
51.5213404032552 -0.115914552359257
51.5213403746393 -0.115912770797049
51.5212043393085 -0.115553518139329
51.5214043963324 -0.1153092243257
51.5214036460919 -0.115044339261985
51.5214350734111 -0.115019628190262
51.5215579895874 -0.114584790715612
51.5214955397342 -0.11447481903101
51.5215040523264 -0.114109597931031
51.5215975874079 -0.114084103109457
51.5216353834731 -0.113941109759951
51.5217206591392 -0.113905140355852
51.5218554745018 -0.114014855666958
51.5218542767892 -0.114203164999478
51.5218919123076 -0.114296215684166
51.521984195102 -0.11428788731846
51.5219916957243 -0.114290311060306
51.5222603884639 -0.113987311321791
51.52226707663 -0.113995116934226
51.5222734678913 -0.114163385026353
51.5224094889358 -0.114392855754998
51.5224640964548 -0.114579813281128
51.5224922953752 -0.114544419053128
51.5226367479609 -0.114554616654124
51.522700464517 -0.114597981097692
51.5227564344683 -0.114701924208523
51.5227726441705 -0.114686873493717
51.523097307476 -0.114705911747933
51.5230408964834 -0.115016429967995
51.5232303712432 -0.115294094262692
51.5232560807125 -0.115293983605659
51.5233085291472 -0.115324265438391
51.5234353126727 -0.115230721572352
51.5235897136696 -0.115418080705473
51.5235828115553 -0.115548036903925
51.5236719105708 -0.115716461572545
51.5236752951567 -0.115927171752941
51.5236832562181 -0.115935876191396
51.5239486888637 -0.115871791694139
51.5239520528325 -0.115879735073665
51.5243941575101 -0.1159623964467
51.5243877049188 -0.116064404786642
51.5244171851754 -0.116198329099902
51.5245085169031 -0.116337902339482
51.5245345073784 -0.116758418623168
51.5248444357347 -0.117091629105443
51.5248814723527 -0.117052304222112
51.5254062864187 -0.117700906534037
51.525525986242 -0.117384318234996
51.5255351032202 -0.117358624922798
51.5257849587779 -0.117410602487859
51.5258512908729 -0.117919564379942
51.5259100401197 -0.11823616594723
51.5263726635044 -0.117328594726716
51.5264195978244 -0.117289811318669
51.5265093609824 -0.117931178122867
51.526425954323 -0.118223810502218
51.5267231005687 -0.118696403861813
51.5264234372002 -0.1194907534463
51.5265024703518 -0.119631677966495
51.5266692427023 -0.119677107174799
51.5267127403528 -0.119648214324603
51.5271193214183 -0.118962018755521
51.5271797927763 -0.118438780180348
51.5274872189002 -0.118689155861293
51.5272777890081 -0.119100621877344
51.5274743744647 -0.119317770526386
51.5276588580092 -0.118808197677807
51.5276725790681 -0.118800500169429
51.5279685614358 -0.119032452705128
51.527949905082 -0.119461260648381
51.5284196524304 -0.119333735265796
51.5283313910347 -0.119626577393642
51.5284716978466 -0.11981003462227
51.5284880714824 -0.11987247904962
51.528715321164 -0.119888317511736
51.528718993538 -0.119881866184968
51.5289945123148 -0.120301179893513
51.5289536814405 -0.120575072319977
51.5290683604312 -0.120718936761981
51.5292509682361 -0.120748385950774
51.5294010198372 -0.120934183022015
51.5294181159598 -0.120963196745077
51.529530048383 -0.121019806620294
51.5296229347692 -0.121127721101097
51.5296302621133 -0.121119336204755
51.5299047269719 -0.120956712680799
51.5302031178209 -0.121210225767281
51.5301597845111 -0.12131114935897
51.5301681205054 -0.121584688361724
51.5302849293339 -0.122063811485885
51.5304188783979 -0.122181689749199
51.530460456791 -0.122184496077709
51.530676439814 -0.122406342841834
51.5309028064121 -0.121839151935583
51.5308485780969 -0.121663904509165
51.5308484749417 -0.121663076635328
51.5308026235235 -0.121449563955219
51.530544782521 -0.121460177704967
51.5304047864521 -0.121116334679282
51.530380525167 -0.121100215823184
51.5305424586521 -0.120282475201125
51.5305770047181 -0.120227915788638
51.5307848138512 -0.120253591672486
51.5308200620088 -0.120102596057421
51.5309231706474 -0.119844195015674
51.5309786105394 -0.119578841404457
51.5309991192732 -0.119282355040217
51.5310187142701 -0.119242913206117
51.5310162073384 -0.119226730688639
51.5310607419949 -0.118584159915075
51.5307756703899 -0.118410350134315
51.5308809735389 -0.118031197477282
51.5307288983756 -0.117814817956895
51.5308037390756 -0.11754866266677
51.530737517832 -0.117410766317667
51.5309020357845 -0.116822802300387
51.5306486178548 -0.116537739484025
51.5306456009082 -0.1161539016558
51.5306597904012 -0.116136198079525
51.5307626271419 -0.116107702592157
51.5311608627975 -0.115602804746094
51.5312097356275 -0.115600786637199
51.531398375557 -0.115317324161058
51.5313270331771 -0.114989558690956
51.5313111792836 -0.114500921799477
51.5314742118536 -0.114240860971615
51.5313962075106 -0.113689053331378
51.5307478881764 -0.113288736677797
51.5308062182023 -0.113103377644675
51.5308963055731 -0.112835632510407
51.5309362231187 -0.112807829373627
51.531142944563 -0.112436117004179
51.5311567814115 -0.111731803562936
51.5309191557663 -0.111741635945855
51.530606440813 -0.111213937264648
51.5304018512168 -0.11141070005908
51.5302869958014 -0.111379434700888
51.530003687697 -0.11073522233102
51.5300013917214 -0.110715465722885
51.5298516919913 -0.110457648747023
51.5295335230013 -0.11104841614512
51.5293896791721 -0.11095879792305
51.5292586926536 -0.110651590940418
51.5292780624558 -0.110458813495153
51.5291317837279 -0.110100890101134
51.5288866616862 -0.110331780984241
51.5288672434234 -0.110471305412307
51.5284969266247 -0.110598373338434
34 4
51.5199323512301 -0.120433779061709
51.5200620804535 -0.120428438034293
51.5202907251059 -0.120121788787372
51.5203271635007 -0.119809503827024
51.5205351488447 -0.119717150550513
51.520603705279 -0.11904759200349
51.5205106716564 -0.118706411312814
51.5207492411509 -0.118519971918109
51.520767305323 -0.118508412258786
51.5208109524337 -0.118432808700878
51.5208881715904 -0.118045864785433
51.5208441004876 -0.117848491953819
51.5207836824862 -0.117803324814578
51.5205466713341 -0.117604994673434
51.5206188762735 -0.11720827516234
51.5203486805449 -0.117014882934473
51.520256037265 -0.117179979068916
51.5205194966789 -0.117625843840554
51.5204422107448 -0.117722800980025
51.5203890799634 -0.117784415112817
51.5203364186074 -0.118093805537474
51.5201765570026 -0.118058917951237
51.5198989177605 -0.118051466465158
51.5200096651576 -0.118672982118924
51.5201300589392 -0.11883107797272
51.5200127738835 -0.119287288055985
51.5197500794774 -0.119202677028377
51.5195392279717 -0.119531174823231
51.5196720642712 -0.119983257128819
51.5191950338264 -0.120340774126001
51.5191990255549 -0.120522559794356
51.5195012652368 -0.120825412215409
51.5198122149958 -0.12076852135643
51.5199323512301 -0.120433779061709
5 4
51.5247073183903 -0.111403138487438
51.5245006958848 -0.111562993593108
51.5245217892811 -0.112102686654669
51.5251123170539 -0.112140425552424
51.5247073183903 -0.111403138487438
6 4
51.5206516988503 -0.117152845767462
51.5208989599757 -0.117132783383732
51.5209651704763 -0.11674355707378
51.5208331540193 -0.116533650141323
51.5206189427225 -0.11665242194404
51.5206516988503 -0.117152845767462
6 4
51.5244878144629 -0.111572559713288
51.5244887874015 -0.111571568598836
51.5242205484219 -0.111232275164486
51.524171812725 -0.111399146427799
51.524219233284 -0.111820672311811
51.5244878144629 -0.111572559713288
5 4
51.5240954676535 -0.111621239399142
51.5239227146987 -0.111243648131353
51.5239164985992 -0.111248421880742
51.5237741708961 -0.111409299226144
51.5240954676535 -0.111621239399142
