151 4
51.5141266072535 -0.111616434248486
51.5139298012589 -0.112151585556308
51.5139904209801 -0.112549894487655
51.5140321075711 -0.112738181465664
51.5137814082699 -0.113025060081663
51.5136846972117 -0.113166067119991
51.5136440842233 -0.113312717310539
51.5136828511264 -0.113990345786123
51.5131096738097 -0.114522959909822
51.514067362206 -0.115053565300567
51.5139579128423 -0.115179646751142
51.5139154827008 -0.11528050253141
51.5138683128186 -0.116132797569
51.5138659025745 -0.116340968468731
51.5138143782766 -0.116396210885712
51.5137581000161 -0.116698458744602
51.5132087261915 -0.116855392341406
51.5131123556187 -0.117146692898743
51.5131208117748 -0.117281451804793
51.5131300988607 -0.117299962578241
51.5137883704582 -0.116836835387456
51.5138430889198 -0.117058929836068
51.5141179748649 -0.117348474094963
51.5141583692511 -0.117736811398656
51.5141266041688 -0.117852554779906
51.5141283669049 -0.117883972267399
51.5141842215392 -0.118053737174812
51.5142027516502 -0.118088028595725
51.5146223544947 -0.11804019531245
51.5147374000427 -0.1177192408857
51.5148164622634 -0.118041107548544
51.5148573731754 -0.118237634215999
51.514917537282 -0.118485535457498
51.5151280327736 -0.118476861788604
51.5152301273049 -0.118715907211501
51.5153200729702 -0.118937391434737
51.5155308402758 -0.119052177437492
51.5156487634229 -0.118731100592428
51.5158438038398 -0.118246535484992
51.5155608239527 -0.118483388943898
51.5155541382937 -0.11847011731189
51.5158905837048 -0.118136467435442
51.5160324823423 -0.117808217855282
51.516089280539 -0.117644616264778
51.5160872324638 -0.118553557144541
51.5158545679571 -0.118956845313964
51.5158080658859 -0.119202016476212
51.5158503001526 -0.119234501325851
51.5160956035178 -0.118879297765161
51.5162294613152 -0.119008067854696
51.5163921944551 -0.118868861011997
51.5164095586567 -0.119155611490731
51.5166666097345 -0.119314365834268
51.5165985984875 -0.119070342465783
51.5167604962655 -0.118800566607271
51.5166980367599 -0.119216694214083
51.5166703328245 -0.119322293418283
51.5167298658536 -0.119570231832612
51.5167536688599 -0.119552138907683
51.5168243737288 -0.119448333684884
51.5170456944573 -0.119088763816383
51.5171711286871 -0.11920802050979
51.5172380146574 -0.119252919620348
51.5173771413499 -0.11898146424713
51.517152568764 -0.11846556847487
51.5171618776559 -0.118395783102705
51.5172462371664 -0.118291412373004
51.5172501942367 -0.118285901539979
51.5172677777051 -0.117560853707755
51.5174381973917 -0.117413359237244
51.5174713432868 -0.117137235724871
51.5173816860094 -0.116693146908341
51.5176168976697 -0.116247421300269
51.5177161442172 -0.116185689047493
51.5176393361191 -0.115864544058537
51.5176283305698 -0.115839804171907
51.5176856884222 -0.115185243026744
51.5175609756095 -0.114870593741944
51.5176128365484 -0.114853122117699
51.5179183174736 -0.11447293475928
51.517913540426 -0.114287621793898
51.5179149117555 -0.114244307157914
51.5179072778774 -0.114211228243278
51.5178864458451 -0.114140071295087
51.5179224232236 -0.114062883725616
51.5181020595298 -0.114024802414658
51.5180522280459 -0.113704445187331
51.5180255648553 -0.113695564140982
51.5179976963679 -0.1130751777306
51.5178936049685 -0.113020059391374
51.5179455190629 -0.112709759710535
51.5179484600259 -0.112423231897222
51.5180286927948 -0.112381172659879
51.518215611307 -0.112304041217715
51.5182551465649 -0.112291592004068
51.5182694178001 -0.11220638671577
51.5182431081231 -0.1120407398968
51.5180122466711 -0.112141318556615
51.5180033467953 -0.112152501084017
51.5179984667751 -0.112150920254988
51.5179973772206 -0.11217259435065
51.5179983176699 -0.112175169964143
51.517988311042 -0.112184615630663
51.5179803038355 -0.112178648150438
51.5179754180751 -0.112187882073225
51.5179728356508 -0.112200585980479
51.5178744283888 -0.112347857808656
51.5178011708436 -0.112281483824334
51.5174978852043 -0.112049094948589
51.5174801198759 -0.112090353843208
51.5174408789679 -0.112193703009774
51.5174405196087 -0.112193717868333
51.5170629822374 -0.112129230752268
51.5170496816902 -0.111772077021696
51.5171746662231 -0.111846173591552
51.5169141242722 -0.111588492887057
51.5169001284804 -0.111612601684576
51.5168794176648 -0.11164399963382
51.5168749754481 -0.111664029300772
51.5165956697429 -0.111832327111751
51.5165133132309 -0.111759201825356
51.5164451670264 -0.111820487777524
51.516266087851 -0.11196574360967
51.5162318565775 -0.111749213309902
51.5164611334869 -0.111332477346343
51.5163290437658 -0.111274957810129
51.5162826466197 -0.111324649316748
51.516203225898 -0.111612547309701
51.515967986426 -0.111469097225401
51.515985599714 -0.111289996378658
51.5159862323799 -0.111284622603092
51.5159724232819 -0.11120866366695
51.5156920564629 -0.11100398191036
51.5156146791419 -0.11077117733052
51.5152863883149 -0.11053259505896
51.5152267768456 -0.110398165379896
51.5147907238113 -0.110758448333977
51.5147545626796 -0.110790603273903
51.5145325489156 -0.110580900488572
51.5142783729344 -0.110740907502879
51.5142310057515 -0.110869897751587
51.5142378870548 -0.111079468828683
51.5142135406923 -0.111108401264107
51.5138576342647 -0.110768296883527
51.5138504835419 -0.110782020535969
51.5138568299629 -0.111014189708633
51.514025410516 -0.111126997065958
51.5141448310412 -0.111190503724601
51.5141394638698 -0.111231247059951
51.51410240895 -0.111425642117385
51.5141266072535 -0.111616434248486
5 4
51.5179673057494 -0.112153040621291
51.5179843619334 -0.112123575874611
51.5179609650128 -0.111831719583017
51.5178333295367 -0.11187217484805
51.5179673057494 -0.112153040621291
6 4
51.5179828480325 -0.112152397962352
51.5179833622238 -0.11214524624928
51.517967321041 -0.112153990715562
51.5179675370338 -0.112167410797216
51.5179756226147 -0.112167076468589
51.5179828480325 -0.112152397962352
