51.5130127254397 -0.114917787775613
51.5129837177694 -0.114874900129153
51.5128417836225 -0.115043790660864
51.5127430720111 -0.11527304275928
51.512633798713 -0.115510809937969
51.5125807852384 -0.115764316222583
51.5125952319247 -0.116059242307746
51.512497016495 -0.116358696926998
51.5125073695211 -0.116398789726529
51.5124696863448 -0.116599378357005
51.5123067877373 -0.117310497381355
51.511897286259 -0.117421964589545
51.5119444312913 -0.117967685712438
51.5122406961743 -0.118306724855159
51.5123518033735 -0.118849816079208
51.5123238708709 -0.118913112736339
51.5121479609528 -0.118998664912862
51.5116312559334 -0.118978597033808
51.5116077097285 -0.11901830357632
51.5116069297314 -0.119020118065998
51.5115858419099 -0.119056158586142
51.5115398812033 -0.119194936845107
51.5116053954562 -0.119529936837578
51.5119000794603 -0.119804289107766
51.5119212037995 -0.1198826756153
51.5121167210125 -0.119932256349839
51.5123887961552 -0.119856175877279
51.5124074457488 -0.119696062070463
51.5124119179237 -0.119677816338512
51.5127939514261 -0.119658520787458
51.512815501499 -0.119600833978533
51.512950053258 -0.119268279692452
51.5129528377862 -0.119245706583576
51.5132387064275 -0.119188896698393
51.5133356521898 -0.119269509702465
51.5133455941581 -0.119295242539051
51.5132015738938 -0.119984912084482
51.5131844954875 -0.119973851211104
51.5129084605036 -0.120010407059752
51.5128321491311 -0.119854201292948
51.5127270851836 -0.119951330967613
51.5124945491911 -0.120082463944081
51.5125481131414 -0.120244120727387
51.5124199255136 -0.120474691944992
51.5124024315186 -0.120606001962976
51.5125720286065 -0.120681844242254
51.512562127052 -0.120810109166412
51.5125008562783 -0.121009050654243
51.5126090922159 -0.121233338528666
51.5126033856286 -0.121505686475571
51.5122815582241 -0.121354945369903
51.5121849709366 -0.121493072979642
51.5126290045416 -0.122370166792172
51.5126490741567 -0.12236031074794
51.5126924674438 -0.123616903580357
51.512719776169 -0.123643705805468
51.5128240291763 -0.123602466824546
51.5129912894461 -0.123279512339169
51.5130211290973 -0.122902671408762
51.5129932765819 -0.122549828583689
51.5129469387803 -0.122350796251599
51.5134426945341 -0.122185440203092
51.5135486520952 -0.122099090837387
51.5137256998852 -0.122662904942143
51.5138366829163 -0.122705161132047
51.5138583571447 -0.122643904450209
51.513988176508 -0.122638567167567
51.5140018469782 -0.122279494008617
51.5140550501265 -0.122250331710171
51.5141426219377 -0.122329555581641
51.5141488033226 -0.122333816968515
51.514296905811 -0.122111573152066
51.5143451391336 -0.122125750586809
51.5144473272001 -0.121697319615821
51.5146712748286 -0.122113288763555
51.5145237096225 -0.12229047512339
51.5146121424002 -0.122575124855
51.5147221624365 -0.122697632929548
51.5148419506615 -0.122475601032756
51.5150207800266 -0.12258351586225
51.5151503498969 -0.122736712095506
51.5151491180912 -0.122766471068093
51.5148089913009 -0.122932678639744
51.5147873027757 -0.123324528710208
51.5147773714984 -0.12335559562408
51.5149959817497 -0.123466394531446
51.515215063768 -0.123022341559303
51.5154160387751 -0.123295122518027
51.5154186113094 -0.123298581804584
51.5154184946229 -0.12331938255245
51.5155157019708 -0.123551392116372
51.515477270567 -0.124223077276163
51.5155209738033 -0.124251941151354
51.5155595463469 -0.124319755850002
51.5159114373763 -0.124883552900551
51.5159718966875 -0.124841497819979
51.5162032566936 -0.124495927971888
51.5161892057112 -0.124438037815579
51.5162219250338 -0.124010547582169
51.5162354089983 -0.123645166651522
51.5162357097693 -0.123619010341896
51.5162512006496 -0.123558955654123
51.516224972987 -0.123481720522402
51.5161411770681 -0.123183321201564
51.516153615579 -0.123117925505394
51.5162162286913 -0.123053200450315
51.5162952749187 -0.123049119195521
51.5167144818523 -0.122987678839041
51.516711132014 -0.122935646938729
51.516787375566 -0.122621633376889
51.5169175346343 -0.122384785218093
51.5169740582391 -0.122265405276837
51.5169425415401 -0.121998246390129
51.5170064277166 -0.121810944124604
51.5170953957727 -0.121814533476075
51.5171953623823 -0.121657238205506
51.5172236888829 -0.121393914605008
51.5171925010209 -0.121321399031409
51.517161475546 -0.121298313723664
51.5172104748291 -0.120872043326868
51.5174924899014 -0.120849622007106
51.517604545657 -0.120582849559578
51.5176392194853 -0.120564309318171
51.5176850433514 -0.119934472660757
51.517676790545 -0.119890722875685
51.5175307564508 -0.119894003077145
51.5173856341236 -0.119926123622421
51.5173373476815 -0.119549728371409
51.5173483274428 -0.119516833086301
51.5173440279491 -0.119495381454942
51.5172380146574 -0.119252919620348
51.5171711286871 -0.11920802050979
51.5170456944573 -0.119088763816383
51.5168243737288 -0.119448333684884
51.5167536688599 -0.119552138907683
51.5167298658536 -0.119570231832612
51.5166703328245 -0.119322293418283
51.5166980367599 -0.119216694214083
51.5167604962655 -0.118800566607271
51.5165985984875 -0.119070342465783
51.5166666097345 -0.119314365834268
51.5164095586567 -0.119155611490731
51.5163921944551 -0.118868861011997
51.5162294613152 -0.119008067854696
51.5160956035178 -0.118879297765161
51.5158503001526 -0.119234501325851
51.5158080658859 -0.119202016476212
51.5158545679571 -0.118956845313964
51.5160872324638 -0.118553557144541
51.516089280539 -0.117644616264778
51.5160324823423 -0.117808217855282
51.5158905837048 -0.118136467435442
51.5155541382937 -0.11847011731189
51.5155608239527 -0.118483388943898
51.5158438038398 -0.118246535484992
51.5156487634229 -0.118731100592428
51.5155308402758 -0.119052177437492
51.5153200729702 -0.118937391434737
51.5152301273049 -0.118715907211501
51.5151280327736 -0.118476861788604
51.514917537282 -0.118485535457498
51.5148573731754 -0.118237634215999
51.5148164622634 -0.118041107548544
51.5147374000427 -0.1177192408857
51.5146223544947 -0.11804019531245
51.5142027516502 -0.118088028595725
51.5141842215392 -0.118053737174812
51.5141283669049 -0.117883972267399
51.5141266041688 -0.117852554779906
51.5141583692511 -0.117736811398656
51.5141179748649 -0.117348474094963
51.5138430889198 -0.117058929836068
51.5137883704582 -0.116836835387456
51.5131300988607 -0.117299962578241
51.5131208117748 -0.117281451804793
51.5131123556187 -0.117146692898743
51.5132087261915 -0.116855392341406
51.5137581000161 -0.116698458744602
51.5138143782766 -0.116396210885712
51.5138659025745 -0.116340968468731
51.5138683128186 -0.116132797569
51.5139154827008 -0.11528050253141
51.5139579128423 -0.115179646751142
51.5131311105421 -0.11495615415164
51.5130127254397 -0.114917787775613
51.5169401499656 -0.120900281617037
51.5171104495786 -0.120806758375283
51.5170841361089 -0.121133933913988
51.5169351039129 -0.120921998968748
51.5169401499656 -0.120900281617037
51.5121074529384 -0.119634504878325
51.5119459473568 -0.119721361951202
51.5119935602391 -0.11952298355383
51.5121004673738 -0.11919882201396
51.5121074529384 -0.119634504878325
51.5130011151314 -0.120771367990438
51.5130760096343 -0.120917771427184
51.5131416000115 -0.121196100894792
51.5132618916734 -0.121224542425495
51.5135511030405 -0.121236052586943
51.5135847514113 -0.121327473834704
51.5133270758775 -0.121505623216169
51.5129757120508 -0.122070368132376
51.5129129706645 -0.122317970633185
51.5127870849069 -0.122282626811654
51.512743222767 -0.122052955274291
51.5129580727568 -0.120789418688179
51.5129747657031 -0.120765203852685
51.5130011151314 -0.120771367990438
