176 4
51.5132205687487 -0.124197781796503
51.5133363965938 -0.124132658888598
51.5135242149735 -0.124324932659671
51.5136701604582 -0.124203673267802
51.5134380614905 -0.123716027604666
51.5134847119035 -0.123653745672637
51.5137266522259 -0.123643804201021
51.5138588812924 -0.123451926585892
51.513873481585 -0.123448593492814
51.5141461863593 -0.12377700462011
51.5141468152424 -0.123776978780195
51.5142997635612 -0.123424777009893
51.5144444459947 -0.123168453121819
51.5146396230906 -0.123421623535697
51.5147374158731 -0.123392412090479
51.5147773714984 -0.12335559562408
51.5147873027757 -0.123324528710208
51.5148089913009 -0.122932678639744
51.5151491180912 -0.122766471068093
51.5151503498969 -0.122736712095506
51.5150207800266 -0.12258351586225
51.5148419506615 -0.122475601032756
51.5147221624365 -0.122697632929548
51.5146121424002 -0.122575124855
51.5145237096225 -0.12229047512339
51.5146712748286 -0.122113288763555
51.5144473272001 -0.121697319615821
51.5143451391336 -0.122125750586809
51.514296905811 -0.122111573152066
51.5141488033226 -0.122333816968515
51.5141426219377 -0.122329555581641
51.5140550501265 -0.122250331710171
51.5140018469782 -0.122279494008617
51.513988176508 -0.122638567167567
51.5138583571447 -0.122643904450209
51.5138366829163 -0.122705161132047
51.5137256998852 -0.122662904942143
51.5135486520952 -0.122099090837387
51.5134426945341 -0.122185440203092
51.5129469387803 -0.122350796251599
51.5129932765819 -0.122549828583689
51.5130211290973 -0.122902671408762
51.5129912894461 -0.123279512339169
51.5128240291763 -0.123602466824546
51.512719776169 -0.123643705805468
51.5126924674438 -0.123616903580357
51.5126490741567 -0.12236031074794
51.5126290045416 -0.122370166792172
51.5121849709366 -0.121493072979642
51.5122815582241 -0.121354945369903
51.5126033856286 -0.121505686475571
51.5126090922159 -0.121233338528666
51.5125008562783 -0.121009050654243
51.512562127052 -0.120810109166412
51.5125720286065 -0.120681844242254
51.5124024315186 -0.120606001962976
51.5124199255136 -0.120474691944992
51.5125481131414 -0.120244120727387
51.5124945491911 -0.120082463944081
51.5127270851836 -0.119951330967613
51.5128321491311 -0.119854201292948
51.5129084605036 -0.120010407059752
51.5131844954875 -0.119973851211104
51.5132015738938 -0.119984912084482
51.5133455941581 -0.119295242539051
51.5133356521898 -0.119269509702465
51.5132387064275 -0.119188896698393
51.5129528377862 -0.119245706583576
51.512950053258 -0.119268279692452
51.512815501499 -0.119600833978533
51.5127939514261 -0.119658520787458
51.5124119179237 -0.119677816338512
51.5124074457488 -0.119696062070463
51.5123887961552 -0.119856175877279
51.5121167210125 -0.119932256349839
51.5119212037995 -0.1198826756153
51.5119000794603 -0.119804289107766
51.5116053954562 -0.119529936837578
51.5115045184863 -0.119933101297345
51.5114018602115 -0.120286906649701
51.5113742947726 -0.120311449505085
51.5113821641721 -0.120909164483937
51.5113141749725 -0.121025438362421
51.5112772111384 -0.121091836727828
51.5111704961282 -0.121265550060359
51.511068032143 -0.121294955752655
51.5109503879272 -0.121757380511998
51.5109487665291 -0.121762794204881
51.5109294199523 -0.12176727338324
51.5107088071124 -0.121767316208556
51.5106094963567 -0.122072256668904
51.5106070002496 -0.12211287744251
51.510659547137 -0.122222409058962
51.5106962225006 -0.122356951939337
51.5106950787902 -0.122364128266125
51.5106950798054 -0.12245966089176
51.5106814324499 -0.122494442612931
51.5106800823235 -0.122522421214742
51.5106542162213 -0.122771108841136
51.5105767526712 -0.122857230354768
51.5104287147529 -0.12290383317005
51.5104144205487 -0.122965613501707
51.5103029640902 -0.123079153020092
51.5102699754984 -0.123298544604321
51.5104409377033 -0.123510387533017
51.5104612441867 -0.123599619553707
51.5102327036013 -0.123682915897669
51.5101552188993 -0.123514879283889
51.5100109335519 -0.12368929437324
51.5099431155043 -0.123861398770887
51.510136944166 -0.123996614543649
51.5101426517711 -0.124016223071403
51.509979289084 -0.124189518968755
51.5098956922339 -0.124240718052214
51.5099020349984 -0.124434965278075
51.5099060601369 -0.124439315120437
51.5099389771476 -0.124428932990595
51.5102402964946 -0.124309382173868
51.5103527516961 -0.124415623305599
51.5103429198663 -0.124638459582284
51.5104806040502 -0.124905737823189
51.5105115747526 -0.125172883321941
51.5099969830539 -0.125076851957106
51.5099713468784 -0.125104044779124
51.5099348444301 -0.125193826365196
51.5100181366843 -0.125337268521433
51.5105308455462 -0.125264891605207
51.510575026142 -0.125363006732589
51.5107415817755 -0.125299373011273
51.5108256409408 -0.125254572294703
51.5109653661839 -0.125464023707519
51.5111144413892 -0.125482263272573
51.5113270696186 -0.125235770049713
51.5113623984697 -0.125246914994967
51.5113783015092 -0.12526883859663
51.5112588353975 -0.125696990926024
51.5112354223215 -0.125964590842457
51.5112315262537 -0.125968315414835
51.5112899424577 -0.126119081358057
51.5112580302925 -0.126445609722638
51.5112505410963 -0.126629617499313
51.5113524852601 -0.126595729712141
51.5114299778721 -0.126696996672441
51.511479246197 -0.126776013418938
51.5115221331222 -0.12699586064857
51.5114951271093 -0.127235685163893
51.5116912203621 -0.12736096435959
51.5118895888715 -0.127262760764529
51.5119119050706 -0.127207780309086
51.5118944789909 -0.12697785606171
51.5119918189901 -0.12672884642018
51.5121230046842 -0.126561387253596
51.5121369867454 -0.126519343574894
51.5123103128885 -0.126226694178684
51.5124073963859 -0.126299353470787
51.5125625478389 -0.126613581432586
51.5125906155412 -0.126603517985466
51.5127961767861 -0.126516659014582
51.5129434057157 -0.126267378764171
51.5129525548337 -0.126198558689483
51.5128934779963 -0.126073956346308
51.5126607237027 -0.126006151438167
51.5126960465164 -0.125842503181919
51.5125460304384 -0.1255009736658
51.5125617956374 -0.12545802428088
51.5126381684608 -0.125348539284058
51.5127821142312 -0.125540833635701
51.5128192361064 -0.125534794424846
51.5129911121226 -0.125280934160927
51.5131350246053 -0.125178656429058
51.5131476275497 -0.125140351671703
51.5131471549226 -0.125127656473126
51.51336944573 -0.124872673233347
51.5133729523023 -0.124777109826536
51.5131584866037 -0.124368830263176
51.5132205687487 -0.124197781796503
30 8
51.5105253422394 -0.117954993750266
51.5104411699022 -0.118171865305072
51.5100520528585 -0.118500514782506
51.5099495600881 -0.118578524408042
51.5095338022317 -0.118860498905753
51.509752312608 -0.118919938443029
51.5101949168944 -0.119067462549539
51.5102739022594 -0.119087617127924
51.5102850926447 -0.11907907643642
51.5103327944006 -0.119132957588299
51.5105042043616 -0.119333003566697
51.5105370071318 -0.119337950259825
51.5107090826913 -0.119377679852874
51.5108006777893 -0.119096577301238
51.5108572459379 -0.118946551475083
51.5108778798149 -0.118893419781455
51.5109471566463 -0.11894724451019
51.511052001564 -0.119015883107691
51.5112502637744 -0.118681666034495
51.5108407537397 -0.11794651050405
51.5108008654494 -0.117970611728871
51.5105396497952 -0.117916618921931
51.5105253422394 -0.117954993750266
51.5103484252874 -0.118706222171184
51.510338620857 -0.118778750313966
51.5102979407429 -0.119000125586004
51.5100925761136 -0.118740169152972
51.5101008846163 -0.118720102741894
51.5101045242606 -0.118717219946802
51.5103484252874 -0.118706222171184
14 4
51.5130760096343 -0.120917771427184
51.5130011151314 -0.120771367990438
51.5129747657031 -0.120765203852685
51.5129580727568 -0.120789418688179
51.512743222767 -0.122052955274291
51.5127870849069 -0.122282626811654
51.5129129706645 -0.122317970633185
51.5129757120508 -0.122070368132376
51.5133270758775 -0.121505623216169
51.5135847514113 -0.121327473834704
51.5135511030405 -0.121236052586943
51.5132618916734 -0.121224542425495
51.5131416000115 -0.121196100894792
51.5130760096343 -0.120917771427184
11 4
51.5095146846409 -0.123542979624135
51.5095132816215 -0.123562048250844
51.5098021403135 -0.123961770306896
51.5098842068882 -0.123938556286849
51.5098945060779 -0.123919240889627
51.509933875227 -0.123862610104274
51.509838558127 -0.123602627711063
51.5096846036082 -0.123419911911457
51.5096480995727 -0.123442086357323
51.5095154935223 -0.123520489667235
51.5095146846409 -0.123542979624135
5 4
51.5121452310781 -0.126641514373097
51.5122453963819 -0.12709856781435
51.512405105513 -0.127112812206307
51.5124730642101 -0.127073070043625
51.5121452310781 -0.126641514373097
5 4
51.5121074529384 -0.119634504878325
51.5121004673738 -0.11919882201396
51.5119935602391 -0.11952298355383
51.5119459473568 -0.119721361951202
51.5121074529384 -0.119634504878325
