51.5159899410468 -0.125919901656834
51.5159257350038 -0.125716238876097
51.5155116448738 -0.126007981238709
51.515431362868 -0.125889708954301
51.5154646062605 -0.125770342251486
51.5156073534974 -0.125296988103878
51.5157792233712 -0.125211500487098
51.5158610353753 -0.125003626045794
51.5159114373763 -0.124883552900551
51.5155595463469 -0.124319755850002
51.5155209738033 -0.124251941151354
51.515477270567 -0.124223077276163
51.5155157019708 -0.123551392116372
51.5154184946229 -0.12331938255245
51.5154186113094 -0.123298581804584
51.5154160387751 -0.123295122518027
51.515215063768 -0.123022341559303
51.5149959817497 -0.123466394531446
51.5147773714984 -0.12335559562408
51.5147374158731 -0.123392412090479
51.5146396230906 -0.123421623535697
51.5144444459947 -0.123168453121819
51.5142997635612 -0.123424777009893
51.5141468152424 -0.123776978780195
51.5141461863593 -0.12377700462011
51.513873481585 -0.123448593492814
51.5138588812924 -0.123451926585892
51.5137266522259 -0.123643804201021
51.5134847119035 -0.123653745672637
51.5134380614905 -0.123716027604666
51.5136701604582 -0.124203673267802
51.5135242149735 -0.124324932659671
51.5133363965938 -0.124132658888598
51.5132205687487 -0.124197781796503
51.5131584866037 -0.124368830263176
51.5133729523023 -0.124777109826536
51.51336944573 -0.124872673233347
51.5131471549226 -0.125127656473126
51.5131476275497 -0.125140351671703
51.5131350246053 -0.125178656429058
51.5129911121226 -0.125280934160927
51.5128192361064 -0.125534794424846
51.5127821142312 -0.125540833635701
51.5126381684608 -0.125348539284058
51.5125617956374 -0.12545802428088
51.5125460304384 -0.1255009736658
51.5126960465164 -0.125842503181919
51.5126607237027 -0.126006151438167
51.5128934779963 -0.126073956346308
51.5129525548337 -0.126198558689483
51.5129434057157 -0.126267378764171
51.5127961767861 -0.126516659014582
51.5125906155412 -0.126603517985466
51.5125625478389 -0.126613581432586
51.5124073963859 -0.126299353470787
51.5123103128885 -0.126226694178684
51.5121369867454 -0.126519343574894
51.5121230046842 -0.126561387253596
51.5119918189901 -0.12672884642018
51.5118944789909 -0.12697785606171
51.5119119050706 -0.127207780309086
51.5118895888715 -0.127262760764529
51.5116912203621 -0.12736096435959
51.5116569319782 -0.127606435210824
51.5115701552412 -0.127796427868284
51.511405520737 -0.127693265572871
51.5113695457451 -0.128064043621029
51.5111860675971 -0.12801940118519
51.5111165249329 -0.127897963234604
51.5110289934895 -0.127984370760963
51.5108519102332 -0.128002442485707
51.5108375429352 -0.127992218613914
51.5107124846622 -0.127997344898104
51.5106872204294 -0.128025353011596
51.5105638115441 -0.128004270883111
51.5104340615779 -0.127861894942402
51.5104295081319 -0.127863863918672
51.5103593034924 -0.127858662036169
51.5102676947765 -0.127819166718327
51.5102595522507 -0.127815935899833
51.510163426855 -0.127859562450905
51.5100094304833 -0.127566805644156
51.5099546242036 -0.12755194262644
51.5099154972567 -0.127556279667362
51.5098131698691 -0.127335312353905
51.5097887820666 -0.127328113824438
51.509736552508 -0.127356395672888
51.509430069007 -0.127603153473295
51.5094637651315 -0.12788372816115
51.5086544667539 -0.128665325894835
51.5087365530253 -0.129054651164698
51.5087260999239 -0.129165816350872
51.5087397790899 -0.129239991616522
51.5084705712198 -0.130573200967653
51.5087663126943 -0.130605295559504
51.5089870777689 -0.13029897884175
51.5090493378094 -0.130403603256324
51.5089216205996 -0.130873643485684
51.5089364723769 -0.130959415643228
51.508925881742 -0.130988721577177
51.5089151936205 -0.131006268607594
51.5089411413141 -0.13134835033505
51.5087912860709 -0.131484229393342
51.5089689141526 -0.131776856615316
51.5091251870554 -0.131524630743478
51.5092317203317 -0.1314796366272
51.5092405322819 -0.131468463688156
51.509271831846 -0.131441162018632
51.5093014426922 -0.131234514281242
51.5094438144775 -0.130967525987575
51.5095400878783 -0.130950040759667
51.5095460788344 -0.130948013303203
51.5097663263457 -0.131128159826085
51.5098872538187 -0.13107817874793
51.5097224067906 -0.130662522858303
51.5097341114925 -0.130646716107584
51.5097677883524 -0.130621930281774
51.5099762656654 -0.130847590497973
51.5098999677065 -0.131074925617405
51.5098987099341 -0.131074977088432
51.5098466332482 -0.131502243933465
51.509831360294 -0.131502868794466
51.5098322558779 -0.131508297843213
51.5098464384812 -0.131523877028675
51.509929715531 -0.131655567829548
51.5100572487059 -0.131495409284826
51.5100727124117 -0.131393898459381
51.5104459463055 -0.131330029427987
51.5105354939106 -0.131296660053242
51.5105961456136 -0.131215756195431
51.5107377976334 -0.131292897275365
51.5107540674617 -0.131320986394733
51.5108414613014 -0.131434568846589
51.5109271555493 -0.131514832228036
51.5111589259732 -0.131447720397769
51.5112728209112 -0.131582677383187
51.5112885156689 -0.131597244619898
51.5112906359291 -0.131606188432107
51.5114673786667 -0.13177552922176
51.5114485564281 -0.131649276856063
51.5113507743835 -0.131555129269987
51.5113532464207 -0.1315522951932
51.5114084747994 -0.131497753257687
51.5114412418575 -0.13140456199249
51.5114582600024 -0.131265198539706
51.5113396692639 -0.130970973141125
51.5113403745832 -0.130947536089425
51.5116155659991 -0.130987605127495
51.5116753867232 -0.130854569112951
51.5116943055723 -0.130670924323879
51.511684372191 -0.130594808166088
51.5116594502336 -0.130497679641729
51.5116757365269 -0.130459108013734
51.5117036124677 -0.130358035637102
51.5117182619188 -0.130261901165096
51.5118126232761 -0.130197793700531
51.511890671131 -0.129990100724485
51.5118929992425 -0.129978241742279
51.5119334602877 -0.129950443423614
51.5120061998211 -0.129928571553942
51.5120286973353 -0.129896161619624
51.5121136844804 -0.129655743611793
51.5123321448733 -0.129847730687828
51.5123765887816 -0.1297990931406
51.5125160743625 -0.129672653051215
51.5125172826918 -0.129658225572237
51.512523683353 -0.12947330722777
51.5126507474349 -0.12907538020801
51.5126749635765 -0.129066189018333
51.5127910316552 -0.129247041536298
51.5129900967649 -0.129271326385022
51.5130825440748 -0.129504363013075
51.5133565232247 -0.129304915912224
51.5133594925813 -0.129299446983697
51.5133664130363 -0.12929369736318
51.5134082568286 -0.12932442339781
51.5135390360199 -0.129666759610111
51.5135635941059 -0.129684647569134
51.5136723235097 -0.129647753773567
51.5137096882049 -0.129617466613302
51.5137802446064 -0.129481249755654
51.5138404878262 -0.129515738077777
51.5140492172529 -0.12946393373174
51.5140507881034 -0.129466602481933
51.5139497664554 -0.129766984108171
51.5139337733617 -0.129902867728422
51.5139406658919 -0.129979943821782
51.513958920993 -0.130064872740469
51.5140994813534 -0.13007349518981
51.5141850769593 -0.130339260350862
51.5144878691834 -0.130091813802803
51.5144899565178 -0.130104324462946
51.5146145375457 -0.130464036462024
51.5147339150465 -0.130531161072192
51.5147403882493 -0.130525548604065
51.5147955419616 -0.130297152692929
51.5148146110828 -0.130111706430363
51.5150275159582 -0.130389493860667
51.5152065274061 -0.130204746014353
51.5152798676906 -0.130265675225083
51.5152034776213 -0.130757921273504
51.5150148584941 -0.130785487841015
51.5149615227423 -0.130936212085235
51.5149764678546 -0.130977072966249
51.5152120243032 -0.131170160811385
51.5153211842049 -0.130968429248561
51.5156349199672 -0.131001457186635
51.5156630341899 -0.130966082057635
51.5157928752727 -0.130888753290765
51.5159125229463 -0.129963239270892
51.5159044190094 -0.129945508225659
51.5159426052962 -0.129741211286275
51.5159949793305 -0.129440076108273
51.5160373639953 -0.129380704494213
51.5162519919917 -0.129264721290847
51.5163116012205 -0.128712780191383
51.5161821889821 -0.128580234283444
51.5161066848884 -0.128417553074884
51.5160262771736 -0.128020848602727
51.5160700026473 -0.127949774752927
51.5161704137452 -0.12738617846004
51.51619529609 -0.127368045593247
51.5165748471003 -0.127705662378038
51.516675731358 -0.127419524776934
51.5163905859464 -0.127217788877544
51.5163914255713 -0.127214070508047
51.5166376135933 -0.126783289211925
51.5167031733302 -0.126818508629211
51.5168294983697 -0.126616887430143
51.5169595257467 -0.126523255733603
51.5170039976651 -0.126498970536368
51.5170474404894 -0.126511567361651
51.5170264991777 -0.125932258774394
51.5170230327679 -0.125923488193976
51.5170220813982 -0.125706409945197
51.5169157376719 -0.125622478857905
51.5167242360797 -0.125891544928015
51.5166669099365 -0.125814633507018
51.5166527050868 -0.125555794998507
51.5166113139803 -0.125519704045061
51.5165561501219 -0.125386851137581
51.5164227692519 -0.125411222333673
51.5163660818108 -0.125363044206268
51.5162623666387 -0.125291722627857
51.5161876437038 -0.125830740901947
51.5159899410468 -0.125919901656834
51.5124730642101 -0.127073070043625
51.512405105513 -0.127112812206307
51.5122453963819 -0.12709856781435
51.5121452310781 -0.126641514373097
51.5124730642101 -0.127073070043625
