152 8
51.5066955985913 -0.121823400498871
51.5064748506237 -0.122612351395894
51.5063235377401 -0.123010407247467
51.5059674732966 -0.121995674355861
51.5049939621502 -0.122417545000003
51.5048286649713 -0.122447387936156
51.5050502388542 -0.122642153177285
51.5055838600664 -0.123095692269452
51.5062787620185 -0.123139255374915
51.506503927469 -0.123631622254206
51.506516441218 -0.123846274591754
51.5063796301638 -0.124156405420242
51.5061993321897 -0.124586179525659
51.5065397963552 -0.125014414297145
51.5065379526045 -0.125292745022117
51.5070082749672 -0.125948887456678
51.5070680127651 -0.125934792785411
51.5071660876605 -0.126249542569199
51.5072203841473 -0.126446326240281
51.5071068152591 -0.126714866969335
51.5072118966518 -0.127006875768194
51.5071756864932 -0.127261431264333
51.5072727855691 -0.127599749507448
51.5073363781064 -0.127663796586452
51.5070463398817 -0.128079172165414
51.5069174631118 -0.128284414273627
51.5069415180774 -0.128360893856699
51.5069883720996 -0.128553469111593
51.507017492022 -0.128778375313859
51.5070164091 -0.128851370279154
51.5077073538502 -0.128742864530609
51.5078400045121 -0.128295203326748
51.5079362088246 -0.128070622394622
51.5079842950673 -0.127968609682897
51.508364565196 -0.128126018615571
51.5086544667539 -0.128665325894835
51.5094637651315 -0.12788372816115
51.509430069007 -0.127603153473295
51.509736552508 -0.127356395672888
51.5097887820666 -0.127328113824438
51.5098131698691 -0.127335312353905
51.5099154972567 -0.127556279667362
51.5099546242036 -0.12755194262644
51.5100094304833 -0.127566805644156
51.510163426855 -0.127859562450905
51.5102595522507 -0.127815935899833
51.5102676947765 -0.127819166718327
51.5103593034924 -0.127858662036169
51.5104295081319 -0.127863863918672
51.5104340615779 -0.127861894942402
51.5105638115441 -0.128004270883111
51.5106872204294 -0.128025353011596
51.5107124846622 -0.127997344898104
51.5108375429352 -0.127992218613914
51.5108519102332 -0.128002442485707
51.5110289934895 -0.127984370760963
51.5111165249329 -0.127897963234604
51.5111860675971 -0.12801940118519
51.5113695457451 -0.128064043621029
51.511405520737 -0.127693265572871
51.5115701552412 -0.127796427868284
51.5116569319782 -0.127606435210824
51.5116912203621 -0.12736096435959
51.5114951271093 -0.127235685163893
51.5115221331222 -0.12699586064857
51.511479246197 -0.126776013418938
51.5114299778721 -0.126696996672441
51.5113524852601 -0.126595729712141
51.5112505410963 -0.126629617499313
51.5112580302925 -0.126445609722638
51.5112899424577 -0.126119081358057
51.5112315262537 -0.125968315414835
51.5112354223215 -0.125964590842457
51.5112588353975 -0.125696990926024
51.5113783015092 -0.12526883859663
51.5113623984697 -0.125246914994967
51.5113270696186 -0.125235770049713
51.5111144413892 -0.125482263272573
51.5109653661839 -0.125464023707519
51.5108256409408 -0.125254572294703
51.5107415817755 -0.125299373011273
51.510575026142 -0.125363006732589
51.5105308455462 -0.125264891605207
51.5100181366843 -0.125337268521433
51.5099348444301 -0.125193826365196
51.5099713468784 -0.125104044779124
51.5099969830539 -0.125076851957106
51.5105115747526 -0.125172883321941
51.5104806040502 -0.124905737823189
51.5103429198663 -0.124638459582284
51.5103527516961 -0.124415623305599
51.5102402964946 -0.124309382173868
51.5099389771476 -0.124428932990595
51.5099060601369 -0.124439315120437
51.5099020349984 -0.124434965278075
51.5093505121653 -0.124469377798995
51.5093549954634 -0.124389941942989
51.5093814214044 -0.124322199626896
51.5095132816215 -0.123562048250844
51.5095146846409 -0.123542979624135
51.5095154935223 -0.123520489667235
51.5096480995727 -0.123442086357323
51.5096846036082 -0.123419911911457
51.5097731111848 -0.123226164243638
51.5098095927846 -0.122977877146041
51.509836665904 -0.122950624162227
51.509930615962 -0.122866678277026
51.5099916441562 -0.122534444678785
51.5097809884468 -0.122297267388131
51.5098504144248 -0.121894466420908
51.5098372399245 -0.121627545502794
51.5098382742194 -0.121602313227435
51.5096219275857 -0.121604914078674
51.5095251458818 -0.121500769640392
51.5095210155825 -0.121495473866947
51.5094869221757 -0.121449229930691
51.5094605792962 -0.121409796366427
51.5094196760053 -0.121353733109041
51.5087205979571 -0.120482809544306
51.5087161846431 -0.12042619682778
51.5085714946737 -0.119935618343134
51.5077424618734 -0.120727896855899
51.5073735874543 -0.12108038477559
51.5066440895335 -0.121688885699725
51.5066955985913 -0.121823400498871
51.5081653719282 -0.126162684033479
51.5083932692161 -0.126354132413171
51.5084458625616 -0.126365519843391
51.5088296507858 -0.126253414923843
51.5088427386018 -0.126363615275327
51.5088587048198 -0.126490807242608
51.5088362211314 -0.126754789996165
51.5082764627861 -0.126605703735609
51.5080165562129 -0.126565868240624
51.5081182582451 -0.126218558977657
51.5081653719282 -0.126162684033479
51.5086047239137 -0.125595252053125
51.5086032631014 -0.125582598668906
51.5087487208565 -0.125110154911643
51.509235161182 -0.124699274728863
51.5092939567124 -0.124682483531388
51.5093303000879 -0.12476832254455
51.5094530596425 -0.125029910661913
51.5093863829803 -0.125515406663823
51.509131547106 -0.125460991517251
51.5092132802588 -0.125146928222511
51.5091133411585 -0.125435598903194
51.5091295377043 -0.125464638519771
51.5091260376725 -0.125481891909264
51.5091107028734 -0.125439271717713
51.5087370534904 -0.125848247209998
51.5086047239137 -0.125595252053125
10 4
51.5098945060779 -0.123919240889627
51.5098842068882 -0.123938556286849
51.5098864037621 -0.124154598885848
51.5098956922339 -0.124240718052214
51.509979289084 -0.124189518968755
51.5101426517711 -0.124016223071403
51.510136944166 -0.123996614543649
51.5099431155043 -0.123861398770887
51.509933875227 -0.123862610104274
51.5098945060779 -0.123919240889627
