149 8
51.5111915052993 -0.112026070421098
51.5110460039854 -0.111481698455794
51.5107554737279 -0.11093061507568
51.5107455070326 -0.111545456056012
51.5107462029469 -0.111588678495838
51.5106272775792 -0.112354530348393
51.5106307253685 -0.113211329978161
51.510631571731 -0.113409251962215
51.5104560184988 -0.11460697405844
51.5103722425989 -0.115178159401644
51.5102539081548 -0.115685654712766
51.5101774528997 -0.116013307988479
51.5101020940792 -0.116336518575947
51.509774902327 -0.117739131438815
51.5096993832988 -0.117963009986515
51.5095431935361 -0.118425948244421
51.5092632785304 -0.118893147626769
51.5091037503572 -0.119159334838097
51.5087286581382 -0.119785380612483
51.5085714946737 -0.119935618343134
51.5087161846431 -0.12042619682778
51.5087205979571 -0.120482809544306
51.5094196760053 -0.121353733109041
51.5094605792962 -0.121409796366427
51.5094869221757 -0.121449229930691
51.5095210155825 -0.121495473866947
51.5095251458818 -0.121500769640392
51.5096219275857 -0.121604914078674
51.5098382742194 -0.121602313227435
51.5098372399245 -0.121627545502794
51.5098504144248 -0.121894466420908
51.5097809884468 -0.122297267388131
51.5099916441562 -0.122534444678785
51.509930615962 -0.122866678277026
51.509836665904 -0.122950624162227
51.5098095927846 -0.122977877146041
51.5097731111848 -0.123226164243638
51.5096846036082 -0.123419911911457
51.509838558127 -0.123602627711063
51.509933875227 -0.123862610104274
51.5099431155043 -0.123861398770887
51.5100109335519 -0.12368929437324
51.5101552188993 -0.123514879283889
51.5102327036013 -0.123682915897669
51.5104612441867 -0.123599619553707
51.5104409377033 -0.123510387533017
51.5102699754984 -0.123298544604321
51.5103029640902 -0.123079153020092
51.5104144205487 -0.122965613501707
51.5104287147529 -0.12290383317005
51.5105767526712 -0.122857230354768
51.5106542162213 -0.122771108841136
51.5106800823235 -0.122522421214742
51.5106814324499 -0.122494442612931
51.5106950798054 -0.12245966089176
51.5106950787902 -0.122364128266125
51.5106962225006 -0.122356951939337
51.510659547137 -0.122222409058962
51.5106070002496 -0.12211287744251
51.5106094963567 -0.122072256668904
51.5107088071124 -0.121767316208556
51.5109294199523 -0.12176727338324
51.5109487665291 -0.121762794204881
51.5109503879272 -0.121757380511998
51.511068032143 -0.121294955752655
51.5111704961282 -0.121265550060359
51.5112772111384 -0.121091836727828
51.5113141749725 -0.121025438362421
51.5113821641721 -0.120909164483937
51.5113742947726 -0.120311449505085
51.5114018602115 -0.120286906649701
51.5115045184863 -0.119933101297345
51.5116053954562 -0.119529936837578
51.5115398812033 -0.119194936845107
51.5115858419099 -0.119056158586142
51.5116069297314 -0.119020118065998
51.5116077097285 -0.11901830357632
51.5116312559334 -0.118978597033808
51.5121479609528 -0.118998664912862
51.5123238708709 -0.118913112736339
51.5123518033735 -0.118849816079208
51.5122406961743 -0.118306724855159
51.5119444312913 -0.117967685712438
51.511897286259 -0.117421964589545
51.5123067877373 -0.117310497381355
51.5124696863448 -0.116599378357005
51.5125073695211 -0.116398789726529
51.512497016495 -0.116358696926998
51.5125952319247 -0.116059242307746
51.5125807852384 -0.115764316222583
51.512633798713 -0.115510809937969
51.5127430720111 -0.11527304275928
51.5128417836225 -0.115043790660864
51.5129837177694 -0.114874900129153
51.5130127254397 -0.114917787775613
51.5131311105421 -0.11495615415164
51.5139579128423 -0.115179646751142
51.514067362206 -0.115053565300567
51.5131096738097 -0.114522959909822
51.5136828511264 -0.113990345786123
51.5136440842233 -0.113312717310539
51.5136846972117 -0.113166067119991
51.5137814082699 -0.113025060081663
51.5140321075711 -0.112738181465664
51.5139904209801 -0.112549894487655
51.5139298012589 -0.112151585556308
51.5138140818549 -0.111915857805515
51.5133215798386 -0.111936221526343
51.51331157131 -0.111973472244341
51.5132431400836 -0.112067324246488
51.5131295863324 -0.112066671716857
51.5130209999199 -0.112374647625412
51.5129169943347 -0.112269031284478
51.5128055985082 -0.112318671837301
51.5128033286449 -0.112557489849779
51.5125975664932 -0.112592136367968
51.5125647363408 -0.112110700208704
51.5125105725208 -0.112040930516909
51.5123510131547 -0.112633815640692
51.5122546823566 -0.112541429162795
51.5121644319359 -0.112447009356953
51.5121491881356 -0.112365649734948
51.5120972590129 -0.112289490235828
51.5118554100397 -0.112299487557995
51.5116815760861 -0.112044546515276
51.5111915052993 -0.112026070421098
51.5095338022317 -0.118860498905753
51.5099495600881 -0.118578524408042
51.5100520528585 -0.118500514782506
51.5104411699022 -0.118171865305072
51.5105253422394 -0.117954993750266
51.5105396497952 -0.117916618921931
51.5108008654494 -0.117970611728871
51.5108407537397 -0.11794651050405
51.5112502637744 -0.118681666034495
51.511052001564 -0.119015883107691
51.5109471566463 -0.11894724451019
51.5108778798149 -0.118893419781455
51.5108572459379 -0.118946551475083
51.5108006777893 -0.119096577301238
51.5107090826913 -0.119377679852874
51.5105370071318 -0.119337950259825
51.5105042043616 -0.119333003566697
51.5103327944006 -0.119132957588299
51.5102850926447 -0.11907907643642
51.5102739022594 -0.119087617127924
51.5101949168944 -0.119067462549539
51.509752312608 -0.118919938443029
51.5095338022317 -0.118860498905753
16 4
51.5091107028734 -0.125439271717713
51.5091260376725 -0.125481891909264
51.5091295377043 -0.125464638519771
51.5091133411585 -0.125435598903194
51.5092132802588 -0.125146928222511
51.509131547106 -0.125460991517251
51.5093863829803 -0.125515406663823
51.5094530596425 -0.125029910661913
51.5093303000879 -0.12476832254455
51.5092939567124 -0.124682483531388
51.509235161182 -0.124699274728863
51.5087487208565 -0.125110154911643
51.5086032631014 -0.125582598668906
51.5086047239137 -0.125595252053125
51.5087370534904 -0.125848247209998
51.5091107028734 -0.125439271717713
10 4
51.5099020349984 -0.124434965278075
51.5098956922339 -0.124240718052214
51.5098864037621 -0.124154598885848
51.5098842068882 -0.123938556286849
51.5098021403135 -0.123961770306896
51.5095132816215 -0.123562048250844
51.5093814214044 -0.124322199626896
51.5093549954634 -0.124389941942989
51.5093505121653 -0.124469377798995
51.5099020349984 -0.124434965278075
11 4
51.5088587048198 -0.126490807242608
51.5088427386018 -0.126363615275327
51.5088296507858 -0.126253414923843
51.5084458625616 -0.126365519843391
51.5083932692161 -0.126354132413171
51.5081653719282 -0.126162684033479
51.5081182582451 -0.126218558977657
51.5080165562129 -0.126565868240624
51.5082764627861 -0.126605703735609
51.5088362211314 -0.126754789996165
51.5088587048198 -0.126490807242608
7 4
51.5101045242606 -0.118717219946802
51.5101008846163 -0.118720102741894
51.5100925761136 -0.118740169152972
51.5102979407429 -0.119000125586004
51.510338620857 -0.118778750313966
51.5103484252874 -0.118706222171184
51.5101045242606 -0.118717219946802
